0	23	47255	296	40.71413089	-73.9970468	498	40.74854862	-73.98808416	2
0	23	31536	509	40.7454973	-74.00197139	128	40.72710258	-74.00297088	1
0	23	7943	500	40.76228826	-73.98336183	508	40.76341379	-73.99667444	1
0	23	50392	2010	40.72165481	-74.00234737	212	40.74334935	-74.00681753	1
0	23	36776	72	40.76727216	-73.99392888	346	40.73652889	-74.00618026	1
0	23	14132	153	40.752062307	-73.9816324043	195	40.70905623	-74.01043382	1
0	23	43524	514	40.76087502	-74.00277668	423	40.76584941	-73.98690506	2
0	23	16729	2004	40.724399	-74.004704	127	40.73172428	-74.00674436	1
0	23	7830	316	40.70955958	-74.00653609	224	40.71146364	-74.00552427	1
0	23	3343	363	40.70834698	-74.01713445	417	40.71291224	-74.01020234	1
0	23	9199	466	40.74395411	-73.99144871	382	40.73492695	-73.99200509	1
0	23	10239	457	40.76695317	-73.98169333	382	40.73492695	-73.99200509	1
0	23	34192	2021	40.75929124	-73.98859651	466	40.74395411	-73.99144871	1
0	23	22823	489	40.75066386	-74.00176802	525	40.75594159	-74.0021163	1
0	23	4486	514	40.76087502	-74.00277668	212	40.74334935	-74.00681753	1
0	23	50658	514	40.76087502	-74.00277668	539	40.71534825	-73.96024116	1
0	23	18888	510	40.7606597	-73.98042047	426	40.71754834	-74.01322069	1
0	23	7473	522	40.75714758	-73.97207836	426	40.71754834	-74.01322069	1
0	23	21049	388	40.749717753	-74.002950346	388	40.749717753	-74.002950346	1
0	23	39361	362	40.75172632	-73.98753523	264	40.70706456	-74.00731853	1
0	23	26679	458	40.751396	-74.005226	525	40.75594159	-74.0021163	3
0	23	16471	417	40.71291224	-74.01020234	237	40.73047309	-73.98672378	2
0	23	14041	499	40.76915505	-73.98191841	238	40.7361967	-74.00859207	1
0	23	24315	499	40.76915505	-73.98191841	484	40.75500254	-73.98014437	1
0	23	48662	528	40.74290902	-73.97706058	2010	40.72165481	-74.00234737	1
0	23	20112	487	40.73314259	-73.97573881	487	40.73314259	-73.97573881	1
0	23	756	238	40.7361967	-74.00859207	459	40.746745	-74.007756	1
0	23	45568	284	40.7390169121	-74.0026376103	355	40.71602118	-73.99974372	2
0	23	31111	238	40.7361967	-74.00859207	379	40.749156	-73.9916	1
0	23	46735	532	40.710451	-73.960876	2008	40.70569254	-74.01677685	2
0	23	38712	539	40.71534825	-73.96024116	445	40.72740794	-73.98142006	1
0	23	26694	539	40.71534825	-73.96024116	251	40.72317958	-73.99480012	1
0	23	15662	527	40.74315566	-73.97434726	532	40.710451	-73.960876	1
0	23	370	426	40.71754834	-74.01322069	426	40.71754834	-74.01322069	2
0	23	10629	510	40.7606597	-73.98042047	458	40.751396	-74.005226	1
0	23	50683	346	40.73652889	-74.00618026	529	40.7575699	-73.99098507	2
0	23	50684	363	40.70834698	-74.01713445	157	40.69089272	-73.99612349	1
0	23	44262	3002	40.711512	-74.015756	323	40.69236178	-73.98631746	2
0	23	41011	477	40.75640548	-73.9900262	280	40.73331967	-73.99510132	2
0	23	50685	464	40.75934501	-73.96759673	297	40.734232	-73.986923	1
0	23	13299	285	40.73454567	-73.99074142	325	40.73624527	-73.98473765	1
0	23	50686	468	40.7652654	-73.98192338	377	40.72243797	-74.00566443	1
0	23	9553	252	40.73226398	-73.99852205	312	40.722055	-73.989111	1
0	23	33726	476	40.74394314	-73.97966069	482	40.73935542	-73.99931783	1
0	23	50687	151	40.7218158	-73.99720307	275	40.68650065	-73.96563307	1
0	23	5887	301	40.72217444	-73.98368779	450	40.76227205	-73.98788205	1
0	23	10538	435	40.74173969	-73.99415556	363	40.70834698	-74.01713445	1
0	23	30327	386	40.71494807	-74.00234482	387	40.71273266	-74.0046073	1
0	23	35024	403	40.72502876	-73.99069656	392	40.695065	-73.987167	2
0	23	10265	513	40.768254	-73.988639	470	40.74345335	-74.00004031	1
0	23	5149	537	40.74025878	-73.98409214	468	40.7652654	-73.98192338	1
0	23	39560	403	40.72502876	-73.99069656	532	40.710451	-73.960876	1
0	23	50693	501	40.744219	-73.97121214	309	40.7149787	-74.013012	1
0	23	45979	369	40.73224119	-74.00026394	376	40.70862144	-74.00722156	1
0	23	40713	361	40.71605866	-73.99190759	363	40.70834698	-74.01713445	1
0	23	50695	161	40.72917025	-73.99810231	508	40.76341379	-73.99667444	1
0	23	32955	298	40.68683208	-73.9796772	2002	40.716887	-73.963198	1
0	23	50696	161	40.72917025	-73.99810231	515	40.76009437	-73.99461843	1
0	23	19691	379	40.749156	-73.9916	247	40.73535398	-74.00483091	2
0	23	32774	300	40.728145	-73.990214	127	40.73172428	-74.00674436	2
0	23	12933	457	40.76695317	-73.98169333	477	40.75640548	-73.9900262	1
0	23	34468	479	40.76019252	-73.9912551	358	40.73291553	-74.00711384	1
0	23	44408	529	40.7575699	-73.99098507	358	40.73291553	-74.00711384	1
0	23	15758	128	40.72710258	-74.00297088	499	40.76915505	-73.98191841	1
0	23	50697	516	40.75206862	-73.96784384	116	40.74177603	-74.00149746	1
0	23	301	533	40.75299641	-73.98721619	358	40.73291553	-74.00711384	2
0	23	15129	520	40.75992262	-73.97648516	447	40.76370739	-73.9851615	1
0	23	35080	380	40.73401143	-74.00293877	237	40.73047309	-73.98672378	1
0	23	50698	533	40.75299641	-73.98721619	369	40.73224119	-74.00026394	1
0	23	50699	384	40.68317813	-73.9659641	251	40.72317958	-73.99480012	1
0	23	47180	361	40.71605866	-73.99190759	499	40.76915505	-73.98191841	1
0	23	34531	446	40.74487634	-73.99529885	300	40.728145	-73.990214	1
0	23	50700	487	40.73314259	-73.97573881	479	40.76019252	-73.9912551	1
0	23	5753	173	40.76064679	-73.98442659	465	40.75513557	-73.98658032	1
0	23	43739	442	40.746647	-73.993915	355	40.71602118	-73.99974372	1
0	23	4870	346	40.73652889	-74.00618026	447	40.76370739	-73.9851615	1
0	23	39728	328	40.72405549	-74.00965965	401	40.72019576	-73.98997825	1
0	23	2955	459	40.746745	-74.007756	514	40.76087502	-74.00277668	2
0	23	50702	261	40.69474881	-73.98362464	355	40.71602118	-73.99974372	1
0	23	44744	228	40.7546011026	-73.971878855	479	40.76019252	-73.9912551	2
0	23	12914	512	40.7500727	-73.99839279	512	40.7500727	-73.99839279	1
0	23	23511	225	40.74195138	-74.00803013	293	40.73028666	-73.9907647	1
0	23	38895	499	40.76915505	-73.98191841	265	40.72229346	-73.99147535	1
0	23	38620	285	40.73454567	-73.99074142	212	40.74334935	-74.00681753	1
0	23	29837	465	40.75513557	-73.98658032	480	40.76669671	-73.99061728	1
0	23	13223	391	40.69760127	-73.99344559	398	40.69165183	-73.9999786	1
0	23	9793	459	40.746745	-74.007756	212	40.74334935	-74.00681753	1
0	23	50703	266	40.72368361	-73.97574813	444	40.7423543	-73.98915076	1
0	23	12855	528	40.74290902	-73.97706058	290	40.76020258	-73.96478473	2
0	23	39757	369	40.73224119	-74.00026394	504	40.73221853	-73.98165557	1
0	23	28113	296	40.71413089	-73.9970468	393	40.72299208	-73.97995466	1
0	23	34232	479	40.76019252	-73.9912551	265	40.72229346	-73.99147535	1
0	23	13315	161	40.72917025	-73.99810231	470	40.74345335	-74.00004031	1
0	23	14139	305	40.76095756	-73.96724467	500	40.76228826	-73.98336183	1
0	23	4488	514	40.76087502	-74.00277668	417	40.71291224	-74.01020234	1
0	23	551	507	40.73912601	-73.97973776	403	40.72502876	-73.99069656	1
0	23	6573	285	40.73454567	-73.99074142	470	40.74345335	-74.00004031	1
0	23	624	529	40.7575699	-73.99098507	456	40.7597108	-73.97402311	1
0	23	50704	465	40.75513557	-73.98658032	349	40.71850211	-73.98329859	1
0	23	46428	152	40.71473993	-74.00910627	482	40.73935542	-73.99931783	1
0	23	6121	463	40.74206539	-74.00443172	293	40.73028666	-73.9907647	1
0	23	50705	116	40.74177603	-74.00149746	265	40.72229346	-73.99147535	3
0	23	12260	251	40.72317958	-73.99480012	504	40.73221853	-73.98165557	1
0	23	28068	116	40.74177603	-74.00149746	473	40.72110063	-73.9919254	1
0	23	28101	229	40.72743423	-73.99379025	253	40.73543934	-73.99453948	1
0	23	46422	489	40.75066386	-74.00176802	432	40.72621788	-73.98379855	1
0	23	25093	375	40.72679454	-73.99695094	463	40.74206539	-74.00443172	1
0	23	38344	250	40.72456089	-73.99565293	300	40.728145	-73.990214	1
0	23	40277	519	40.75188406	-73.97770164	302	40.72082834	-73.97793172	1
0	23	32086	387	40.71273266	-74.0046073	504	40.73221853	-73.98165557	1
0	23	26388	265	40.72229346	-73.99147535	403	40.72502876	-73.99069656	1
0	23	29807	538	40.75795248	-73.97787642	79	40.71911552	-74.00666661	1
0	23	50706	509	40.7454973	-74.00197139	400	40.71926081	-73.98178024	1
0	23	34916	499	40.76915505	-73.98191841	492	40.75019995	-73.99093085	1
0	23	29275	442	40.746647	-73.993915	247	40.73535398	-74.00483091	1
0	23	4684	305	40.76095756	-73.96724467	358	40.73291553	-74.00711384	1
0	23	598	518	40.74780373	-73.9734419	305	40.76095756	-73.96724467	1
0	23	9888	319	40.71336124	-74.00937622	308	40.71307916	-73.99851193	1
0	23	3042	357	40.73261787	-73.99158043	357	40.73261787	-73.99158043	1
0	23	12672	267	40.75097711	-73.98765428	2021	40.75929124	-73.98859651	1
0	23	50707	291	40.713126	-73.984844	368	40.73038599	-74.00214988	1
0	23	36247	465	40.75513557	-73.98658032	489	40.75066386	-74.00176802	1
0	23	50708	304	40.70463334	-74.01361706	236	40.7284186	-73.98713956	1
0	23	50480	480	40.76669671	-73.99061728	153	40.752062307	-73.9816324043	1
0	23	13148	525	40.75594159	-74.0021163	446	40.74487634	-73.99529885	2
0	23	50709	473	40.72110063	-73.9919254	528	40.74290902	-73.97706058	1
0	23	16551	417	40.71291224	-74.01020234	428	40.72467721	-73.98783413	1
0	23	15432	509	40.7454973	-74.00197139	479	40.76019252	-73.9912551	1
0	23	48432	2021	40.75929124	-73.98859651	412	40.7158155	-73.99422366	1
0	23	6909	398	40.69165183	-73.9999786	217	40.70277159	-73.99383605	2
0	23	7466	388	40.749717753	-74.002950346	347	40.72873888	-74.00748842	1
0	23	17778	237	40.73047309	-73.98672378	82	40.71117416	-74.00016545	1
0	23	12994	540	40.74147286	-73.98320928	504	40.73221853	-73.98165557	1
0	23	23307	494	40.74734825	-73.99723551	476	40.74394314	-73.97966069	1
0	23	28486	281	40.7643971	-73.97371465	533	40.75299641	-73.98721619	1
0	23	8400	387	40.71273266	-74.0046073	387	40.71273266	-74.0046073	4
0	23	50710	461	40.73587678	-73.98205027	481	40.71260486	-73.96264403	1
0	23	50711	447	40.76370739	-73.9851615	401	40.72019576	-73.98997825	1
0	23	31812	499	40.76915505	-73.98191841	533	40.75299641	-73.98721619	1
0	23	16305	334	40.74238787	-73.99726235	358	40.73291553	-74.00711384	1
0	23	7002	161	40.72917025	-73.99810231	428	40.72467721	-73.98783413	2
0	23	50712	357	40.73261787	-73.99158043	512	40.7500727	-73.99839279	1
0	23	41272	447	40.76370739	-73.9851615	504	40.73221853	-73.98165557	1
0	23	30256	2010	40.72165481	-74.00234737	401	40.72019576	-73.98997825	1
0	23	13402	402	40.7403432	-73.98955109	375	40.72679454	-73.99695094	1
0	23	25513	302	40.72082834	-73.97793172	380	40.73401143	-74.00293877	1
0	23	50713	302	40.72082834	-73.97793172	476	40.74394314	-73.97966069	1
0	23	50714	297	40.734232	-73.986923	349	40.71850211	-73.98329859	1
0	23	41404	479	40.76019252	-73.9912551	514	40.76087502	-74.00277668	2
0	23	4567	387	40.71273266	-74.0046073	249	40.71870987	-74.0090009	1
0	23	42878	442	40.746647	-73.993915	253	40.73543934	-73.99453948	1
0	23	16222	498	40.74854862	-73.98808416	477	40.75640548	-73.9900262	2
0	23	25342	300	40.728145	-73.990214	252	40.73226398	-73.99852205	1
0	23	50715	387	40.71273266	-74.0046073	364	40.68900443	-73.96023854	2
0	23	4483	233	40.69246277	-73.98963911	420	40.68764484	-73.96968902	1
0	23	23394	528	40.74290902	-73.97706058	445	40.72740794	-73.98142006	1
0	23	50716	305	40.76095756	-73.96724467	428	40.72467721	-73.98783413	2
0	23	16977	459	40.746745	-74.007756	447	40.76370739	-73.9851615	1
0	23	50717	388	40.749717753	-74.002950346	2002	40.716887	-73.963198	1
0	23	18143	2010	40.72165481	-74.00234737	514	40.76087502	-74.00277668	1
0	23	4564	325	40.73624527	-73.98473765	459	40.746745	-74.007756	1
0	23	2857	318	40.75320159	-73.9779874	447	40.76370739	-73.9851615	1
0	23	24243	346	40.73652889	-74.00618026	490	40.751551	-73.993934	1
0	23	20078	403	40.72502876	-73.99069656	301	40.72217444	-73.98368779	1
0	23	45061	442	40.746647	-73.993915	445	40.72740794	-73.98142006	1
0	23	21717	476	40.74394314	-73.97966069	293	40.73028666	-73.9907647	1
0	23	22790	161	40.72917025	-73.99810231	237	40.73047309	-73.98672378	1
0	23	32495	458	40.751396	-74.005226	422	40.770513	-73.988038	1
0	23	22791	252	40.73226398	-73.99852205	368	40.73038599	-74.00214988	1
0	23	15306	318	40.75320159	-73.9779874	382	40.73492695	-73.99200509	1
0	23	50718	529	40.7575699	-73.99098507	404	40.7405826	-74.00550867	1
0	23	20611	412	40.7158155	-73.99422366	502	40.714215	-73.981346	2
0	23	29214	223	40.73781509	-73.99994661	402	40.7403432	-73.98955109	1
0	23	28017	301	40.72217444	-73.98368779	305	40.76095756	-73.96724467	1
0	23	19882	450	40.76227205	-73.98788205	478	40.76030096	-73.99884222	1
0	23	17036	432	40.72621788	-73.98379855	311	40.7172274	-73.98802084	1
0	23	21901	336	40.73047747	-73.99906065	393	40.72299208	-73.97995466	1
0	23	5118	490	40.751551	-73.993934	486	40.7462009	-73.98855723	1
0	23	21543	395	40.68807003	-73.98410637	406	40.69512845	-73.99595065	1
0	23	26570	466	40.74395411	-73.99144871	518	40.74780373	-73.9734419	1
0	23	35170	462	40.74691959	-74.00451887	489	40.75066386	-74.00176802	1
0	23	16398	259	40.70122128	-74.01234218	296	40.71413089	-73.9970468	2
0	23	50719	482	40.73935542	-73.99931783	423	40.76584941	-73.98690506	1
0	23	50720	369	40.73224119	-74.00026394	526	40.74765947	-73.98490707	1
0	23	3067	490	40.751551	-73.993934	448	40.75660359	-73.9979009	1
0	23	41774	284	40.7390169121	-74.0026376103	363	40.70834698	-74.01713445	1
0	23	50405	406	40.69512845	-73.99595065	390	40.69221589	-73.9842844	1
0	23	30554	453	40.74475148	-73.99915362	323	40.69236178	-73.98631746	1
0	23	1121	448	40.75660359	-73.9979009	479	40.76019252	-73.9912551	1
0	23	11107	468	40.7652654	-73.98192338	479	40.76019252	-73.9912551	1
0	23	33189	519	40.75188406	-73.97770164	440	40.75255434	-73.97282625	1
0	23	1983	258	40.68940747	-73.96885458	324	40.689888	-73.981013	1
0	23	29577	384	40.68317813	-73.9659641	157	40.69089272	-73.99612349	1
0	23	18982	384	40.68317813	-73.9659641	271	40.68528172	-73.97805813	1
0	23	3102	477	40.75640548	-73.9900262	472	40.7457121	-73.98194829	1
0	23	26528	494	40.74734825	-73.99723551	281	40.7643971	-73.97371465	2
0	23	25717	385	40.75797322	-73.96603308	517	40.75149263	-73.97798848	2
0	23	50721	513	40.768254	-73.988639	317	40.72453734	-73.98185424	2
0	23	23884	244	40.69196035	-73.96536851	353	40.68539567	-73.97431458	1
0	23	34284	297	40.734232	-73.986923	512	40.7500727	-73.99839279	1
0	23	23922	237	40.73047309	-73.98672378	540	40.74147286	-73.98320928	1
0	23	9638	426	40.71754834	-74.01322069	195	40.70905623	-74.01043382	1
0	23	7702	512	40.7500727	-73.99839279	463	40.74206539	-74.00443172	1
0	23	7166	368	40.73038599	-74.00214988	483	40.73223272	-73.98889957	1
0	23	22923	346	40.73652889	-74.00618026	361	40.71605866	-73.99190759	2
0	23	32701	233	40.69246277	-73.98963911	2002	40.716887	-73.963198	2
0	23	26923	532	40.710451	-73.960876	263	40.71729	-73.996375	2
0	23	8913	361	40.71605866	-73.99190759	504	40.73221853	-73.98165557	1
0	23	13911	237	40.73047309	-73.98672378	401	40.72019576	-73.98997825	1
0	23	26406	507	40.73912601	-73.97973776	335	40.72903917	-73.99404649	1
0	23	19729	509	40.7454973	-74.00197139	346	40.73652889	-74.00618026	1
0	23	11672	482	40.73935542	-73.99931783	405	40.739323	-74.008119	1
0	23	11545	403	40.72502876	-73.99069656	368	40.73038599	-74.00214988	2
0	23	27843	380	40.73401143	-74.00293877	540	40.74147286	-73.98320928	1
0	23	18450	2006	40.76590936	-73.97634151	528	40.74290902	-73.97706058	2
0	23	50722	408	40.71076228	-73.99400398	284	40.7390169121	-74.0026376103	2
0	23	44937	320	40.71743998	-74.00583475	346	40.73652889	-74.00618026	1
0	23	15445	293	40.73028666	-73.9907647	348	40.72490985	-74.00154702	1
0	23	27274	510	40.7606597	-73.98042047	457	40.76695317	-73.98169333	1
0	23	21633	500	40.76228826	-73.98336183	482	40.73935542	-73.99931783	1
0	23	50723	161	40.72917025	-73.99810231	2009	40.71117444	-73.99682619	1
0	23	3527	445	40.72740794	-73.98142006	301	40.72217444	-73.98368779	1
0	23	12623	448	40.75660359	-73.9979009	2021	40.75929124	-73.98859651	1
0	23	14573	537	40.74025878	-73.98409214	297	40.734232	-73.986923	1
0	23	12553	254	40.73532427	-73.99800419	432	40.72621788	-73.98379855	1
0	23	29217	430	40.7014851	-73.98656928	157	40.69089272	-73.99612349	1
0	23	14110	529	40.7575699	-73.99098507	444	40.7423543	-73.98915076	1
0	23	50724	465	40.75513557	-73.98658032	339	40.72580614	-73.97422494	1
0	23	40562	368	40.73038599	-74.00214988	545	40.736502	-73.97809472	2
0	23	15001	320	40.71743998	-74.00583475	146	40.71625008	-74.0091059	1
0	23	41891	353	40.68539567	-73.97431458	396	40.680342423	-73.9557689392	1
0	23	26003	428	40.72467721	-73.98783413	476	40.74394314	-73.97966069	1
0	23	484	355	40.71602118	-73.99974372	355	40.71602118	-73.99974372	1
0	23	22262	237	40.73047309	-73.98672378	507	40.73912601	-73.97973776	1
0	23	42015	258	40.68940747	-73.96885458	395	40.68807003	-73.98410637	1
0	23	103	348	40.72490985	-74.00154702	417	40.71291224	-74.01020234	1
0	23	23220	366	40.693261	-73.968896	244	40.69196035	-73.96536851	1
0	23	28152	479	40.76019252	-73.9912551	446	40.74487634	-73.99529885	2
0	23	19584	348	40.72490985	-74.00154702	229	40.72743423	-73.99379025	1
0	23	20485	492	40.75019995	-73.99093085	499	40.76915505	-73.98191841	1
0	23	23919	459	40.746745	-74.007756	432	40.72621788	-73.98379855	1
0	23	25302	385	40.75797322	-73.96603308	173	40.76064679	-73.98442659	2
0	23	42777	293	40.73028666	-73.9907647	363	40.70834698	-74.01713445	1
0	23	45998	253	40.73543934	-73.99453948	364	40.68900443	-73.96023854	1
0	23	34387	380	40.73401143	-74.00293877	475	40.73524276	-73.98758561	1
0	23	20918	271	40.68528172	-73.97805813	416	40.68753406	-73.97265183	1
0	23	45845	307	40.71427487	-73.98990025	361	40.71605866	-73.99190759	1
0	23	5775	229	40.72743423	-73.99379025	336	40.73047747	-73.99906065	1
0	23	26662	536	40.74144387	-73.97536082	297	40.734232	-73.986923	1
0	23	17048	479	40.76019252	-73.9912551	448	40.75660359	-73.9979009	1
0	23	17315	450	40.76227205	-73.98788205	448	40.75660359	-73.9979009	1
0	23	10061	358	40.73291553	-74.00711384	369	40.73224119	-74.00026394	2
0	23	50725	276	40.71748752	-74.0104554	280	40.73331967	-73.99510132	2
0	23	27607	439	40.7262807	-73.98978041	311	40.7172274	-73.98802084	1
0	23	50726	482	40.73935542	-73.99931783	518	40.74780373	-73.9734419	1
0	23	14647	368	40.73038599	-74.00214988	345	40.73649403	-73.99704374	1
0	23	8597	2004	40.724399	-74.004704	268	40.71910537	-73.99973337	1
0	23	30730	507	40.73912601	-73.97973776	517	40.75149263	-73.97798848	1
0	23	2149	507	40.73912601	-73.97973776	519	40.75188406	-73.97770164	1
0	23	24881	518	40.74780373	-73.9734419	476	40.74394314	-73.97966069	1
0	23	50727	457	40.76695317	-73.98169333	461	40.73587678	-73.98205027	3
0	23	14824	479	40.76019252	-73.9912551	459	40.746745	-74.007756	1
0	23	12707	459	40.746745	-74.007756	507	40.73912601	-73.97973776	1
0	23	18441	284	40.7390169121	-74.0026376103	432	40.72621788	-73.98379855	1
0	23	50728	457	40.76695317	-73.98169333	419	40.69580705	-73.97355569	1
0	23	10018	2022	40.75849116	-73.95920622	457	40.76695317	-73.98169333	1
0	23	11423	147	40.71542197	-74.01121978	212	40.74334935	-74.00681753	1
0	23	9987	487	40.73314259	-73.97573881	401	40.72019576	-73.98997825	1
0	23	11803	368	40.73038599	-74.00214988	382	40.73492695	-73.99200509	2
0	23	50729	167	40.7489006	-73.97604882	340	40.71269042	-73.98776323	1
0	23	14954	513	40.768254	-73.988639	529	40.7575699	-73.99098507	1
0	23	12639	504	40.73221853	-73.98165557	300	40.728145	-73.990214	1
0	23	34919	513	40.768254	-73.988639	518	40.74780373	-73.9734419	2
0	23	9575	335	40.72903917	-73.99404649	439	40.7262807	-73.98978041	1
0	23	50730	263	40.71729	-73.996375	343	40.69794	-73.96986848	2
0	23	44793	469	40.76344058	-73.98268129	358	40.73291553	-74.00711384	1
0	23	49205	520	40.75992262	-73.97648516	300	40.728145	-73.990214	1
0	23	37058	449	40.76461837	-73.98789473	446	40.74487634	-73.99529885	1
0	23	9297	445	40.72740794	-73.98142006	335	40.72903917	-73.99404649	2
0	23	15463	2017	40.75022392	-73.97121414	151	40.7218158	-73.99720307	1
0	23	15620	2021	40.75929124	-73.98859651	380	40.73401143	-74.00293877	1
0	23	7507	479	40.76019252	-73.9912551	309	40.7149787	-74.013012	1
0	23	45401	237	40.73047309	-73.98672378	311	40.7172274	-73.98802084	1
0	23	17397	518	40.74780373	-73.9734419	487	40.73314259	-73.97573881	1
0	23	34565	447	40.76370739	-73.9851615	467	40.68312489	-73.97895137	1
0	23	9561	380	40.73401143	-74.00293877	151	40.7218158	-73.99720307	2
0	23	13689	388	40.749717753	-74.002950346	368	40.73038599	-74.00214988	1
0	23	4337	536	40.74144387	-73.97536082	504	40.73221853	-73.98165557	1
0	23	49698	539	40.71534825	-73.96024116	289	40.6845683	-73.95881081	1
0	23	48792	280	40.73331967	-73.99510132	516	40.75206862	-73.96784384	1
0	23	17382	537	40.74025878	-73.98409214	164	40.75323098	-73.97032517	1
0	23	21262	500	40.76228826	-73.98336183	479	40.76019252	-73.9912551	1
0	23	50731	358	40.73291553	-74.00711384	479	40.76019252	-73.9912551	1
0	23	20189	432	40.72621788	-73.98379855	295	40.71406667	-73.99293911	1
0	23	25820	375	40.72679454	-73.99695094	265	40.72229346	-73.99147535	1
0	23	2917	223	40.73781509	-73.99994661	470	40.74345335	-74.00004031	1
0	23	46796	499	40.76915505	-73.98191841	455	40.75001986	-73.96905301	1
0	23	23057	261	40.69474881	-73.98362464	2002	40.716887	-73.963198	2
0	23	10336	483	40.73223272	-73.98889957	161	40.72917025	-73.99810231	1
0	23	23818	420	40.68764484	-73.96968902	120	40.68676793	-73.95928168	1
0	23	21567	387	40.71273266	-74.0046073	300	40.728145	-73.990214	2
0	23	21922	470	40.74345335	-74.00004031	513	40.768254	-73.988639	1
0	23	40186	514	40.76087502	-74.00277668	512	40.7500727	-73.99839279	2
0	23	17548	355	40.71602118	-73.99974372	331	40.71173107	-73.99193043	1
0	23	18443	281	40.7643971	-73.97371465	444	40.7423543	-73.98915076	2
0	23	10474	251	40.72317958	-73.99480012	128	40.72710258	-74.00297088	1
0	23	9598	296	40.71413089	-73.9970468	307	40.71427487	-73.98990025	2
0	23	14396	401	40.72019576	-73.98997825	79	40.71911552	-74.00666661	1
0	23	4247	426	40.71754834	-74.01322069	404	40.7405826	-74.00550867	1
0	23	9369	2006	40.76590936	-73.97634151	2006	40.76590936	-73.97634151	1
0	23	20915	254	40.73532427	-73.99800419	325	40.73624527	-73.98473765	1
0	23	12069	439	40.7262807	-73.98978041	268	40.71910537	-73.99973337	1
0	23	23738	546	40.74444921	-73.98303529	473	40.72110063	-73.9919254	1
0	23	50732	369	40.73224119	-74.00026394	469	40.76344058	-73.98268129	1
0	23	50733	397	40.68415748	-73.96922273	432	40.72621788	-73.98379855	1
0	23	21454	459	40.746745	-74.007756	480	40.76669671	-73.99061728	1
0	23	20007	465	40.75513557	-73.98658032	335	40.72903917	-73.99404649	1
0	23	47037	439	40.7262807	-73.98978041	361	40.71605866	-73.99190759	1
0	23	21605	428	40.72467721	-73.98783413	285	40.73454567	-73.99074142	1
0	23	38101	482	40.73935542	-73.99931783	383	40.735238	-74.000271	1
0	23	40231	348	40.72490985	-74.00154702	453	40.74475148	-73.99915362	1
0	23	40795	265	40.72229346	-73.99147535	489	40.75066386	-74.00176802	1
0	23	12136	504	40.73221853	-73.98165557	487	40.73314259	-73.97573881	2
0	23	38175	498	40.74854862	-73.98808416	435	40.74173969	-73.99415556	1
0	23	7327	225	40.74195138	-74.00803013	348	40.72490985	-74.00154702	1
0	23	45097	509	40.7454973	-74.00197139	489	40.75066386	-74.00176802	1
0	23	1061	167	40.7489006	-73.97604882	305	40.76095756	-73.96724467	1
0	23	3182	116	40.74177603	-74.00149746	494	40.74734825	-73.99723551	2
0	23	29970	319	40.71336124	-74.00937622	363	40.70834698	-74.01713445	1
0	23	46391	258	40.68940747	-73.96885458	391	40.69760127	-73.99344559	1
0	23	15286	323	40.69236178	-73.98631746	265	40.72229346	-73.99147535	1
0	23	13318	447	40.76370739	-73.9851615	447	40.76370739	-73.9851615	2
0	23	41709	483	40.73223272	-73.98889957	411	40.72228087	-73.97668709	1
0	23	2666	323	40.69236178	-73.98631746	402	40.7403432	-73.98955109	1
0	23	13896	458	40.751396	-74.005226	252	40.73226398	-73.99852205	1
0	23	46897	526	40.74765947	-73.98490707	355	40.71602118	-73.99974372	1
0	23	50734	2000	40.70255088	-73.98940236	306	40.70823502	-74.00530063	1
0	23	7684	468	40.7652654	-73.98192338	305	40.76095756	-73.96724467	1
0	23	25017	271	40.68528172	-73.97805813	157	40.69089272	-73.99612349	1
0	23	27022	539	40.71534825	-73.96024116	150	40.7208736	-73.98085795	1
0	23	22482	375	40.72679454	-73.99695094	311	40.7172274	-73.98802084	1
0	23	31295	457	40.76695317	-73.98169333	450	40.76227205	-73.98788205	1
0	23	22866	447	40.76370739	-73.9851615	509	40.7454973	-74.00197139	1
0	23	16323	466	40.74395411	-73.99144871	486	40.7462009	-73.98855723	1
0	23	4480	380	40.73401143	-74.00293877	380	40.73401143	-74.00293877	1
0	23	48535	224	40.71146364	-74.00552427	392	40.695065	-73.987167	2
0	23	24167	353	40.68539567	-73.97431458	270	40.69308257	-73.97178913	1
0	23	34647	489	40.75066386	-74.00176802	237	40.73047309	-73.98672378	1
0	23	15537	402	40.7403432	-73.98955109	461	40.73587678	-73.98205027	1
0	23	13476	529	40.7575699	-73.99098507	499	40.76915505	-73.98191841	1
0	23	31082	236	40.7284186	-73.98713956	504	40.73221853	-73.98165557	1
0	23	9753	238	40.7361967	-74.00859207	518	40.74780373	-73.9734419	1
0	23	21341	382	40.73492695	-73.99200509	528	40.74290902	-73.97706058	1
0	23	50736	466	40.74395411	-73.99144871	306	40.70823502	-74.00530063	2
0	23	32499	296	40.71413089	-73.9970468	456	40.7597108	-73.97402311	1
0	23	34581	352	40.76340613	-73.97722479	223	40.73781509	-73.99994661	1
0	23	50737	390	40.69221589	-73.9842844	414	40.70281858	-73.98765762	1
0	23	18834	472	40.7457121	-73.98194829	457	40.76695317	-73.98169333	1
0	23	10347	217	40.70277159	-73.99383605	398	40.69165183	-73.9999786	2
0	23	16760	348	40.72490985	-74.00154702	358	40.73291553	-74.00711384	1
0	23	11456	442	40.746647	-73.993915	504	40.73221853	-73.98165557	1
0	23	38201	229	40.72743423	-73.99379025	453	40.74475148	-73.99915362	1
0	23	34278	461	40.73587678	-73.98205027	540	40.74147286	-73.98320928	1
0	23	2936	398	40.69165183	-73.9999786	391	40.69760127	-73.99344559	1
0	23	9626	462	40.74691959	-74.00451887	478	40.76030096	-73.99884222	1
0	23	40869	499	40.76915505	-73.98191841	358	40.73291553	-74.00711384	1
0	23	13864	465	40.75513557	-73.98658032	461	40.73587678	-73.98205027	1
0	23	20009	361	40.71605866	-73.99190759	307	40.71427487	-73.98990025	1
0	23	9142	386	40.71494807	-74.00234482	375	40.72679454	-73.99695094	1
0	23	1911	432	40.72621788	-73.98379855	293	40.73028666	-73.9907647	1
0	23	9181	281	40.7643971	-73.97371465	499	40.76915505	-73.98191841	1
0	23	31420	274	40.68691865	-73.976682	395	40.68807003	-73.98410637	1
0	23	23181	280	40.73331967	-73.99510132	174	40.7381765	-73.97738662	2
0	23	14879	2003	40.73416059	-73.98024289	237	40.73047309	-73.98672378	1
0	23	38806	387	40.71273266	-74.0046073	350	40.71559509	-73.9870295	1
0	23	2390	500	40.76228826	-73.98336183	500	40.76228826	-73.98336183	1
0	23	22346	490	40.751551	-73.993934	499	40.76915505	-73.98191841	1
0	23	19714	311	40.7172274	-73.98802084	301	40.72217444	-73.98368779	1
0	23	7975	335	40.72903917	-73.99404649	483	40.73223272	-73.98889957	1
0	23	9807	526	40.74765947	-73.98490707	536	40.74144387	-73.97536082	1
0	23	7789	448	40.75660359	-73.9979009	442	40.746647	-73.993915	1
0	23	34112	116	40.74177603	-74.00149746	447	40.76370739	-73.9851615	1
0	23	11570	369	40.73224119	-74.00026394	473	40.72110063	-73.9919254	1
0	23	50738	368	40.73038599	-74.00214988	468	40.7652654	-73.98192338	1
0	23	45282	475	40.73524276	-73.98758561	432	40.72621788	-73.98379855	1
0	23	20705	382	40.73492695	-73.99200509	383	40.735238	-74.000271	1
0	23	117	447	40.76370739	-73.9851615	499	40.76915505	-73.98191841	2
0	23	12808	324	40.689888	-73.981013	366	40.693261	-73.968896	1
0	23	32715	309	40.7149787	-74.013012	309	40.7149787	-74.013012	1
0	23	40055	161	40.72917025	-73.99810231	438	40.72779126	-73.98564945	1
0	23	28778	423	40.76584941	-73.98690506	352	40.76340613	-73.97722479	1
0	23	50739	448	40.75660359	-73.9979009	545	40.736502	-73.97809472	1
0	23	12263	348	40.72490985	-74.00154702	439	40.7262807	-73.98978041	1
0	23	6334	251	40.72317958	-73.99480012	404	40.7405826	-74.00550867	1
0	23	2445	410	40.72066442	-73.98517977	531	40.71893904	-73.99266288	1
0	23	1916	448	40.75660359	-73.9979009	462	40.74691959	-74.00451887	2
0	23	50740	483	40.73223272	-73.98889957	474	40.7451677	-73.98683077	1
0	23	38401	529	40.7575699	-73.99098507	504	40.73221853	-73.98165557	1
0	23	37768	486	40.7462009	-73.98855723	72	40.76727216	-73.99392888	1
0	23	13310	151	40.7218158	-73.99720307	285	40.73454567	-73.99074142	1
0	23	17410	2000	40.70255088	-73.98940236	418	40.70224	-73.982578	2
0	23	46902	274	40.68691865	-73.976682	344	40.6851443	-73.95380904	1
0	23	14735	368	40.73038599	-74.00214988	237	40.73047309	-73.98672378	1
0	23	20668	245	40.69327018	-73.97703874	366	40.693261	-73.968896	1
0	23	22751	300	40.728145	-73.990214	301	40.72217444	-73.98368779	1
0	23	14381	223	40.73781509	-73.99994661	280	40.73331967	-73.99510132	1
0	23	20057	402	40.7403432	-73.98955109	160	40.748238	-73.978311	1
0	23	8380	531	40.71893904	-73.99266288	415	40.7047177	-74.00926027	1
0	23	14309	475	40.73524276	-73.98758561	511	40.72938685	-73.97772429	1
0	23	50741	479	40.76019252	-73.9912551	516	40.75206862	-73.96784384	1
0	23	50262	237	40.73047309	-73.98672378	473	40.72110063	-73.9919254	1
0	23	33675	319	40.71336124	-74.00937622	432	40.72621788	-73.98379855	1
0	23	27392	422	40.770513	-73.988038	466	40.74395411	-73.99144871	1
0	23	27023	418	40.70224	-73.982578	366	40.693261	-73.968896	2
0	23	12573	528	40.74290902	-73.97706058	504	40.73221853	-73.98165557	1
0	23	28117	364	40.68900443	-73.96023854	436	40.68216564	-73.95399026	1
0	23	50742	471	40.71286844	-73.95698119	457	40.76695317	-73.98169333	1
0	23	50743	304	40.70463334	-74.01361706	453	40.74475148	-73.99915362	1
0	23	36205	486	40.7462009	-73.98855723	290	40.76020258	-73.96478473	1
0	23	31300	422	40.770513	-73.988038	447	40.76370739	-73.9851615	1
0	23	359	545	40.736502	-73.97809472	290	40.76020258	-73.96478473	1
0	23	5462	387	40.71273266	-74.0046073	306	40.70823502	-74.00530063	1
0	23	23821	229	40.72743423	-73.99379025	477	40.75640548	-73.9900262	1
0	23	26911	243	40.687979	-73.978474	254	40.73532427	-73.99800419	1
0	23	46667	515	40.76009437	-73.99461843	428	40.72467721	-73.98783413	1
0	23	32517	512	40.7500727	-73.99839279	348	40.72490985	-74.00154702	1
0	23	20298	537	40.74025878	-73.98409214	444	40.7423543	-73.98915076	1
0	23	50744	265	40.72229346	-73.99147535	450	40.76227205	-73.98788205	1
0	23	25601	435	40.74173969	-73.99415556	439	40.7262807	-73.98978041	1
0	23	17468	447	40.76370739	-73.9851615	515	40.76009437	-73.99461843	1
0	23	4608	358	40.73291553	-74.00711384	358	40.73291553	-74.00711384	1
0	23	10002	448	40.75660359	-73.9979009	459	40.746745	-74.007756	1
0	23	18610	486	40.7462009	-73.98855723	488	40.75645824	-73.99372222	1
0	23	21283	432	40.72621788	-73.98379855	251	40.72317958	-73.99480012	1
0	23	13234	358	40.73291553	-74.00711384	401	40.72019576	-73.98997825	1
0	23	50745	238	40.7361967	-74.00859207	527	40.74315566	-73.97434726	1
0	23	31747	484	40.75500254	-73.98014437	527	40.74315566	-73.97434726	1
0	23	13494	426	40.71754834	-74.01322069	459	40.746745	-74.007756	2
0	23	41178	167	40.7489006	-73.97604882	375	40.72679454	-73.99695094	1
0	23	25426	504	40.73221853	-73.98165557	295	40.71406667	-73.99293911	2
0	23	21516	369	40.73224119	-74.00026394	497	40.73704984	-73.99009296	1
0	23	17909	358	40.73291553	-74.00711384	467	40.68312489	-73.97895137	1
0	23	19435	357	40.73261787	-73.99158043	432	40.72621788	-73.98379855	1
0	23	22885	520	40.75992262	-73.97648516	489	40.75066386	-74.00176802	1
0	23	33104	285	40.73454567	-73.99074142	265	40.72229346	-73.99147535	1
0	23	33820	391	40.69760127	-73.99344559	310	40.68926942	-73.98912867	1
0	23	43266	475	40.73524276	-73.98758561	445	40.72740794	-73.98142006	1
0	23	50746	144	40.69839895	-73.98068914	144	40.69839895	-73.98068914	1
0	23	11505	456	40.7597108	-73.97402311	476	40.74394314	-73.97966069	1
0	23	15230	500	40.76228826	-73.98336183	529	40.7575699	-73.99098507	1
0	23	17449	293	40.73028666	-73.9907647	266	40.72368361	-73.97574813	1
0	23	9147	382	40.73492695	-73.99200509	415	40.7047177	-74.00926027	1
0	23	1155	428	40.72467721	-73.98783413	116	40.74177603	-74.00149746	1
0	23	38785	358	40.73291553	-74.00711384	336	40.73047747	-73.99906065	1
0	23	32318	540	40.74147286	-73.98320928	348	40.72490985	-74.00154702	2
0	23	17426	379	40.749156	-73.9916	459	40.746745	-74.007756	1
0	23	12067	312	40.722055	-73.989111	293	40.73028666	-73.9907647	1
0	23	11507	324	40.689888	-73.981013	258	40.68940747	-73.96885458	2
0	23	10476	457	40.76695317	-73.98169333	523	40.75466591	-73.99138152	1
0	23	50747	540	40.74147286	-73.98320928	146	40.71625008	-74.0091059	2
0	23	13060	482	40.73935542	-73.99931783	523	40.75466591	-73.99138152	1
0	23	34237	444	40.7423543	-73.98915076	385	40.75797322	-73.96603308	1
0	23	2764	512	40.7500727	-73.99839279	434	40.74317449	-74.00366443	1
0	23	12682	348	40.72490985	-74.00154702	307	40.71427487	-73.98990025	1
0	23	11338	518	40.74780373	-73.9734419	439	40.7262807	-73.98978041	1
0	23	50748	392	40.695065	-73.987167	279	40.69986937	-73.98271933	1
0	23	50749	195	40.70905623	-74.01043382	504	40.73221853	-73.98165557	1
0	23	3648	426	40.71754834	-74.01322069	363	40.70834698	-74.01713445	1
0	23	18557	335	40.72903917	-73.99404649	336	40.73047747	-73.99906065	1
0	23	32682	438	40.72779126	-73.98564945	536	40.74144387	-73.97536082	1
0	23	18644	395	40.68807003	-73.98410637	274	40.68691865	-73.976682	1
0	23	25815	509	40.7454973	-74.00197139	317	40.72453734	-73.98185424	1
0	23	12968	401	40.72019576	-73.98997825	2017	40.75022392	-73.97121414	1
0	23	10119	472	40.7457121	-73.98194829	504	40.73221853	-73.98165557	1
0	23	1059	507	40.73912601	-73.97973776	469	40.76344058	-73.98268129	1
0	23	7579	494	40.74734825	-73.99723551	489	40.75066386	-74.00176802	1
0	23	11937	301	40.72217444	-73.98368779	349	40.71850211	-73.98329859	1
0	23	10410	2003	40.73416059	-73.98024289	317	40.72453734	-73.98185424	2
0	23	44739	301	40.72217444	-73.98368779	400	40.71926081	-73.98178024	1
0	23	11519	300	40.728145	-73.990214	151	40.7218158	-73.99720307	1
0	23	23248	517	40.75149263	-73.97798848	527	40.74315566	-73.97434726	1
0	23	25105	482	40.73935542	-73.99931783	369	40.73224119	-74.00026394	1
0	23	11586	327	40.7153379	-74.01658354	358	40.73291553	-74.00711384	1
0	23	50751	2003	40.73416059	-73.98024289	363	40.70834698	-74.01713445	1
0	23	195	285	40.73454567	-73.99074142	447	40.76370739	-73.9851615	1
0	23	5370	475	40.73524276	-73.98758561	444	40.7423543	-73.98915076	1
0	23	14131	488	40.75645824	-73.99372222	358	40.73291553	-74.00711384	1
0	23	41894	528	40.74290902	-73.97706058	356	40.71622644	-73.98261206	1
0	23	50752	312	40.722055	-73.989111	529	40.7575699	-73.99098507	1
0	23	10941	263	40.71729	-73.996375	330	40.71450451	-74.00562789	2
0	23	11414	384	40.68317813	-73.9659641	397	40.68415748	-73.96922273	1
0	23	32971	462	40.74691959	-74.00451887	254	40.73532427	-73.99800419	1
0	23	13248	257	40.71939226	-74.00247214	329	40.72043411	-74.01020609	1
0	23	33679	380	40.73401143	-74.00293877	488	40.75645824	-73.99372222	1
0	23	9580	387	40.71273266	-74.0046073	232	40.69597683	-73.99014892	5
0	23	44646	528	40.74290902	-73.97706058	529	40.7575699	-73.99098507	1
0	23	44985	445	40.72740794	-73.98142006	2021	40.75929124	-73.98859651	1
0	23	50753	2003	40.73416059	-73.98024289	457	40.76695317	-73.98169333	1
0	23	17931	490	40.751551	-73.993934	472	40.7457121	-73.98194829	1
0	23	43335	264	40.70706456	-74.00731853	363	40.70834698	-74.01713445	1
0	23	27673	316	40.70955958	-74.00653609	82	40.71117416	-74.00016545	1
0	23	24408	450	40.76227205	-73.98788205	456	40.7597108	-73.97402311	1
0	23	13801	297	40.734232	-73.986923	380	40.73401143	-74.00293877	1
0	23	27941	497	40.73704984	-73.99009296	458	40.751396	-74.005226	1
0	23	24855	504	40.73221853	-73.98165557	410	40.72066442	-73.98517977	1
0	23	36938	533	40.75299641	-73.98721619	174	40.7381765	-73.97738662	1
0	23	1542	444	40.7423543	-73.98915076	545	40.736502	-73.97809472	1
0	23	8900	151	40.7218158	-73.99720307	268	40.71910537	-73.99973337	1
0	23	10842	497	40.73704984	-73.99009296	462	40.74691959	-74.00451887	2
0	23	11486	479	40.76019252	-73.9912551	479	40.76019252	-73.9912551	1
0	23	9259	237	40.73047309	-73.98672378	393	40.72299208	-73.97995466	1
0	23	50754	228	40.7546011026	-73.971878855	463	40.74206539	-74.00443172	3
0	23	15605	459	40.746745	-74.007756	380	40.73401143	-74.00293877	1
0	23	21487	497	40.73704984	-73.99009296	410	40.72066442	-73.98517977	1
0	23	38941	237	40.73047309	-73.98672378	380	40.73401143	-74.00293877	1
0	23	30872	524	40.75527307	-73.98316936	518	40.74780373	-73.9734419	2
0	23	40759	137	40.761628	-73.972924	461	40.73587678	-73.98205027	1
0	23	29476	382	40.73492695	-73.99200509	401	40.72019576	-73.98997825	1
0	23	34498	151	40.7218158	-73.99720307	307	40.71427487	-73.98990025	1
0	23	25904	327	40.7153379	-74.01658354	264	40.70706456	-74.00731853	1
0	23	8267	2021	40.75929124	-73.98859651	264	40.70706456	-74.00731853	1
0	23	11138	195	40.70905623	-74.01043382	195	40.70905623	-74.01043382	3
0	23	676	519	40.75188406	-73.97770164	475	40.73524276	-73.98758561	1
0	23	8992	285	40.73454567	-73.99074142	369	40.73224119	-74.00026394	2
0	23	8628	448	40.75660359	-73.9979009	498	40.74854862	-73.98808416	1
0	23	40149	441	40.756014	-73.967416	478	40.76030096	-73.99884222	1
0	23	34206	479	40.76019252	-73.9912551	518	40.74780373	-73.9734419	2
0	23	23644	481	40.71260486	-73.96264403	471	40.71286844	-73.95698119	1
0	23	9352	147	40.71542197	-74.01121978	328	40.72405549	-74.00965965	1
0	23	246	480	40.76669671	-73.99061728	480	40.76669671	-73.99061728	1
0	23	25846	363	40.70834698	-74.01713445	534	40.70255065	-74.0127234	2
0	23	36515	515	40.76009437	-73.99461843	496	40.73726186	-73.99238967	1
0	23	3146	307	40.71427487	-73.98990025	350	40.71559509	-73.9870295	1
0	23	188	410	40.72066442	-73.98517977	438	40.72779126	-73.98564945	1
0	23	50755	397	40.68415748	-73.96922273	395	40.68807003	-73.98410637	1
0	23	16359	488	40.75645824	-73.99372222	546	40.74444921	-73.98303529	1
0	23	11176	357	40.73261787	-73.99158043	438	40.72779126	-73.98564945	1
0	23	4170	384	40.68317813	-73.9659641	274	40.68691865	-73.976682	1
0	23	20441	380	40.73401143	-74.00293877	251	40.72317958	-73.99480012	1
0	23	50756	289	40.6845683	-73.95881081	244	40.69196035	-73.96536851	1
0	23	50286	412	40.7158155	-73.99422366	420	40.68764484	-73.96968902	1
0	23	32191	438	40.72779126	-73.98564945	527	40.74315566	-73.97434726	1
0	23	30962	251	40.72317958	-73.99480012	345	40.73649403	-73.99704374	1
0	23	10691	497	40.73704984	-73.99009296	482	40.73935542	-73.99931783	1
0	23	858	435	40.74173969	-73.99415556	521	40.75044999	-73.99481051	1
0	23	14919	520	40.75992262	-73.97648516	263	40.71729	-73.996375	1
0	23	122	312	40.722055	-73.989111	323	40.69236178	-73.98631746	1
0	23	50757	520	40.75992262	-73.97648516	460	40.71285887	-73.96590294	1
0	23	28645	167	40.7489006	-73.97604882	518	40.74780373	-73.9734419	1
0	23	18695	482	40.73935542	-73.99931783	375	40.72679454	-73.99695094	1
0	23	12215	450	40.76227205	-73.98788205	490	40.751551	-73.993934	1
0	23	649	327	40.7153379	-74.01658354	329	40.72043411	-74.01020609	2
0	23	14757	293	40.73028666	-73.9907647	252	40.73226398	-73.99852205	2
0	23	21891	312	40.722055	-73.989111	358	40.73291553	-74.00711384	1
0	23	37147	322	40.696192	-73.991218	314	40.69424674	-73.99215922	1
0	23	1285	482	40.73935542	-73.99931783	536	40.74144387	-73.97536082	2
0	23	35044	383	40.735238	-74.000271	301	40.72217444	-73.98368779	1
0	23	50758	462	40.74691959	-74.00451887	331	40.71173107	-73.99193043	1
0	23	7850	531	40.71893904	-73.99266288	348	40.72490985	-74.00154702	1
0	23	29752	146	40.71625008	-74.0091059	2010	40.72165481	-74.00234737	1
0	23	8841	128	40.72710258	-74.00297088	128	40.72710258	-74.00297088	6
0	23	14896	382	40.73492695	-73.99200509	247	40.73535398	-74.00483091	2
0	23	21643	529	40.7575699	-73.99098507	449	40.76461837	-73.98789473	1
0	23	13298	83	40.68382604	-73.97632328	83	40.68382604	-73.97632328	1
0	23	3318	128	40.72710258	-74.00297088	328	40.72405549	-74.00965965	1
0	23	30372	369	40.73224119	-74.00026394	312	40.722055	-73.989111	1
0	23	30230	497	40.73704984	-73.99009296	495	40.76269882	-73.99301222	1
0	23	26957	528	40.74290902	-73.97706058	285	40.73454567	-73.99074142	1
0	23	41791	336	40.73047747	-73.99906065	361	40.71605866	-73.99190759	1
0	23	17376	521	40.75044999	-73.99481051	323	40.69236178	-73.98631746	1
0	23	28559	461	40.73587678	-73.98205027	439	40.7262807	-73.98978041	1
0	23	22019	312	40.722055	-73.989111	330	40.71450451	-74.00562789	1
0	23	50759	223	40.73781509	-73.99994661	453	40.74475148	-73.99915362	1
0	23	9992	426	40.71754834	-74.01322069	380	40.73401143	-74.00293877	2
0	23	46940	223	40.73781509	-73.99994661	450	40.76227205	-73.98788205	1
0	23	35276	504	40.73221853	-73.98165557	500	40.76228826	-73.98336183	1
0	23	15189	284	40.7390169121	-74.0026376103	151	40.7218158	-73.99720307	1
0	23	50760	295	40.71406667	-73.99293911	400	40.71926081	-73.98178024	1
0	23	329	453	40.74475148	-73.99915362	450	40.76227205	-73.98788205	1
0	23	37442	298	40.68683208	-73.9796772	395	40.68807003	-73.98410637	2
0	23	17849	382	40.73492695	-73.99200509	174	40.7381765	-73.97738662	1
0	23	28216	352	40.76340613	-73.97722479	518	40.74780373	-73.9734419	1
0	23	45680	392	40.695065	-73.987167	373	40.69331716	-73.95381995	2
0	23	7575	479	40.76019252	-73.9912551	512	40.7500727	-73.99839279	2
0	23	35494	545	40.736502	-73.97809472	228	40.7546011026	-73.971878855	2
0	23	24432	500	40.76228826	-73.98336183	484	40.75500254	-73.98014437	1
0	23	22141	504	40.73221853	-73.98165557	317	40.72453734	-73.98185424	1
0	23	34840	83	40.68382604	-73.97632328	157	40.69089272	-73.99612349	1
0	23	15079	492	40.75019995	-73.99093085	223	40.73781509	-73.99994661	1
0	23	1657	380	40.73401143	-74.00293877	462	40.74691959	-74.00451887	1
0	23	23786	401	40.72019576	-73.98997825	531	40.71893904	-73.99266288	1
0	23	34466	274	40.68691865	-73.976682	262	40.69178232	-73.97372989	1
0	23	17692	466	40.74395411	-73.99144871	447	40.76370739	-73.9851615	1
0	23	21050	453	40.74475148	-73.99915362	152	40.71473993	-74.00910627	1
0	23	20667	528	40.74290902	-73.97706058	498	40.74854862	-73.98808416	1
0	23	23620	224	40.71146364	-74.00552427	417	40.71291224	-74.01020234	1
0	23	8136	447	40.76370739	-73.9851615	512	40.7500727	-73.99839279	1
0	23	50764	478	40.76030096	-73.99884222	480	40.76669671	-73.99061728	1
0	23	28656	301	40.72217444	-73.98368779	350	40.71559509	-73.9870295	1
0	23	33777	368	40.73038599	-74.00214988	432	40.72621788	-73.98379855	1
0	23	5449	383	40.735238	-74.000271	405	40.739323	-74.008119	1
0	23	21802	383	40.735238	-74.000271	238	40.7361967	-74.00859207	1
0	23	50070	444	40.7423543	-73.98915076	441	40.756014	-73.967416	1
0	23	16642	153	40.752062307	-73.9816324043	137	40.761628	-73.972924	1
0	23	1757	539	40.71534825	-73.96024116	282	40.70827295	-73.96834101	1
0	23	28115	329	40.72043411	-74.01020609	296	40.71413089	-73.9970468	1
0	23	2146	327	40.7153379	-74.01658354	363	40.70834698	-74.01713445	1
0	23	23236	432	40.72621788	-73.98379855	532	40.710451	-73.960876	2
0	23	50766	2003	40.73416059	-73.98024289	72	40.76727216	-73.99392888	1
0	23	24618	238	40.7361967	-74.00859207	329	40.72043411	-74.01020609	1
0	23	1076	421	40.69573398	-73.97129668	420	40.68764484	-73.96968902	1
0	23	30098	397	40.68415748	-73.96922273	396	40.680342423	-73.9557689392	1
0	23	11563	497	40.73704984	-73.99009296	509	40.7454973	-74.00197139	1
0	23	17388	518	40.74780373	-73.9734419	504	40.73221853	-73.98165557	1
0	23	22431	285	40.73454567	-73.99074142	461	40.73587678	-73.98205027	1
0	23	7744	243	40.687979	-73.978474	474	40.7451677	-73.98683077	1
0	23	37727	323	40.69236178	-73.98631746	450	40.76227205	-73.98788205	1
0	23	23840	329	40.72043411	-74.01020609	82	40.71117416	-74.00016545	1
0	23	6723	444	40.7423543	-73.98915076	537	40.74025878	-73.98409214	1
0	23	29730	346	40.73652889	-74.00618026	293	40.73028666	-73.9907647	1
0	23	6106	453	40.74475148	-73.99915362	2021	40.75929124	-73.98859651	1
0	23	25312	376	40.70862144	-74.00722156	2004	40.724399	-74.004704	1
0	23	50769	278	40.69766564	-73.98476437	330	40.71450451	-74.00562789	2
0	23	13282	312	40.722055	-73.989111	2010	40.72165481	-74.00234737	1
0	23	47321	330	40.71450451	-74.00562789	268	40.71910537	-73.99973337	1
0	23	23858	167	40.7489006	-73.97604882	441	40.756014	-73.967416	1
0	23	11017	330	40.71450451	-74.00562789	355	40.71602118	-73.99974372	2
0	23	1248	368	40.73038599	-74.00214988	293	40.73028666	-73.9907647	1
0	23	50771	430	40.7014851	-73.98656928	237	40.73047309	-73.98672378	1
0	23	33910	247	40.73535398	-74.00483091	405	40.739323	-74.008119	1
0	23	14245	270	40.69308257	-73.97178913	354	40.69363137	-73.96223558	1
0	23	376	504	40.73221853	-73.98165557	545	40.736502	-73.97809472	1
0	23	12060	348	40.72490985	-74.00154702	403	40.72502876	-73.99069656	1
0	23	13123	472	40.7457121	-73.98194829	482	40.73935542	-73.99931783	1
0	23	10769	336	40.73047747	-73.99906065	2010	40.72165481	-74.00234737	2
0	23	10240	382	40.73492695	-73.99200509	380	40.73401143	-74.00293877	2
0	23	16167	459	40.746745	-74.007756	476	40.74394314	-73.97966069	1
0	23	13515	368	40.73038599	-74.00214988	401	40.72019576	-73.98997825	1
0	23	21979	369	40.73224119	-74.00026394	229	40.72743423	-73.99379025	1
0	23	7164	448	40.75660359	-73.9979009	368	40.73038599	-74.00214988	1
0	23	50773	160	40.748238	-73.978311	508	40.76341379	-73.99667444	1
0	23	15158	285	40.73454567	-73.99074142	432	40.72621788	-73.98379855	1
0	23	9551	497	40.73704984	-73.99009296	402	40.7403432	-73.98955109	1
0	23	9041	497	40.73704984	-73.99009296	497	40.73704984	-73.99009296	2
0	23	17733	348	40.72490985	-74.00154702	257	40.71939226	-74.00247214	1
0	23	41076	416	40.68753406	-73.97265183	244	40.69196035	-73.96536851	1
0	23	930	82	40.71117416	-74.00016545	306	40.70823502	-74.00530063	1
0	23	44579	297	40.734232	-73.986923	266	40.72368361	-73.97574813	1
0	23	27584	251	40.72317958	-73.99480012	251	40.72317958	-73.99480012	1
0	23	21508	518	40.74780373	-73.9734419	167	40.7489006	-73.97604882	1
0	23	12164	328	40.72405549	-74.00965965	128	40.72710258	-74.00297088	1
0	23	16607	285	40.73454567	-73.99074142	266	40.72368361	-73.97574813	1
0	23	32123	350	40.71559509	-73.9870295	307	40.71427487	-73.98990025	1
0	23	21235	405	40.739323	-74.008119	238	40.7361967	-74.00859207	1
0	23	390	442	40.746647	-73.993915	507	40.73912601	-73.97973776	1
0	23	33192	476	40.74394314	-73.97966069	297	40.734232	-73.986923	1
0	23	37116	439	40.7262807	-73.98978041	545	40.736502	-73.97809472	1
0	23	8370	229	40.72743423	-73.99379025	432	40.72621788	-73.98379855	1
0	23	14798	497	40.73704984	-73.99009296	490	40.751551	-73.993934	1
0	23	27166	380	40.73401143	-74.00293877	2021	40.75929124	-73.98859651	1
0	23	22432	504	40.73221853	-73.98165557	527	40.74315566	-73.97434726	2
0	23	50774	72	40.76727216	-73.99392888	116	40.74177603	-74.00149746	1
0	23	580	363	40.70834698	-74.01713445	327	40.7153379	-74.01658354	1
0	23	50775	218	40.69028437	-73.98707105	323	40.69236178	-73.98631746	1
0	23	7483	251	40.72317958	-73.99480012	276	40.71748752	-74.0104554	1
0	23	18362	395	40.68807003	-73.98410637	83	40.68382604	-73.97632328	1
0	23	30668	335	40.72903917	-73.99404649	380	40.73401143	-74.00293877	1
0	23	36896	394	40.72521311	-73.97768752	252	40.73226398	-73.99852205	1
0	23	46219	438	40.72779126	-73.98564945	507	40.73912601	-73.97973776	1
0	23	23896	504	40.73221853	-73.98165557	433	40.72955361	-73.98057249	1
0	23	11130	307	40.71427487	-73.98990025	502	40.714215	-73.981346	1
0	23	27835	459	40.746745	-74.007756	394	40.72521311	-73.97768752	1
0	23	16235	483	40.73223272	-73.98889957	531	40.71893904	-73.99266288	2
0	23	42317	319	40.71336124	-74.00937622	82	40.71117416	-74.00016545	1
0	23	26727	412	40.7158155	-73.99422366	377	40.72243797	-74.00566443	1
0	23	26820	296	40.71413089	-73.9970468	293	40.73028666	-73.9907647	1
0	23	49166	420	40.68764484	-73.96968902	437	40.6809833854	-73.9500479759	1
0	23	27706	412	40.7158155	-73.99422366	329	40.72043411	-74.01020609	1
0	23	38484	456	40.7597108	-73.97402311	540	40.74147286	-73.98320928	1
0	23	50777	540	40.74147286	-73.98320928	164	40.75323098	-73.97032517	1
0	23	41503	453	40.74475148	-73.99915362	483	40.73223272	-73.98889957	1
0	23	20108	253	40.73543934	-73.99453948	401	40.72019576	-73.98997825	1
0	23	41735	253	40.73543934	-73.99453948	363	40.70834698	-74.01713445	1
0	23	7918	128	40.72710258	-74.00297088	463	40.74206539	-74.00443172	1
0	23	15097	422	40.770513	-73.988038	439	40.7262807	-73.98978041	1
0	23	29024	243	40.687979	-73.978474	477	40.75640548	-73.9900262	1
0	23	48817	397	40.68415748	-73.96922273	120	40.68676793	-73.95928168	1
0	23	16264	447	40.76370739	-73.9851615	513	40.768254	-73.988639	1
0	23	17261	351	40.70530954	-74.00612572	307	40.71427487	-73.98990025	1
0	23	46673	439	40.7262807	-73.98978041	320	40.71743998	-74.00583475	1
0	23	43103	531	40.71893904	-73.99266288	383	40.735238	-74.000271	1
0	23	14718	285	40.73454567	-73.99074142	433	40.72955361	-73.98057249	1
0	23	30504	310	40.68926942	-73.98912867	420	40.68764484	-73.96968902	2
0	23	10719	401	40.72019576	-73.98997825	410	40.72066442	-73.98517977	1
0	23	9879	498	40.74854862	-73.98808416	497	40.73704984	-73.99009296	1
0	23	8179	380	40.73401143	-74.00293877	463	40.74206539	-74.00443172	1
0	23	10616	325	40.73624527	-73.98473765	325	40.73624527	-73.98473765	1
0	23	16108	334	40.74238787	-73.99726235	380	40.73401143	-74.00293877	1
0	23	47554	453	40.74475148	-73.99915362	475	40.73524276	-73.98758561	2
0	23	7725	442	40.746647	-73.993915	448	40.75660359	-73.9979009	1
0	23	28832	232	40.69597683	-73.99014892	157	40.69089272	-73.99612349	1
0	23	14280	335	40.72903917	-73.99404649	317	40.72453734	-73.98185424	1
0	23	49223	319	40.71336124	-74.00937622	224	40.71146364	-74.00552427	1
0	23	12902	253	40.73543934	-73.99453948	482	40.73935542	-73.99931783	1
0	23	21921	416	40.68753406	-73.97265183	258	40.68940747	-73.96885458	1
0	23	26236	319	40.71336124	-74.00937622	195	40.70905623	-74.01043382	1
0	23	14571	383	40.735238	-74.000271	380	40.73401143	-74.00293877	1
0	23	22709	483	40.73223272	-73.98889957	223	40.73781509	-73.99994661	1
0	23	28107	284	40.7390169121	-74.0026376103	463	40.74206539	-74.00443172	2
0	23	5558	237	40.73047309	-73.98672378	335	40.72903917	-73.99404649	1
0	23	12716	497	40.73704984	-73.99009296	475	40.73524276	-73.98758561	1
0	23	50794	274	40.68691865	-73.976682	298	40.68683208	-73.9796772	1
0	23	23884	244	40.69196035	-73.96536851	353	40.68539567	-73.97431458	1
0	23	34284	297	40.734232	-73.986923	512	40.7500727	-73.99839279	1
0	23	23922	237	40.73047309	-73.98672378	540	40.74147286	-73.98320928	1
0	23	9638	426	40.71754834	-74.01322069	195	40.70905623	-74.01043382	1
0	23	7702	512	40.7500727	-73.99839279	463	40.74206539	-74.00443172	1
0	23	7166	368	40.73038599	-74.00214988	483	40.73223272	-73.98889957	1
0	23	22923	346	40.73652889	-74.00618026	361	40.71605866	-73.99190759	2
0	23	32701	233	40.69246277	-73.98963911	2002	40.716887	-73.963198	2
0	23	25717	385	40.75797322	-73.96603308	517	40.75149263	-73.97798848	1
0	23	26923	532	40.710451	-73.960876	263	40.71729	-73.996375	2
0	23	8913	361	40.71605866	-73.99190759	504	40.73221853	-73.98165557	1
0	23	13911	237	40.73047309	-73.98672378	401	40.72019576	-73.98997825	1
0	23	26406	507	40.73912601	-73.97973776	335	40.72903917	-73.99404649	1
0	23	19729	509	40.7454973	-74.00197139	346	40.73652889	-74.00618026	1
0	23	11672	482	40.73935542	-73.99931783	405	40.739323	-74.008119	1
0	23	11545	403	40.72502876	-73.99069656	368	40.73038599	-74.00214988	2
0	23	27843	380	40.73401143	-74.00293877	540	40.74147286	-73.98320928	1
0	23	50721	513	40.768254	-73.988639	317	40.72453734	-73.98185424	1
0	23	18450	2006	40.76590936	-73.97634151	528	40.74290902	-73.97706058	2
0	23	50722	408	40.71076228	-73.99400398	284	40.7390169121	-74.0026376103	2
0	23	44937	320	40.71743998	-74.00583475	346	40.73652889	-74.00618026	1
0	23	15445	293	40.73028666	-73.9907647	348	40.72490985	-74.00154702	1
0	23	27274	510	40.7606597	-73.98042047	457	40.76695317	-73.98169333	1
0	23	21633	500	40.76228826	-73.98336183	482	40.73935542	-73.99931783	1
0	23	50723	161	40.72917025	-73.99810231	2009	40.71117444	-73.99682619	1
0	23	3527	445	40.72740794	-73.98142006	301	40.72217444	-73.98368779	1
0	23	12623	448	40.75660359	-73.9979009	2021	40.75929124	-73.98859651	1
0	23	14573	537	40.74025878	-73.98409214	297	40.734232	-73.986923	1
0	23	12553	254	40.73532427	-73.99800419	432	40.72621788	-73.98379855	1
0	23	29217	430	40.7014851	-73.98656928	157	40.69089272	-73.99612349	1
0	23	14110	529	40.7575699	-73.99098507	444	40.7423543	-73.98915076	1
0	23	50724	465	40.75513557	-73.98658032	339	40.72580614	-73.97422494	1
0	23	40562	368	40.73038599	-74.00214988	545	40.736502	-73.97809472	2
0	23	16448	312	40.722055	-73.989111	237	40.73047309	-73.98672378	1
0	23	15001	320	40.71743998	-74.00583475	146	40.71625008	-74.0091059	1
0	23	41891	353	40.68539567	-73.97431458	396	40.680342423	-73.9557689392	1
0	23	26003	428	40.72467721	-73.98783413	476	40.74394314	-73.97966069	1
0	23	484	355	40.71602118	-73.99974372	355	40.71602118	-73.99974372	1
0	23	22262	237	40.73047309	-73.98672378	507	40.73912601	-73.97973776	1
0	23	42015	258	40.68940747	-73.96885458	395	40.68807003	-73.98410637	1
0	23	103	348	40.72490985	-74.00154702	417	40.71291224	-74.01020234	1
0	23	23220	366	40.693261	-73.968896	244	40.69196035	-73.96536851	1
0	23	28152	479	40.76019252	-73.9912551	446	40.74487634	-73.99529885	2
0	23	19584	348	40.72490985	-74.00154702	229	40.72743423	-73.99379025	1
0	23	20485	492	40.75019995	-73.99093085	499	40.76915505	-73.98191841	1
0	23	23919	459	40.746745	-74.007756	432	40.72621788	-73.98379855	1
0	23	25302	385	40.75797322	-73.96603308	173	40.76064679	-73.98442659	2
0	23	42777	293	40.73028666	-73.9907647	363	40.70834698	-74.01713445	1
0	23	45998	253	40.73543934	-73.99453948	364	40.68900443	-73.96023854	1
0	23	34387	380	40.73401143	-74.00293877	475	40.73524276	-73.98758561	1
0	23	20918	271	40.68528172	-73.97805813	416	40.68753406	-73.97265183	1
0	23	45845	307	40.71427487	-73.98990025	361	40.71605866	-73.99190759	1
0	23	5775	229	40.72743423	-73.99379025	336	40.73047747	-73.99906065	1
0	23	26662	536	40.74144387	-73.97536082	297	40.734232	-73.986923	1
0	23	17048	479	40.76019252	-73.9912551	448	40.75660359	-73.9979009	1
0	23	17315	450	40.76227205	-73.98788205	448	40.75660359	-73.9979009	1
0	23	10061	358	40.73291553	-74.00711384	369	40.73224119	-74.00026394	2
0	23	50725	276	40.71748752	-74.0104554	280	40.73331967	-73.99510132	2
0	23	27607	439	40.7262807	-73.98978041	311	40.7172274	-73.98802084	1
0	23	50726	482	40.73935542	-73.99931783	518	40.74780373	-73.9734419	1
0	23	14647	368	40.73038599	-74.00214988	345	40.73649403	-73.99704374	1
0	23	8597	2004	40.724399	-74.004704	268	40.71910537	-73.99973337	1
0	23	30730	507	40.73912601	-73.97973776	517	40.75149263	-73.97798848	1
0	23	2149	507	40.73912601	-73.97973776	519	40.75188406	-73.97770164	1
0	23	24881	518	40.74780373	-73.9734419	476	40.74394314	-73.97966069	1
0	23	50727	457	40.76695317	-73.98169333	461	40.73587678	-73.98205027	3
0	23	14824	479	40.76019252	-73.9912551	459	40.746745	-74.007756	1
0	23	12707	459	40.746745	-74.007756	507	40.73912601	-73.97973776	1
0	23	18441	284	40.7390169121	-74.0026376103	432	40.72621788	-73.98379855	1
0	23	50728	457	40.76695317	-73.98169333	419	40.69580705	-73.97355569	1
0	23	10018	2022	40.75849116	-73.95920622	457	40.76695317	-73.98169333	1
0	23	11423	147	40.71542197	-74.01121978	212	40.74334935	-74.00681753	1
0	23	9987	487	40.73314259	-73.97573881	401	40.72019576	-73.98997825	1
0	23	11803	368	40.73038599	-74.00214988	382	40.73492695	-73.99200509	2
0	23	50729	167	40.7489006	-73.97604882	340	40.71269042	-73.98776323	1
0	23	14954	513	40.768254	-73.988639	529	40.7575699	-73.99098507	1
0	23	12639	504	40.73221853	-73.98165557	300	40.728145	-73.990214	1
0	23	34919	513	40.768254	-73.988639	518	40.74780373	-73.9734419	2
0	23	9575	335	40.72903917	-73.99404649	439	40.7262807	-73.98978041	1
0	23	50730	263	40.71729	-73.996375	343	40.69794	-73.96986848	2
0	23	44793	469	40.76344058	-73.98268129	358	40.73291553	-74.00711384	1
0	23	49205	520	40.75992262	-73.97648516	300	40.728145	-73.990214	1
0	23	37058	449	40.76461837	-73.98789473	446	40.74487634	-73.99529885	1
0	23	9297	445	40.72740794	-73.98142006	335	40.72903917	-73.99404649	2
0	23	15463	2017	40.75022392	-73.97121414	151	40.7218158	-73.99720307	1
0	23	15620	2021	40.75929124	-73.98859651	380	40.73401143	-74.00293877	1
0	23	7507	479	40.76019252	-73.9912551	309	40.7149787	-74.013012	1
0	23	45401	237	40.73047309	-73.98672378	311	40.7172274	-73.98802084	1
0	23	17397	518	40.74780373	-73.9734419	487	40.73314259	-73.97573881	1
0	23	34565	447	40.76370739	-73.9851615	467	40.68312489	-73.97895137	1
0	23	9561	380	40.73401143	-74.00293877	151	40.7218158	-73.99720307	2
0	23	13689	388	40.749717753	-74.002950346	368	40.73038599	-74.00214988	1
0	23	4337	536	40.74144387	-73.97536082	504	40.73221853	-73.98165557	1
0	23	49698	539	40.71534825	-73.96024116	289	40.6845683	-73.95881081	1
0	23	48792	280	40.73331967	-73.99510132	516	40.75206862	-73.96784384	1
0	23	17382	537	40.74025878	-73.98409214	164	40.75323098	-73.97032517	1
0	23	21262	500	40.76228826	-73.98336183	479	40.76019252	-73.9912551	1
0	23	50731	358	40.73291553	-74.00711384	479	40.76019252	-73.9912551	1
0	23	20189	432	40.72621788	-73.98379855	295	40.71406667	-73.99293911	1
0	23	25820	375	40.72679454	-73.99695094	265	40.72229346	-73.99147535	1
0	23	2917	223	40.73781509	-73.99994661	470	40.74345335	-74.00004031	1
0	23	46796	499	40.76915505	-73.98191841	455	40.75001986	-73.96905301	1
0	23	23057	261	40.69474881	-73.98362464	2002	40.716887	-73.963198	2
0	23	10336	483	40.73223272	-73.98889957	161	40.72917025	-73.99810231	1
0	23	23818	420	40.68764484	-73.96968902	120	40.68676793	-73.95928168	1
0	23	21567	387	40.71273266	-74.0046073	300	40.728145	-73.990214	2
0	23	21922	470	40.74345335	-74.00004031	513	40.768254	-73.988639	1
0	23	40186	514	40.76087502	-74.00277668	512	40.7500727	-73.99839279	2
0	23	17548	355	40.71602118	-73.99974372	331	40.71173107	-73.99193043	1
0	23	18443	281	40.7643971	-73.97371465	444	40.7423543	-73.98915076	3
0	23	10474	251	40.72317958	-73.99480012	128	40.72710258	-74.00297088	1
0	23	9598	296	40.71413089	-73.9970468	307	40.71427487	-73.98990025	2
0	23	14396	401	40.72019576	-73.98997825	79	40.71911552	-74.00666661	1
0	23	4247	426	40.71754834	-74.01322069	404	40.7405826	-74.00550867	1
0	23	9369	2006	40.76590936	-73.97634151	2006	40.76590936	-73.97634151	1
0	23	20915	254	40.73532427	-73.99800419	325	40.73624527	-73.98473765	1
0	23	12069	439	40.7262807	-73.98978041	268	40.71910537	-73.99973337	1
0	23	23738	546	40.74444921	-73.98303529	473	40.72110063	-73.9919254	1
0	23	50732	369	40.73224119	-74.00026394	469	40.76344058	-73.98268129	1
0	23	50733	397	40.68415748	-73.96922273	432	40.72621788	-73.98379855	1
0	23	21454	459	40.746745	-74.007756	480	40.76669671	-73.99061728	1
0	23	20007	465	40.75513557	-73.98658032	335	40.72903917	-73.99404649	1
0	23	47037	439	40.7262807	-73.98978041	361	40.71605866	-73.99190759	1
0	23	21605	428	40.72467721	-73.98783413	285	40.73454567	-73.99074142	1
0	23	38101	482	40.73935542	-73.99931783	383	40.735238	-74.000271	1
0	23	40231	348	40.72490985	-74.00154702	453	40.74475148	-73.99915362	1
0	23	40795	265	40.72229346	-73.99147535	489	40.75066386	-74.00176802	1
0	23	12136	504	40.73221853	-73.98165557	487	40.73314259	-73.97573881	2
0	23	38175	498	40.74854862	-73.98808416	435	40.74173969	-73.99415556	1
0	23	7327	225	40.74195138	-74.00803013	348	40.72490985	-74.00154702	1
0	23	45097	509	40.7454973	-74.00197139	489	40.75066386	-74.00176802	1
0	23	1061	167	40.7489006	-73.97604882	305	40.76095756	-73.96724467	1
0	23	3182	116	40.74177603	-74.00149746	494	40.74734825	-73.99723551	2
0	23	29970	319	40.71336124	-74.00937622	363	40.70834698	-74.01713445	1
0	23	46391	258	40.68940747	-73.96885458	391	40.69760127	-73.99344559	1
0	23	15286	323	40.69236178	-73.98631746	265	40.72229346	-73.99147535	1
0	23	13318	447	40.76370739	-73.9851615	447	40.76370739	-73.9851615	2
0	23	41709	483	40.73223272	-73.98889957	411	40.72228087	-73.97668709	1
0	23	2666	323	40.69236178	-73.98631746	402	40.7403432	-73.98955109	1
0	23	13896	458	40.751396	-74.005226	252	40.73226398	-73.99852205	1
0	23	46897	526	40.74765947	-73.98490707	355	40.71602118	-73.99974372	1
0	23	50734	2000	40.70255088	-73.98940236	306	40.70823502	-74.00530063	1
0	23	7684	468	40.7652654	-73.98192338	305	40.76095756	-73.96724467	1
0	23	25017	271	40.68528172	-73.97805813	157	40.69089272	-73.99612349	1
0	23	27022	539	40.71534825	-73.96024116	150	40.7208736	-73.98085795	1
0	23	22482	375	40.72679454	-73.99695094	311	40.7172274	-73.98802084	1
0	23	31295	457	40.76695317	-73.98169333	450	40.76227205	-73.98788205	1
0	23	22866	447	40.76370739	-73.9851615	509	40.7454973	-74.00197139	1
0	23	16323	466	40.74395411	-73.99144871	486	40.7462009	-73.98855723	1
0	23	4480	380	40.73401143	-74.00293877	380	40.73401143	-74.00293877	1
0	23	48535	224	40.71146364	-74.00552427	392	40.695065	-73.987167	2
0	23	24167	353	40.68539567	-73.97431458	270	40.69308257	-73.97178913	1
0	23	50735	79	40.71911552	-74.00666661	225	40.74195138	-74.00803013	1
0	23	34647	489	40.75066386	-74.00176802	237	40.73047309	-73.98672378	1
0	23	15537	402	40.7403432	-73.98955109	461	40.73587678	-73.98205027	1
0	23	13476	529	40.7575699	-73.99098507	499	40.76915505	-73.98191841	1
0	23	31082	236	40.7284186	-73.98713956	504	40.73221853	-73.98165557	1
0	23	9753	238	40.7361967	-74.00859207	518	40.74780373	-73.9734419	1
0	23	21341	382	40.73492695	-73.99200509	528	40.74290902	-73.97706058	1
0	23	50736	466	40.74395411	-73.99144871	306	40.70823502	-74.00530063	2
0	23	32499	296	40.71413089	-73.9970468	456	40.7597108	-73.97402311	1
0	23	34581	352	40.76340613	-73.97722479	223	40.73781509	-73.99994661	1
0	23	50737	390	40.69221589	-73.9842844	414	40.70281858	-73.98765762	1
0	23	18834	472	40.7457121	-73.98194829	457	40.76695317	-73.98169333	1
0	23	10347	217	40.70277159	-73.99383605	398	40.69165183	-73.9999786	2
0	23	16760	348	40.72490985	-74.00154702	358	40.73291553	-74.00711384	1
0	23	11456	442	40.746647	-73.993915	504	40.73221853	-73.98165557	1
0	23	38201	229	40.72743423	-73.99379025	453	40.74475148	-73.99915362	1
0	23	34278	461	40.73587678	-73.98205027	540	40.74147286	-73.98320928	1
0	23	2936	398	40.69165183	-73.9999786	391	40.69760127	-73.99344559	1
0	23	9626	462	40.74691959	-74.00451887	478	40.76030096	-73.99884222	1
0	23	40869	499	40.76915505	-73.98191841	358	40.73291553	-74.00711384	1
0	23	13864	465	40.75513557	-73.98658032	461	40.73587678	-73.98205027	1
0	23	20009	361	40.71605866	-73.99190759	307	40.71427487	-73.98990025	1
0	23	9142	386	40.71494807	-74.00234482	375	40.72679454	-73.99695094	1
0	23	1911	432	40.72621788	-73.98379855	293	40.73028666	-73.9907647	1
0	23	9181	281	40.7643971	-73.97371465	499	40.76915505	-73.98191841	1
0	23	31420	274	40.68691865	-73.976682	395	40.68807003	-73.98410637	1
0	23	23181	280	40.73331967	-73.99510132	174	40.7381765	-73.97738662	2
0	23	14879	2003	40.73416059	-73.98024289	237	40.73047309	-73.98672378	1
0	23	38806	387	40.71273266	-74.0046073	350	40.71559509	-73.9870295	1
0	23	2390	500	40.76228826	-73.98336183	500	40.76228826	-73.98336183	1
0	23	22346	490	40.751551	-73.993934	499	40.76915505	-73.98191841	1
0	23	19714	311	40.7172274	-73.98802084	301	40.72217444	-73.98368779	1
0	23	7975	335	40.72903917	-73.99404649	483	40.73223272	-73.98889957	1
0	23	9807	526	40.74765947	-73.98490707	536	40.74144387	-73.97536082	1
0	23	7789	448	40.75660359	-73.9979009	442	40.746647	-73.993915	1
0	23	34112	116	40.74177603	-74.00149746	447	40.76370739	-73.9851615	1
0	23	11570	369	40.73224119	-74.00026394	473	40.72110063	-73.9919254	1
0	23	50738	368	40.73038599	-74.00214988	468	40.7652654	-73.98192338	1
0	23	45282	475	40.73524276	-73.98758561	432	40.72621788	-73.98379855	1
0	23	20705	382	40.73492695	-73.99200509	383	40.735238	-74.000271	1
0	23	117	447	40.76370739	-73.9851615	499	40.76915505	-73.98191841	2
0	23	12808	324	40.689888	-73.981013	366	40.693261	-73.968896	1
0	23	32715	309	40.7149787	-74.013012	309	40.7149787	-74.013012	1
0	23	40055	161	40.72917025	-73.99810231	438	40.72779126	-73.98564945	1
0	23	28778	423	40.76584941	-73.98690506	352	40.76340613	-73.97722479	1
0	23	50739	448	40.75660359	-73.9979009	545	40.736502	-73.97809472	1
0	23	12263	348	40.72490985	-74.00154702	439	40.7262807	-73.98978041	1
0	23	6334	251	40.72317958	-73.99480012	404	40.7405826	-74.00550867	1
0	23	2445	410	40.72066442	-73.98517977	531	40.71893904	-73.99266288	1
0	23	1916	448	40.75660359	-73.9979009	462	40.74691959	-74.00451887	2
0	23	50740	483	40.73223272	-73.98889957	474	40.7451677	-73.98683077	1
0	23	38401	529	40.7575699	-73.99098507	504	40.73221853	-73.98165557	1
0	23	37768	486	40.7462009	-73.98855723	72	40.76727216	-73.99392888	1
0	23	13310	151	40.7218158	-73.99720307	285	40.73454567	-73.99074142	1
0	23	17410	2000	40.70255088	-73.98940236	418	40.70224	-73.982578	2
0	23	46902	274	40.68691865	-73.976682	344	40.6851443	-73.95380904	1
0	23	14735	368	40.73038599	-74.00214988	237	40.73047309	-73.98672378	1
0	23	20668	245	40.69327018	-73.97703874	366	40.693261	-73.968896	1
0	23	22751	300	40.728145	-73.990214	301	40.72217444	-73.98368779	1
0	23	14381	223	40.73781509	-73.99994661	280	40.73331967	-73.99510132	1
0	23	20057	402	40.7403432	-73.98955109	160	40.748238	-73.978311	1
0	23	8380	531	40.71893904	-73.99266288	415	40.7047177	-74.00926027	1
0	23	14309	475	40.73524276	-73.98758561	511	40.72938685	-73.97772429	1
0	23	50741	479	40.76019252	-73.9912551	516	40.75206862	-73.96784384	1
0	23	50262	237	40.73047309	-73.98672378	473	40.72110063	-73.9919254	1
0	23	33675	319	40.71336124	-74.00937622	432	40.72621788	-73.98379855	1
0	23	27392	422	40.770513	-73.988038	466	40.74395411	-73.99144871	1
0	23	27023	418	40.70224	-73.982578	366	40.693261	-73.968896	2
0	23	12573	528	40.74290902	-73.97706058	504	40.73221853	-73.98165557	1
0	23	28117	364	40.68900443	-73.96023854	436	40.68216564	-73.95399026	1
0	23	50742	471	40.71286844	-73.95698119	457	40.76695317	-73.98169333	1
0	23	50743	304	40.70463334	-74.01361706	453	40.74475148	-73.99915362	1
0	23	36205	486	40.7462009	-73.98855723	290	40.76020258	-73.96478473	1
0	23	31300	422	40.770513	-73.988038	447	40.76370739	-73.9851615	1
0	23	359	545	40.736502	-73.97809472	290	40.76020258	-73.96478473	1
0	23	5462	387	40.71273266	-74.0046073	306	40.70823502	-74.00530063	1
0	23	23821	229	40.72743423	-73.99379025	477	40.75640548	-73.9900262	1
0	23	26911	243	40.687979	-73.978474	254	40.73532427	-73.99800419	1
0	23	46667	515	40.76009437	-73.99461843	428	40.72467721	-73.98783413	1
0	23	32517	512	40.7500727	-73.99839279	348	40.72490985	-74.00154702	1
0	23	20298	537	40.74025878	-73.98409214	444	40.7423543	-73.98915076	1
0	23	50744	265	40.72229346	-73.99147535	450	40.76227205	-73.98788205	1
0	23	14913	326	40.72953837	-73.98426726	342	40.71739973	-73.98016555	1
0	23	25601	435	40.74173969	-73.99415556	439	40.7262807	-73.98978041	1
0	23	17468	447	40.76370739	-73.9851615	515	40.76009437	-73.99461843	1
0	23	4608	358	40.73291553	-74.00711384	358	40.73291553	-74.00711384	1
0	23	10002	448	40.75660359	-73.9979009	459	40.746745	-74.007756	1
0	23	18610	486	40.7462009	-73.98855723	488	40.75645824	-73.99372222	1
0	23	21283	432	40.72621788	-73.98379855	251	40.72317958	-73.99480012	1
0	23	13234	358	40.73291553	-74.00711384	401	40.72019576	-73.98997825	1
0	23	50745	238	40.7361967	-74.00859207	527	40.74315566	-73.97434726	1
0	23	31747	484	40.75500254	-73.98014437	527	40.74315566	-73.97434726	1
0	23	13494	426	40.71754834	-74.01322069	459	40.746745	-74.007756	2
0	23	41178	167	40.7489006	-73.97604882	375	40.72679454	-73.99695094	1
0	23	25426	504	40.73221853	-73.98165557	295	40.71406667	-73.99293911	2
0	23	21516	369	40.73224119	-74.00026394	497	40.73704984	-73.99009296	1
0	23	17909	358	40.73291553	-74.00711384	467	40.68312489	-73.97895137	1
0	23	19435	357	40.73261787	-73.99158043	432	40.72621788	-73.98379855	1
0	23	22885	520	40.75992262	-73.97648516	489	40.75066386	-74.00176802	1
0	23	33104	285	40.73454567	-73.99074142	265	40.72229346	-73.99147535	1
0	23	33820	391	40.69760127	-73.99344559	310	40.68926942	-73.98912867	1
0	23	43266	475	40.73524276	-73.98758561	445	40.72740794	-73.98142006	1
0	23	50746	144	40.69839895	-73.98068914	144	40.69839895	-73.98068914	1
0	23	11505	456	40.7597108	-73.97402311	476	40.74394314	-73.97966069	1
0	23	15230	500	40.76228826	-73.98336183	529	40.7575699	-73.99098507	1
0	23	17449	293	40.73028666	-73.9907647	266	40.72368361	-73.97574813	1
0	23	9147	382	40.73492695	-73.99200509	415	40.7047177	-74.00926027	1
0	23	1155	428	40.72467721	-73.98783413	116	40.74177603	-74.00149746	1
0	23	38785	358	40.73291553	-74.00711384	336	40.73047747	-73.99906065	1
0	23	32318	540	40.74147286	-73.98320928	348	40.72490985	-74.00154702	2
0	23	17426	379	40.749156	-73.9916	459	40.746745	-74.007756	1
0	23	12067	312	40.722055	-73.989111	293	40.73028666	-73.9907647	1
0	23	11507	324	40.689888	-73.981013	258	40.68940747	-73.96885458	2
0	23	10476	457	40.76695317	-73.98169333	523	40.75466591	-73.99138152	1
0	23	50747	540	40.74147286	-73.98320928	146	40.71625008	-74.0091059	2
0	23	13060	482	40.73935542	-73.99931783	523	40.75466591	-73.99138152	1
0	23	34237	444	40.7423543	-73.98915076	385	40.75797322	-73.96603308	1
0	23	2764	512	40.7500727	-73.99839279	434	40.74317449	-74.00366443	1
0	23	12682	348	40.72490985	-74.00154702	307	40.71427487	-73.98990025	1
0	23	11338	518	40.74780373	-73.9734419	439	40.7262807	-73.98978041	1
0	23	50748	392	40.695065	-73.987167	279	40.69986937	-73.98271933	1
0	23	50749	195	40.70905623	-74.01043382	504	40.73221853	-73.98165557	1
0	23	3648	426	40.71754834	-74.01322069	363	40.70834698	-74.01713445	1
0	23	18557	335	40.72903917	-73.99404649	336	40.73047747	-73.99906065	1
0	23	32682	438	40.72779126	-73.98564945	536	40.74144387	-73.97536082	1
0	23	50750	465	40.75513557	-73.98658032	342	40.71739973	-73.98016555	1
0	23	18644	395	40.68807003	-73.98410637	274	40.68691865	-73.976682	1
0	23	25815	509	40.7454973	-74.00197139	317	40.72453734	-73.98185424	1
0	23	12968	401	40.72019576	-73.98997825	2017	40.75022392	-73.97121414	1
0	23	10119	472	40.7457121	-73.98194829	504	40.73221853	-73.98165557	1
0	23	1059	507	40.73912601	-73.97973776	469	40.76344058	-73.98268129	1
0	23	7579	494	40.74734825	-73.99723551	489	40.75066386	-74.00176802	1
0	23	11937	301	40.72217444	-73.98368779	349	40.71850211	-73.98329859	1
0	23	10410	2003	40.73416059	-73.98024289	317	40.72453734	-73.98185424	2
0	23	44739	301	40.72217444	-73.98368779	400	40.71926081	-73.98178024	1
0	23	12914	512	40.7500727	-73.99839279	512	40.7500727	-73.99839279	1
0	23	11519	300	40.728145	-73.990214	151	40.7218158	-73.99720307	1
0	23	23248	517	40.75149263	-73.97798848	527	40.74315566	-73.97434726	1
0	23	25105	482	40.73935542	-73.99931783	369	40.73224119	-74.00026394	1
0	23	11586	327	40.7153379	-74.01658354	358	40.73291553	-74.00711384	1
0	23	50751	2003	40.73416059	-73.98024289	363	40.70834698	-74.01713445	1
0	23	195	285	40.73454567	-73.99074142	447	40.76370739	-73.9851615	1
0	23	5370	475	40.73524276	-73.98758561	444	40.7423543	-73.98915076	1
0	23	14131	488	40.75645824	-73.99372222	358	40.73291553	-74.00711384	1
0	23	41894	528	40.74290902	-73.97706058	356	40.71622644	-73.98261206	1
0	23	50752	312	40.722055	-73.989111	529	40.7575699	-73.99098507	1
0	23	10941	263	40.71729	-73.996375	330	40.71450451	-74.00562789	2
0	23	11414	384	40.68317813	-73.9659641	397	40.68415748	-73.96922273	1
0	23	9580	387	40.71273266	-74.0046073	232	40.69597683	-73.99014892	6
0	23	32971	462	40.74691959	-74.00451887	254	40.73532427	-73.99800419	1
0	23	13248	257	40.71939226	-74.00247214	329	40.72043411	-74.01020609	1
0	23	33679	380	40.73401143	-74.00293877	488	40.75645824	-73.99372222	1
0	23	44646	528	40.74290902	-73.97706058	529	40.7575699	-73.99098507	1
0	23	44985	445	40.72740794	-73.98142006	2021	40.75929124	-73.98859651	1
0	23	50753	2003	40.73416059	-73.98024289	457	40.76695317	-73.98169333	1
0	23	17931	490	40.751551	-73.993934	472	40.7457121	-73.98194829	1
0	23	43335	264	40.70706456	-74.00731853	363	40.70834698	-74.01713445	1
0	23	27673	316	40.70955958	-74.00653609	82	40.71117416	-74.00016545	1
0	23	24408	450	40.76227205	-73.98788205	456	40.7597108	-73.97402311	1
0	23	13801	297	40.734232	-73.986923	380	40.73401143	-74.00293877	2
0	23	27941	497	40.73704984	-73.99009296	458	40.751396	-74.005226	1
0	23	24855	504	40.73221853	-73.98165557	410	40.72066442	-73.98517977	1
0	23	36938	533	40.75299641	-73.98721619	174	40.7381765	-73.97738662	1
0	23	1542	444	40.7423543	-73.98915076	545	40.736502	-73.97809472	1
0	23	8400	387	40.71273266	-74.0046073	387	40.71273266	-74.0046073	1
0	23	8900	151	40.7218158	-73.99720307	268	40.71910537	-73.99973337	1
0	23	10842	497	40.73704984	-73.99009296	462	40.74691959	-74.00451887	2
0	23	11486	479	40.76019252	-73.9912551	479	40.76019252	-73.9912551	1
0	23	9259	237	40.73047309	-73.98672378	393	40.72299208	-73.97995466	1
0	23	50754	228	40.7546011026	-73.971878855	463	40.74206539	-74.00443172	3
0	23	15605	459	40.746745	-74.007756	380	40.73401143	-74.00293877	1
0	23	21487	497	40.73704984	-73.99009296	410	40.72066442	-73.98517977	1
0	23	38941	237	40.73047309	-73.98672378	380	40.73401143	-74.00293877	1
0	23	30872	524	40.75527307	-73.98316936	518	40.74780373	-73.9734419	2
0	23	40759	137	40.761628	-73.972924	461	40.73587678	-73.98205027	1
0	23	29476	382	40.73492695	-73.99200509	401	40.72019576	-73.98997825	1
0	23	34498	151	40.7218158	-73.99720307	307	40.71427487	-73.98990025	1
0	23	25904	327	40.7153379	-74.01658354	264	40.70706456	-74.00731853	1
0	23	8267	2021	40.75929124	-73.98859651	264	40.70706456	-74.00731853	1
0	23	11138	195	40.70905623	-74.01043382	195	40.70905623	-74.01043382	3
0	23	676	519	40.75188406	-73.97770164	475	40.73524276	-73.98758561	1
0	23	8992	285	40.73454567	-73.99074142	369	40.73224119	-74.00026394	2
0	23	8628	448	40.75660359	-73.9979009	498	40.74854862	-73.98808416	1
0	23	40149	441	40.756014	-73.967416	478	40.76030096	-73.99884222	1
0	23	26645	358	40.73291553	-74.00711384	308	40.71307916	-73.99851193	1
0	23	34206	479	40.76019252	-73.9912551	518	40.74780373	-73.9734419	2
0	23	23644	481	40.71260486	-73.96264403	471	40.71286844	-73.95698119	1
0	23	9352	147	40.71542197	-74.01121978	328	40.72405549	-74.00965965	1
0	23	246	480	40.76669671	-73.99061728	480	40.76669671	-73.99061728	1
0	23	27679	525	40.75594159	-74.0021163	388	40.749717753	-74.002950346	2
0	23	25846	363	40.70834698	-74.01713445	534	40.70255065	-74.0127234	2
0	23	48385	415	40.7047177	-74.00926027	427	40.70251526	-74.01427023	2
0	23	36515	515	40.76009437	-73.99461843	496	40.73726186	-73.99238967	1
0	23	3146	307	40.71427487	-73.98990025	350	40.71559509	-73.9870295	1
0	23	188	410	40.72066442	-73.98517977	438	40.72779126	-73.98564945	1
0	23	50755	397	40.68415748	-73.96922273	395	40.68807003	-73.98410637	1
0	23	16359	488	40.75645824	-73.99372222	546	40.74444921	-73.98303529	1
0	23	11176	357	40.73261787	-73.99158043	438	40.72779126	-73.98564945	1
0	23	4170	384	40.68317813	-73.9659641	274	40.68691865	-73.976682	1
0	23	20441	380	40.73401143	-74.00293877	251	40.72317958	-73.99480012	1
0	23	50756	289	40.6845683	-73.95881081	244	40.69196035	-73.96536851	1
0	23	50286	412	40.7158155	-73.99422366	420	40.68764484	-73.96968902	1
0	23	32191	438	40.72779126	-73.98564945	527	40.74315566	-73.97434726	1
0	23	30962	251	40.72317958	-73.99480012	345	40.73649403	-73.99704374	1
0	23	10691	497	40.73704984	-73.99009296	482	40.73935542	-73.99931783	1
0	23	858	435	40.74173969	-73.99415556	521	40.75044999	-73.99481051	1
0	23	14919	520	40.75992262	-73.97648516	263	40.71729	-73.996375	1
0	23	122	312	40.722055	-73.989111	323	40.69236178	-73.98631746	1
0	23	50757	520	40.75992262	-73.97648516	460	40.71285887	-73.96590294	1
0	23	28645	167	40.7489006	-73.97604882	518	40.74780373	-73.9734419	1
0	23	17516	439	40.7262807	-73.98978041	157	40.69089272	-73.99612349	1
0	23	18695	482	40.73935542	-73.99931783	375	40.72679454	-73.99695094	1
0	23	12215	450	40.76227205	-73.98788205	490	40.751551	-73.993934	1
0	23	649	327	40.7153379	-74.01658354	329	40.72043411	-74.01020609	2
0	23	14757	293	40.73028666	-73.9907647	252	40.73226398	-73.99852205	2
0	23	21891	312	40.722055	-73.989111	358	40.73291553	-74.00711384	1
0	23	37147	322	40.696192	-73.991218	314	40.69424674	-73.99215922	1
0	23	1285	482	40.73935542	-73.99931783	536	40.74144387	-73.97536082	2
0	23	35044	383	40.735238	-74.000271	301	40.72217444	-73.98368779	1
0	23	50758	462	40.74691959	-74.00451887	331	40.71173107	-73.99193043	1
0	23	7850	531	40.71893904	-73.99266288	348	40.72490985	-74.00154702	1
0	23	29752	146	40.71625008	-74.0091059	2010	40.72165481	-74.00234737	1
0	23	8841	128	40.72710258	-74.00297088	128	40.72710258	-74.00297088	7
0	23	14896	382	40.73492695	-73.99200509	247	40.73535398	-74.00483091	2
0	23	46811	405	40.739323	-74.008119	512	40.7500727	-73.99839279	1
0	23	21643	529	40.7575699	-73.99098507	449	40.76461837	-73.98789473	1
0	23	13298	83	40.68382604	-73.97632328	83	40.68382604	-73.97632328	1
0	23	3318	128	40.72710258	-74.00297088	328	40.72405549	-74.00965965	1
0	23	30372	369	40.73224119	-74.00026394	312	40.722055	-73.989111	1
0	23	30230	497	40.73704984	-73.99009296	495	40.76269882	-73.99301222	1
0	23	26957	528	40.74290902	-73.97706058	285	40.73454567	-73.99074142	1
0	23	41791	336	40.73047747	-73.99906065	361	40.71605866	-73.99190759	1
0	23	17376	521	40.75044999	-73.99481051	323	40.69236178	-73.98631746	1
0	23	28559	461	40.73587678	-73.98205027	439	40.7262807	-73.98978041	1
0	23	22019	312	40.722055	-73.989111	330	40.71450451	-74.00562789	1
0	23	50759	223	40.73781509	-73.99994661	453	40.74475148	-73.99915362	1
0	23	9992	426	40.71754834	-74.01322069	380	40.73401143	-74.00293877	2
0	23	46940	223	40.73781509	-73.99994661	450	40.76227205	-73.98788205	1
0	23	35276	504	40.73221853	-73.98165557	500	40.76228826	-73.98336183	1
0	23	15189	284	40.7390169121	-74.0026376103	151	40.7218158	-73.99720307	1
0	23	50760	295	40.71406667	-73.99293911	400	40.71926081	-73.98178024	1
0	23	329	453	40.74475148	-73.99915362	450	40.76227205	-73.98788205	1
0	23	37442	298	40.68683208	-73.9796772	395	40.68807003	-73.98410637	2
0	23	17849	382	40.73492695	-73.99200509	174	40.7381765	-73.97738662	1
0	23	28216	352	40.76340613	-73.97722479	518	40.74780373	-73.9734419	1
0	23	45680	392	40.695065	-73.987167	373	40.69331716	-73.95381995	2
0	23	7575	479	40.76019252	-73.9912551	512	40.7500727	-73.99839279	2
0	23	35494	545	40.736502	-73.97809472	228	40.7546011026	-73.971878855	2
0	23	24432	500	40.76228826	-73.98336183	484	40.75500254	-73.98014437	1
0	23	22141	504	40.73221853	-73.98165557	317	40.72453734	-73.98185424	1
0	23	42718	2002	40.716887	-73.963198	250	40.72456089	-73.99565293	1
0	23	34840	83	40.68382604	-73.97632328	157	40.69089272	-73.99612349	1
0	23	15079	492	40.75019995	-73.99093085	223	40.73781509	-73.99994661	1
0	23	1657	380	40.73401143	-74.00293877	462	40.74691959	-74.00451887	1
0	23	50761	532	40.710451	-73.960876	457	40.76695317	-73.98169333	2
0	23	23786	401	40.72019576	-73.98997825	531	40.71893904	-73.99266288	1
0	23	50762	2002	40.716887	-73.963198	537	40.74025878	-73.98409214	1
0	23	34466	274	40.68691865	-73.976682	262	40.69178232	-73.97372989	1
0	23	17692	466	40.74395411	-73.99144871	447	40.76370739	-73.9851615	1
0	23	21050	453	40.74475148	-73.99915362	152	40.71473993	-74.00910627	1
0	23	20667	528	40.74290902	-73.97706058	498	40.74854862	-73.98808416	1
0	23	23620	224	40.71146364	-74.00552427	417	40.71291224	-74.01020234	1
0	23	8136	447	40.76370739	-73.9851615	512	40.7500727	-73.99839279	1
0	23	50763	391	40.69760127	-73.99344559	426	40.71754834	-74.01322069	2
0	23	50764	478	40.76030096	-73.99884222	480	40.76669671	-73.99061728	1
0	23	28656	301	40.72217444	-73.98368779	350	40.71559509	-73.9870295	1
0	23	323	459	40.746745	-74.007756	331	40.71173107	-73.99193043	1
0	23	38948	83	40.68382604	-73.97632328	460	40.71285887	-73.96590294	4
0	23	33777	368	40.73038599	-74.00214988	432	40.72621788	-73.98379855	1
0	23	5449	383	40.735238	-74.000271	405	40.739323	-74.008119	1
0	23	21802	383	40.735238	-74.000271	238	40.7361967	-74.00859207	1
0	23	50070	444	40.7423543	-73.98915076	441	40.756014	-73.967416	1
0	23	16642	153	40.752062307	-73.9816324043	137	40.761628	-73.972924	1
0	23	1757	539	40.71534825	-73.96024116	282	40.70827295	-73.96834101	1
0	23	28115	329	40.72043411	-74.01020609	296	40.71413089	-73.9970468	1
0	23	2146	327	40.7153379	-74.01658354	363	40.70834698	-74.01713445	1
0	23	50765	421	40.69573398	-73.97129668	303	40.72362738	-73.99949601	1
0	23	23236	432	40.72621788	-73.98379855	532	40.710451	-73.960876	2
0	23	11563	497	40.73704984	-73.99009296	509	40.7454973	-74.00197139	2
0	23	50766	2003	40.73416059	-73.98024289	72	40.76727216	-73.99392888	1
0	23	24618	238	40.7361967	-74.00859207	329	40.72043411	-74.01020609	1
0	23	1076	421	40.69573398	-73.97129668	420	40.68764484	-73.96968902	1
0	23	30098	397	40.68415748	-73.96922273	396	40.680342423	-73.9557689392	1
0	23	17388	518	40.74780373	-73.9734419	504	40.73221853	-73.98165557	1
0	23	22431	285	40.73454567	-73.99074142	461	40.73587678	-73.98205027	1
0	23	7744	243	40.687979	-73.978474	474	40.7451677	-73.98683077	1
0	23	37727	323	40.69236178	-73.98631746	450	40.76227205	-73.98788205	1
0	23	23840	329	40.72043411	-74.01020609	82	40.71117416	-74.00016545	1
0	23	6723	444	40.7423543	-73.98915076	537	40.74025878	-73.98409214	1
0	23	50767	317	40.72453734	-73.98185424	426	40.71754834	-74.01322069	1
0	23	29730	346	40.73652889	-74.00618026	293	40.73028666	-73.9907647	1
0	23	50768	296	40.71413089	-73.9970468	2012	40.739445	-73.976806	2
0	23	2273	459	40.746745	-74.007756	426	40.71754834	-74.01322069	3
0	23	6106	453	40.74475148	-73.99915362	2021	40.75929124	-73.98859651	1
0	23	25312	376	40.70862144	-74.00722156	2004	40.724399	-74.004704	1
0	23	50769	278	40.69766564	-73.98476437	330	40.71450451	-74.00562789	2
0	23	50770	463	40.74206539	-74.00443172	502	40.714215	-73.981346	2
0	23	13282	312	40.722055	-73.989111	2010	40.72165481	-74.00234737	1
0	23	22839	453	40.74475148	-73.99915362	527	40.74315566	-73.97434726	1
0	23	47321	330	40.71450451	-74.00562789	268	40.71910537	-73.99973337	1
0	23	23858	167	40.7489006	-73.97604882	441	40.756014	-73.967416	1
0	23	11017	330	40.71450451	-74.00562789	355	40.71602118	-73.99974372	2
0	23	22458	459	40.746745	-74.007756	487	40.73314259	-73.97573881	1
0	23	1248	368	40.73038599	-74.00214988	293	40.73028666	-73.9907647	1
0	23	50771	430	40.7014851	-73.98656928	237	40.73047309	-73.98672378	1
0	23	33910	247	40.73535398	-74.00483091	405	40.739323	-74.008119	1
0	23	14245	270	40.69308257	-73.97178913	354	40.69363137	-73.96223558	1
0	23	376	504	40.73221853	-73.98165557	545	40.736502	-73.97809472	1
0	23	50772	527	40.74315566	-73.97434726	408	40.71076228	-73.99400398	2
0	23	12060	348	40.72490985	-74.00154702	403	40.72502876	-73.99069656	1
0	23	13123	472	40.7457121	-73.98194829	482	40.73935542	-73.99931783	1
0	23	1121	448	40.75660359	-73.9979009	479	40.76019252	-73.9912551	1
0	23	10769	336	40.73047747	-73.99906065	2010	40.72165481	-74.00234737	2
0	23	10240	382	40.73492695	-73.99200509	380	40.73401143	-74.00293877	2
0	23	16167	459	40.746745	-74.007756	476	40.74394314	-73.97966069	1
0	23	13515	368	40.73038599	-74.00214988	401	40.72019576	-73.98997825	1
0	23	21979	369	40.73224119	-74.00026394	229	40.72743423	-73.99379025	1
0	23	7164	448	40.75660359	-73.9979009	368	40.73038599	-74.00214988	1
0	23	42293	509	40.7454973	-74.00197139	147	40.71542197	-74.01121978	2
0	23	22936	361	40.71605866	-73.99190759	519	40.75188406	-73.97770164	1
0	23	50773	160	40.748238	-73.978311	508	40.76341379	-73.99667444	1
0	23	34859	453	40.74475148	-73.99915362	360	40.70717936	-74.00887308	1
0	23	15158	285	40.73454567	-73.99074142	432	40.72621788	-73.98379855	1
0	23	9551	497	40.73704984	-73.99009296	402	40.7403432	-73.98955109	1
0	23	18509	301	40.72217444	-73.98368779	509	40.7454973	-74.00197139	2
0	23	9041	497	40.73704984	-73.99009296	497	40.73704984	-73.99009296	2
0	23	17733	348	40.72490985	-74.00154702	257	40.71939226	-74.00247214	1
0	23	41076	416	40.68753406	-73.97265183	244	40.69196035	-73.96536851	1
0	23	930	82	40.71117416	-74.00016545	306	40.70823502	-74.00530063	1
0	23	44579	297	40.734232	-73.986923	266	40.72368361	-73.97574813	1
0	23	27584	251	40.72317958	-73.99480012	251	40.72317958	-73.99480012	1
0	23	21508	518	40.74780373	-73.9734419	167	40.7489006	-73.97604882	1
0	23	12164	328	40.72405549	-74.00965965	128	40.72710258	-74.00297088	1
0	23	16607	285	40.73454567	-73.99074142	266	40.72368361	-73.97574813	1
0	23	38799	449	40.76461837	-73.98789473	463	40.74206539	-74.00443172	1
0	23	32123	350	40.71559509	-73.9870295	307	40.71427487	-73.98990025	1
0	23	21235	405	40.739323	-74.008119	238	40.7361967	-74.00859207	1
0	23	390	442	40.746647	-73.993915	507	40.73912601	-73.97973776	1
0	23	33192	476	40.74394314	-73.97966069	297	40.734232	-73.986923	1
0	23	37116	439	40.7262807	-73.98978041	545	40.736502	-73.97809472	1
0	23	8370	229	40.72743423	-73.99379025	432	40.72621788	-73.98379855	1
0	23	19765	195	40.70905623	-74.01043382	3002	40.711512	-74.015756	3
0	23	41219	157	40.69089272	-73.99612349	539	40.71534825	-73.96024116	1
0	23	14798	497	40.73704984	-73.99009296	490	40.751551	-73.993934	1
0	23	27166	380	40.73401143	-74.00293877	2021	40.75929124	-73.98859651	1
0	23	22432	504	40.73221853	-73.98165557	527	40.74315566	-73.97434726	2
0	23	50774	72	40.76727216	-73.99392888	116	40.74177603	-74.00149746	1
0	23	6909	398	40.69165183	-73.9999786	217	40.70277159	-73.99383605	2
0	23	580	363	40.70834698	-74.01713445	327	40.7153379	-74.01658354	1
0	23	50775	218	40.69028437	-73.98707105	323	40.69236178	-73.98631746	1
0	23	7483	251	40.72317958	-73.99480012	276	40.71748752	-74.0104554	1
0	23	46985	2003	40.73416059	-73.98024289	447	40.76370739	-73.9851615	1
0	23	14041	499	40.76915505	-73.98191841	238	40.7361967	-74.00859207	1
0	23	18362	395	40.68807003	-73.98410637	83	40.68382604	-73.97632328	1
0	23	30668	335	40.72903917	-73.99404649	380	40.73401143	-74.00293877	1
0	23	10276	247	40.73535398	-74.00483091	247	40.73535398	-74.00483091	2
0	23	31886	285	40.73454567	-73.99074142	2003	40.73416059	-73.98024289	1
0	23	36896	394	40.72521311	-73.97768752	252	40.73226398	-73.99852205	1
0	23	46219	438	40.72779126	-73.98564945	507	40.73912601	-73.97973776	1
0	23	23896	504	40.73221853	-73.98165557	433	40.72955361	-73.98057249	1
0	23	11130	307	40.71427487	-73.98990025	502	40.714215	-73.981346	2
0	23	27835	459	40.746745	-74.007756	394	40.72521311	-73.97768752	1
0	23	16235	483	40.73223272	-73.98889957	531	40.71893904	-73.99266288	2
0	23	42317	319	40.71336124	-74.00937622	82	40.71117416	-74.00016545	1
0	23	26727	412	40.7158155	-73.99422366	377	40.72243797	-74.00566443	1
0	23	26820	296	40.71413089	-73.9970468	293	40.73028666	-73.9907647	1
0	23	50776	368	40.73038599	-74.00214988	488	40.75645824	-73.99372222	1
0	23	49166	420	40.68764484	-73.96968902	437	40.6809833854	-73.9500479759	1
0	23	27706	412	40.7158155	-73.99422366	329	40.72043411	-74.01020609	1
0	23	38484	456	40.7597108	-73.97402311	540	40.74147286	-73.98320928	1
0	23	50777	540	40.74147286	-73.98320928	164	40.75323098	-73.97032517	1
0	23	50778	517	40.75149263	-73.97798848	445	40.72740794	-73.98142006	2
0	23	41503	453	40.74475148	-73.99915362	483	40.73223272	-73.98889957	1
0	23	32720	510	40.7606597	-73.98042047	401	40.72019576	-73.98997825	1
0	23	20108	253	40.73543934	-73.99453948	401	40.72019576	-73.98997825	1
0	23	23980	428	40.72467721	-73.98783413	290	40.76020258	-73.96478473	1
0	23	50779	238	40.7361967	-74.00859207	224	40.71146364	-74.00552427	1
0	23	50780	309	40.7149787	-74.013012	478	40.76030096	-73.99884222	1
0	23	50781	480	40.76669671	-73.99061728	2017	40.75022392	-73.97121414	1
0	23	41735	253	40.73543934	-73.99453948	363	40.70834698	-74.01713445	1
0	23	7918	128	40.72710258	-74.00297088	463	40.74206539	-74.00443172	1
0	23	15097	422	40.770513	-73.988038	439	40.7262807	-73.98978041	1
0	23	50782	476	40.74394314	-73.97966069	316	40.70955958	-74.00653609	1
0	23	23871	388	40.749717753	-74.002950346	476	40.74394314	-73.97966069	1
0	23	1927	504	40.73221853	-73.98165557	518	40.74780373	-73.9734419	2
0	23	50783	244	40.69196035	-73.96536851	471	40.71286844	-73.95698119	1
0	23	32873	490	40.751551	-73.993934	389	40.71044554	-73.96525063	1
0	23	42845	128	40.72710258	-74.00297088	516	40.75206862	-73.96784384	1
0	23	29024	243	40.687979	-73.978474	477	40.75640548	-73.9900262	1
0	23	48817	397	40.68415748	-73.96922273	120	40.68676793	-73.95928168	1
0	23	26973	152	40.71473993	-74.00910627	72	40.76727216	-73.99392888	1
0	23	16264	447	40.76370739	-73.9851615	513	40.768254	-73.988639	1
0	23	40281	546	40.74444921	-73.98303529	508	40.76341379	-73.99667444	1
0	23	50784	495	40.76269882	-73.99301222	265	40.72229346	-73.99147535	1
0	23	17261	351	40.70530954	-74.00612572	307	40.71427487	-73.98990025	1
0	23	46673	439	40.7262807	-73.98978041	320	40.71743998	-74.00583475	1
0	23	8803	483	40.73223272	-73.98889957	380	40.73401143	-74.00293877	1
0	23	43103	531	40.71893904	-73.99266288	383	40.735238	-74.000271	1
0	23	14718	285	40.73454567	-73.99074142	433	40.72955361	-73.98057249	1
0	23	30504	310	40.68926942	-73.98912867	420	40.68764484	-73.96968902	2
0	23	19287	494	40.74734825	-73.99723551	426	40.71754834	-74.01322069	2
0	23	10719	401	40.72019576	-73.98997825	410	40.72066442	-73.98517977	1
0	23	15430	72	40.76727216	-73.99392888	318	40.75320159	-73.9779874	1
0	23	9879	498	40.74854862	-73.98808416	497	40.73704984	-73.99009296	1
0	23	50785	362	40.75172632	-73.98753523	385	40.75797322	-73.96603308	1
0	23	43569	482	40.73935542	-73.99931783	472	40.7457121	-73.98194829	1
0	23	21210	457	40.76695317	-73.98169333	472	40.7457121	-73.98194829	1
0	23	8179	380	40.73401143	-74.00293877	463	40.74206539	-74.00443172	1
0	23	13173	173	40.76064679	-73.98442659	522	40.75714758	-73.97207836	2
0	23	10616	325	40.73624527	-73.98473765	325	40.73624527	-73.98473765	1
0	23	16108	334	40.74238787	-73.99726235	380	40.73401143	-74.00293877	1
0	23	50786	414	40.70281858	-73.98765762	437	40.6809833854	-73.9500479759	1
0	23	21779	476	40.74394314	-73.97966069	312	40.722055	-73.989111	2
0	23	47554	453	40.74475148	-73.99915362	475	40.73524276	-73.98758561	2
0	23	50787	336	40.73047747	-73.99906065	290	40.76020258	-73.96478473	1
0	23	23550	428	40.72467721	-73.98783413	331	40.71173107	-73.99193043	1
0	23	15351	410	40.72066442	-73.98517977	481	40.71260486	-73.96264403	1
0	23	16104	375	40.72679454	-73.99695094	346	40.73652889	-74.00618026	1
0	23	33931	447	40.76370739	-73.9851615	346	40.73652889	-74.00618026	1
0	23	25346	433	40.72955361	-73.98057249	415	40.7047177	-74.00926027	2
0	23	14493	438	40.72779126	-73.98564945	383	40.735238	-74.000271	2
0	23	46014	522	40.75714758	-73.97207836	383	40.735238	-74.000271	1
0	23	7725	442	40.746647	-73.993915	448	40.75660359	-73.9979009	1
0	23	50788	420	40.68764484	-73.96968902	532	40.710451	-73.960876	1
0	23	39976	498	40.74854862	-73.98808416	2003	40.73416059	-73.98024289	2
0	23	21858	380	40.73401143	-74.00293877	513	40.768254	-73.988639	1
0	23	28832	232	40.69597683	-73.99014892	157	40.69089272	-73.99612349	1
0	23	14280	335	40.72903917	-73.99404649	317	40.72453734	-73.98185424	1
0	23	49223	319	40.71336124	-74.00937622	224	40.71146364	-74.00552427	1
0	23	174	460	40.71285887	-73.96590294	539	40.71534825	-73.96024116	1
0	23	17322	168	40.73971301	-73.99456405	483	40.73223272	-73.98889957	1
0	23	7192	473	40.72110063	-73.9919254	473	40.72110063	-73.9919254	1
0	23	23671	518	40.74780373	-73.9734419	401	40.72019576	-73.98997825	2
0	23	38642	359	40.75510267	-73.97498696	228	40.7546011026	-73.971878855	1
0	23	12902	253	40.73543934	-73.99453948	482	40.73935542	-73.99931783	1
0	23	21921	416	40.68753406	-73.97265183	258	40.68940747	-73.96885458	1
0	23	24834	297	40.734232	-73.986923	487	40.73314259	-73.97573881	1
0	23	7184	297	40.734232	-73.986923	482	40.73935542	-73.99931783	1
0	23	24633	518	40.74780373	-73.9734419	488	40.75645824	-73.99372222	1
0	23	33898	456	40.7597108	-73.97402311	450	40.76227205	-73.98788205	1
0	23	26336	490	40.751551	-73.993934	290	40.76020258	-73.96478473	1
0	23	26236	319	40.71336124	-74.00937622	195	40.70905623	-74.01043382	1
0	23	14571	383	40.735238	-74.000271	380	40.73401143	-74.00293877	1
0	23	11579	518	40.74780373	-73.9734419	290	40.76020258	-73.96478473	1
0	23	22709	483	40.73223272	-73.98889957	223	40.73781509	-73.99994661	1
0	23	7790	348	40.72490985	-74.00154702	463	40.74206539	-74.00443172	1
0	23	22420	251	40.72317958	-73.99480012	432	40.72621788	-73.98379855	1
0	23	50789	253	40.73543934	-73.99453948	120	40.68676793	-73.95928168	1
0	23	8934	229	40.72743423	-73.99379025	393	40.72299208	-73.97995466	1
0	23	5423	517	40.75149263	-73.97798848	540	40.74147286	-73.98320928	1
0	23	50790	236	40.7284186	-73.98713956	164	40.75323098	-73.97032517	1
0	23	16304	225	40.74195138	-74.00803013	482	40.73935542	-73.99931783	1
0	23	13428	382	40.73492695	-73.99200509	358	40.73291553	-74.00711384	1
0	23	50791	428	40.72467721	-73.98783413	453	40.74475148	-73.99915362	1
0	23	1440	157	40.69089272	-73.99612349	391	40.69760127	-73.99344559	1
0	23	17222	263	40.71729	-73.996375	403	40.72502876	-73.99069656	1
0	23	20048	147	40.71542197	-74.01121978	404	40.7405826	-74.00550867	1
0	23	7195	361	40.71605866	-73.99190759	388	40.749717753	-74.002950346	1
0	23	12877	504	40.73221853	-73.98165557	445	40.72740794	-73.98142006	1
0	23	50792	486	40.7462009	-73.98855723	455	40.75001986	-73.96905301	1
0	23	44108	330	40.71450451	-74.00562789	487	40.73314259	-73.97573881	1
0	23	28107	284	40.7390169121	-74.0026376103	463	40.74206539	-74.00443172	2
0	23	5558	237	40.73047309	-73.98672378	335	40.72903917	-73.99404649	1
0	23	8774	330	40.71450451	-74.00562789	426	40.71754834	-74.01322069	1
0	23	2466	435	40.74173969	-73.99415556	461	40.73587678	-73.98205027	1
0	23	15548	295	40.71406667	-73.99293911	341	40.71782143	-73.97628939	1
0	23	26238	79	40.71911552	-74.00666661	348	40.72490985	-74.00154702	1
0	23	38825	263	40.71729	-73.996375	317	40.72453734	-73.98185424	1
0	23	50192	265	40.72229346	-73.99147535	345	40.73649403	-73.99704374	2
0	23	15389	505	40.74901271	-73.98848395	2006	40.76590936	-73.97634151	1
0	23	14031	151	40.7218158	-73.99720307	236	40.7284186	-73.98713956	1
0	23	12716	497	40.73704984	-73.99009296	475	40.73524276	-73.98758561	1
0	23	8321	528	40.74290902	-73.97706058	546	40.74444921	-73.98303529	2
0	23	33333	375	40.72679454	-73.99695094	477	40.75640548	-73.9900262	1
0	23	3532	423	40.76584941	-73.98690506	488	40.75645824	-73.99372222	1
0	23	29287	461	40.73587678	-73.98205027	422	40.770513	-73.988038	1
0	23	46529	394	40.72521311	-73.97768752	481	40.71260486	-73.96264403	1
0	23	16265	347	40.72873888	-74.00748842	527	40.74315566	-73.97434726	1
0	23	8120	404	40.7405826	-74.00550867	348	40.72490985	-74.00154702	1
0	23	33412	2003	40.73416059	-73.98024289	476	40.74394314	-73.97966069	1
0	23	12796	306	40.70823502	-74.00530063	82	40.71117416	-74.00016545	1
0	23	38473	320	40.71743998	-74.00583475	387	40.71273266	-74.0046073	1
0	23	42557	2022	40.75849116	-73.95920622	454	40.75455731	-73.96592976	1
0	23	45837	317	40.72453734	-73.98185424	531	40.71893904	-73.99266288	1
0	23	50793	308	40.71307916	-73.99851193	225	40.74195138	-74.00803013	1
0	23	50630	252	40.73226398	-73.99852205	301	40.72217444	-73.98368779	1
0	23	50794	274	40.68691865	-73.976682	298	40.68683208	-73.9796772	1
0	23	50795	289	40.6845683	-73.95881081	406	40.69512845	-73.99595065	1
0	23	50796	261	40.69474881	-73.98362464	439	40.7262807	-73.98978041	1
0	23	40465	232	40.69597683	-73.99014892	217	40.70277159	-73.99383605	3
0	23	11887	457	40.76695317	-73.98169333	464	40.75934501	-73.96759673	1
0	23	50797	539	40.71534825	-73.96024116	354	40.69363137	-73.96223558	1
0	23	1255	79	40.71911552	-74.00666661	347	40.72873888	-74.00748842	1
0	23	50798	375	40.72679454	-73.99695094	296	40.71413089	-73.9970468	1
0	23	18123	459	40.746745	-74.007756	368	40.73038599	-74.00214988	1
0	23	50799	529	40.7575699	-73.99098507	445	40.72740794	-73.98142006	1
0	23	19301	329	40.72043411	-74.01020609	380	40.73401143	-74.00293877	2
0	23	977	477	40.75640548	-73.9900262	500	40.76228826	-73.98336183	2
0	23	11072	500	40.76228826	-73.98336183	468	40.7652654	-73.98192338	1
0	23	50800	353	40.68539567	-73.97431458	397	40.68415748	-73.96922273	1
0	23	33661	402	40.7403432	-73.98955109	352	40.76340613	-73.97722479	1
