0	23	21446	252	40.73226398	-73.99852205	329	40.72043411	-74.01020609	1
0	23	41174	254	40.73532427	-73.99800419	508	40.76341379	-73.99667444	1
0	23	32287	383	40.735238	-74.000271	482	40.73935542	-73.99931783	2
0	23	30315	382	40.73492695	-73.99200509	243	40.687979	-73.978474	2
0	23	15723	517	40.75149263	-73.97798848	518	40.74780373	-73.9734419	1
0	23	21605	428	40.72467721	-73.98783413	285	40.73454567	-73.99074142	1
0	23	41669	434	40.74317449	-74.00366443	309	40.7149787	-74.013012	1
0	23	35708	509	40.7454973	-74.00197139	457	40.76695317	-73.98169333	1
0	23	41678	293	40.73028666	-73.9907647	457	40.76695317	-73.98169333	1
0	23	41694	515	40.76009437	-73.99461843	394	40.72521311	-73.97768752	1
0	23	41703	290	40.76020258	-73.96478473	295	40.71406667	-73.99293911	1
0	23	41707	401	40.72019576	-73.98997825	437	40.6809833854	-73.9500479759	1
0	23	41713	82	40.71117416	-74.00016545	280	40.73331967	-73.99510132	1
0	23	41714	534	40.70255065	-74.0127234	466	40.74395411	-73.99144871	1
0	23	41715	464	40.75934501	-73.96759673	531	40.71893904	-73.99266288	1
0	23	9654	276	40.71748752	-74.0104554	426	40.71754834	-74.01322069	1
0	23	41716	499	40.76915505	-73.98191841	2003	40.73416059	-73.98024289	1
0	23	19816	253	40.73543934	-73.99453948	2003	40.73416059	-73.98024289	1
0	23	41722	453	40.74475148	-73.99915362	412	40.7158155	-73.99422366	1
0	23	3880	304	40.70463334	-74.01361706	426	40.71754834	-74.01322069	1
0	23	23451	441	40.756014	-73.967416	295	40.71406667	-73.99293911	1
0	23	1920	435	40.74173969	-73.99415556	2022	40.75849116	-73.95920622	1
0	23	12298	523	40.75466591	-73.99138152	531	40.71893904	-73.99266288	1
0	23	33386	513	40.768254	-73.988639	509	40.7454973	-74.00197139	1
0	23	41731	508	40.76341379	-73.99667444	237	40.73047309	-73.98672378	1
0	23	23171	332	40.71219906	-73.97948148	501	40.744219	-73.97121214	1
0	23	41737	363	40.70834698	-74.01713445	174	40.7381765	-73.97738662	1
0	23	41740	527	40.74315566	-73.97434726	489	40.75066386	-74.00176802	1
0	23	23047	507	40.73912601	-73.97973776	528	40.74290902	-73.97706058	1
0	23	20337	529	40.7575699	-73.99098507	285	40.73454567	-73.99074142	1
0	23	41743	385	40.75797322	-73.96603308	325	40.73624527	-73.98473765	1
0	23	10171	401	40.72019576	-73.98997825	302	40.72082834	-73.97793172	1
0	23	3999	2022	40.75849116	-73.95920622	523	40.75466591	-73.99138152	1
0	23	22790	161	40.72917025	-73.99810231	237	40.73047309	-73.98672378	1
0	23	20435	422	40.770513	-73.988038	495	40.76269882	-73.99301222	1
0	23	41751	217	40.70277159	-73.99383605	2002	40.716887	-73.963198	1
0	23	1097	477	40.75640548	-73.9900262	536	40.74144387	-73.97536082	1
0	23	37214	458	40.751396	-74.005226	225	40.74195138	-74.00803013	1
0	23	41752	279	40.69986937	-73.98271933	436	40.68216564	-73.95399026	1
0	23	41753	471	40.71286844	-73.95698119	394	40.72521311	-73.97768752	1
0	23	22792	325	40.73624527	-73.98473765	339	40.72580614	-73.97422494	1
0	23	32736	404	40.7405826	-74.00550867	161	40.72917025	-73.99810231	1
0	23	7716	423	40.76584941	-73.98690506	462	40.74691959	-74.00451887	1
0	23	38188	323	40.69236178	-73.98631746	487	40.73314259	-73.97573881	1
0	23	28196	212	40.74334935	-74.00681753	515	40.76009437	-73.99461843	1
0	23	41755	540	40.74147286	-73.98320928	513	40.768254	-73.988639	1
0	23	17184	417	40.71291224	-74.01020234	467	40.68312489	-73.97895137	1
0	23	36133	470	40.74345335	-74.00004031	440	40.75255434	-73.97282625	1
0	23	22878	426	40.71754834	-74.01322069	515	40.76009437	-73.99461843	1
0	23	3376	472	40.7457121	-73.98194829	360	40.70717936	-74.00887308	1
0	23	41756	438	40.72779126	-73.98564945	295	40.71406667	-73.99293911	2
0	23	41757	307	40.71427487	-73.98990025	160	40.748238	-73.978311	1
0	23	23868	494	40.74734825	-73.99723551	293	40.73028666	-73.9907647	1
0	23	41760	322	40.696192	-73.991218	363	40.70834698	-74.01713445	1
0	23	41761	483	40.73223272	-73.98889957	143	40.69239502	-73.99337909	1
0	23	37568	428	40.72467721	-73.98783413	482	40.73935542	-73.99931783	1
0	23	9026	253	40.73543934	-73.99453948	450	40.76227205	-73.98788205	1
0	23	24257	334	40.74238787	-73.99726235	363	40.70834698	-74.01713445	1
0	23	41762	433	40.72955361	-73.98057249	278	40.69766564	-73.98476437	2
0	23	31643	469	40.76344058	-73.98268129	2003	40.73416059	-73.98024289	1
0	23	3748	450	40.76227205	-73.98788205	537	40.74025878	-73.98409214	1
0	23	258	312	40.722055	-73.989111	361	40.71605866	-73.99190759	1
0	23	41763	406	40.69512845	-73.99595065	313	40.69610226	-73.96751037	1
0	23	16402	537	40.74025878	-73.98409214	488	40.75645824	-73.99372222	1
0	23	41764	217	40.70277159	-73.99383605	323	40.69236178	-73.98631746	1
0	23	41765	336	40.73047747	-73.99906065	327	40.7153379	-74.01658354	1
0	23	35298	515	40.76009437	-73.99461843	380	40.73401143	-74.00293877	1
0	23	41766	217	40.70277159	-73.99383605	250	40.72456089	-73.99565293	1
0	23	14717	304	40.70463334	-74.01361706	521	40.75044999	-73.99481051	1
0	23	9820	470	40.74345335	-74.00004031	476	40.74394314	-73.97966069	1
0	23	28296	480	40.76669671	-73.99061728	515	40.76009437	-73.99461843	1
0	23	22482	375	40.72679454	-73.99695094	311	40.7172274	-73.98802084	1
0	23	3450	463	40.74206539	-74.00443172	426	40.71754834	-74.01322069	2
0	23	41767	2012	40.739445	-73.976806	285	40.73454567	-73.99074142	1
0	23	6334	251	40.72317958	-73.99480012	404	40.7405826	-74.00550867	1
0	23	22449	236	40.7284186	-73.98713956	472	40.7457121	-73.98194829	1
0	23	2234	519	40.75188406	-73.97770164	454	40.75455731	-73.96592976	1
0	23	21057	247	40.73535398	-74.00483091	236	40.7284186	-73.98713956	1
0	23	979	477	40.75640548	-73.9900262	402	40.7403432	-73.98955109	1
0	23	20121	320	40.71743998	-74.00583475	363	40.70834698	-74.01713445	2
0	23	41768	301	40.72217444	-73.98368779	319	40.71336124	-74.00937622	1
0	23	41769	401	40.72019576	-73.98997825	467	40.68312489	-73.97895137	1
0	23	9716	488	40.75645824	-73.99372222	462	40.74691959	-74.00451887	1
0	23	23550	428	40.72467721	-73.98783413	331	40.71173107	-73.99193043	1
0	23	41770	2000	40.70255088	-73.98940236	343	40.69794	-73.96986848	1
0	23	27206	2000	40.70255088	-73.98940236	217	40.70277159	-73.99383605	1
0	23	14181	303	40.72362738	-73.99949601	236	40.7284186	-73.98713956	1
0	23	20958	461	40.73587678	-73.98205027	151	40.7218158	-73.99720307	1
0	23	14180	388	40.749717753	-74.002950346	225	40.74195138	-74.00803013	1
0	23	7497	254	40.73532427	-73.99800419	336	40.73047747	-73.99906065	1
0	23	24160	517	40.75149263	-73.97798848	459	40.746745	-74.007756	1
0	23	41772	276	40.71748752	-74.0104554	531	40.71893904	-73.99266288	1
0	23	6218	411	40.72228087	-73.97668709	432	40.72621788	-73.98379855	1
0	23	9992	426	40.71754834	-74.01322069	380	40.73401143	-74.00293877	2
0	23	41773	470	40.74345335	-74.00004031	224	40.71146364	-74.00552427	1
0	23	15748	482	40.73935542	-73.99931783	439	40.7262807	-73.98978041	2
0	23	27166	380	40.73401143	-74.00293877	2021	40.75929124	-73.98859651	1
0	23	41774	284	40.7390169121	-74.0026376103	363	40.70834698	-74.01713445	1
0	23	41775	416	40.68753406	-73.97265183	437	40.6809833854	-73.9500479759	1
0	23	41776	323	40.69236178	-73.98631746	396	40.680342423	-73.9557689392	1
0	23	11099	453	40.74475148	-73.99915362	459	40.746745	-74.007756	1
0	23	30372	369	40.73224119	-74.00026394	312	40.722055	-73.989111	1
0	23	26557	529	40.7575699	-73.99098507	380	40.73401143	-74.00293877	1
0	23	41777	251	40.72317958	-73.99480012	477	40.75640548	-73.9900262	1
0	23	29579	479	40.76019252	-73.9912551	362	40.75172632	-73.98753523	1
0	23	23953	462	40.74691959	-74.00451887	410	40.72066442	-73.98517977	1
0	23	27771	2004	40.724399	-74.004704	280	40.73331967	-73.99510132	1
0	23	34606	439	40.7262807	-73.98978041	310	40.68926942	-73.98912867	1
0	23	2585	462	40.74691959	-74.00451887	477	40.75640548	-73.9900262	2
0	23	41398	518	40.74780373	-73.9734419	483	40.73223272	-73.98889957	2
0	23	41778	167	40.7489006	-73.97604882	361	40.71605866	-73.99190759	1
0	23	41779	368	40.73038599	-74.00214988	477	40.75640548	-73.9900262	1
0	23	41781	301	40.72217444	-73.98368779	363	40.70834698	-74.01713445	1
0	23	41782	304	40.70463334	-74.01361706	498	40.74854862	-73.98808416	1
0	23	725	318	40.75320159	-73.9779874	468	40.7652654	-73.98192338	1
0	23	41783	368	40.73038599	-74.00214988	325	40.73624527	-73.98473765	1
0	23	35028	404	40.7405826	-74.00550867	504	40.73221853	-73.98165557	1
0	23	8930	2022	40.75849116	-73.95920622	464	40.75934501	-73.96759673	1
0	23	7046	472	40.7457121	-73.98194829	415	40.7047177	-74.00926027	1
0	23	41784	415	40.7047177	-74.00926027	217	40.70277159	-73.99383605	1
0	23	14980	315	40.70355377	-74.00670227	427	40.70251526	-74.01427023	2
0	23	34110	79	40.71911552	-74.00666661	415	40.7047177	-74.00926027	1
0	23	12121	505	40.74901271	-73.98848395	477	40.75640548	-73.9900262	1
0	23	5906	151	40.7218158	-73.99720307	380	40.73401143	-74.00293877	1
0	23	41785	490	40.751551	-73.993934	481	40.71260486	-73.96264403	1
0	23	34341	160	40.748238	-73.978311	160	40.748238	-73.978311	1
0	23	4767	504	40.73221853	-73.98165557	167	40.7489006	-73.97604882	1
0	23	41225	236	40.7284186	-73.98713956	408	40.71076228	-73.99400398	1
0	23	11815	401	40.72019576	-73.98997825	301	40.72217444	-73.98368779	1
0	23	16222	498	40.74854862	-73.98808416	477	40.75640548	-73.9900262	1
0	23	23634	368	40.73038599	-74.00214988	446	40.74487634	-73.99529885	1
0	23	8959	252	40.73226398	-73.99852205	404	40.7405826	-74.00550867	1
0	23	21039	402	40.7403432	-73.98955109	403	40.72502876	-73.99069656	1
0	23	16926	300	40.728145	-73.990214	356	40.71622644	-73.98261206	1
0	23	41786	236	40.7284186	-73.98713956	454	40.75455731	-73.96592976	1
0	23	14857	309	40.7149787	-74.013012	334	40.74238787	-73.99726235	1
0	23	8988	463	40.74206539	-74.00443172	375	40.72679454	-73.99695094	1
0	23	15718	466	40.74395411	-73.99144871	468	40.7652654	-73.98192338	1
0	23	41787	499	40.76915505	-73.98191841	387	40.71273266	-74.0046073	1
0	23	3629	470	40.74345335	-74.00004031	477	40.75640548	-73.9900262	1
0	23	2474	346	40.73652889	-74.00618026	368	40.73038599	-74.00214988	1
0	23	7453	435	40.74173969	-73.99415556	434	40.74317449	-74.00366443	1
0	23	30071	223	40.73781509	-73.99994661	300	40.728145	-73.990214	1
0	23	22151	274	40.68691865	-73.976682	409	40.6906495	-73.95643107	1
0	23	25386	405	40.739323	-74.008119	546	40.74444921	-73.98303529	1
0	23	41788	237	40.73047309	-73.98672378	405	40.739323	-74.008119	1
0	23	24041	449	40.76461837	-73.98789473	521	40.75044999	-73.99481051	1
0	23	13848	459	40.746745	-74.007756	356	40.71622644	-73.98261206	1
0	23	18868	401	40.72019576	-73.98997825	356	40.71622644	-73.98261206	1
0	23	22894	280	40.73331967	-73.99510132	403	40.72502876	-73.99069656	1
0	23	14659	522	40.75714758	-73.97207836	479	40.76019252	-73.9912551	1
0	23	10363	212	40.74334935	-74.00681753	212	40.74334935	-74.00681753	1
0	23	41789	401	40.72019576	-73.98997825	481	40.71260486	-73.96264403	1
0	23	36720	501	40.744219	-73.97121214	472	40.7457121	-73.98194829	1
0	23	23508	282	40.70827295	-73.96834101	282	40.70827295	-73.96834101	1
0	23	12372	369	40.73224119	-74.00026394	161	40.72917025	-73.99810231	1
0	23	41790	440	40.75255434	-73.97282625	361	40.71605866	-73.99190759	1
0	23	10704	477	40.75640548	-73.9900262	225	40.74195138	-74.00803013	1
0	23	21268	229	40.72743423	-73.99379025	307	40.71427487	-73.98990025	1
0	23	16337	454	40.75455731	-73.96592976	237	40.73047309	-73.98672378	1
0	23	41791	336	40.73047747	-73.99906065	361	40.71605866	-73.99190759	1
0	23	8542	335	40.72903917	-73.99404649	300	40.728145	-73.990214	1
0	23	21683	278	40.69766564	-73.98476437	278	40.69766564	-73.98476437	4
0	23	38190	328	40.72405549	-74.00965965	212	40.74334935	-74.00681753	1
0	23	4114	459	40.746745	-74.007756	317	40.72453734	-73.98185424	1
0	23	10493	499	40.76915505	-73.98191841	450	40.76227205	-73.98788205	1
0	23	41792	250	40.72456089	-73.99565293	434	40.74317449	-74.00366443	1
0	23	33802	394	40.72521311	-73.97768752	367	40.75828065	-73.97069431	1
0	23	17761	236	40.7284186	-73.98713956	236	40.7284186	-73.98713956	1
0	23	7284	293	40.73028666	-73.9907647	2003	40.73416059	-73.98024289	2
0	23	8943	404	40.7405826	-74.00550867	462	40.74691959	-74.00451887	1
0	23	41793	472	40.7457121	-73.98194829	534	40.70255065	-74.0127234	1
0	23	19283	380	40.73401143	-74.00293877	434	40.74317449	-74.00366443	2
0	23	23675	432	40.72621788	-73.98379855	410	40.72066442	-73.98517977	1
0	23	22306	450	40.76227205	-73.98788205	422	40.770513	-73.988038	1
0	23	12823	346	40.73652889	-74.00618026	377	40.72243797	-74.00566443	1
0	23	27564	293	40.73028666	-73.9907647	447	40.76370739	-73.9851615	1
0	23	17228	391	40.69760127	-73.99344559	406	40.69512845	-73.99595065	2
0	23	19426	385	40.75797322	-73.96603308	449	40.76461837	-73.98789473	1
0	23	17395	410	40.72066442	-73.98517977	341	40.71782143	-73.97628939	1
0	23	17815	380	40.73401143	-74.00293877	432	40.72621788	-73.98379855	1
0	23	22486	284	40.7390169121	-74.0026376103	83	40.68382604	-73.97632328	1
0	23	14200	303	40.72362738	-73.99949601	519	40.75188406	-73.97770164	1
0	23	5380	380	40.73401143	-74.00293877	435	40.74173969	-73.99415556	2
0	23	10316	161	40.72917025	-73.99810231	323	40.69236178	-73.98631746	1
0	23	18385	324	40.689888	-73.981013	241	40.68981035	-73.97493121	1
0	23	32021	116	40.74177603	-74.00149746	368	40.73038599	-74.00214988	1
0	23	12812	312	40.722055	-73.989111	297	40.734232	-73.986923	1
0	23	12273	509	40.7454973	-74.00197139	404	40.7405826	-74.00550867	1
0	23	13757	311	40.7172274	-73.98802084	350	40.71559509	-73.9870295	1
0	23	4911	459	40.746745	-74.007756	521	40.75044999	-73.99481051	1
0	23	41794	303	40.72362738	-73.99949601	364	40.68900443	-73.96023854	1
0	23	41795	224	40.71146364	-74.00552427	249	40.71870987	-74.0090009	1
0	23	3703	448	40.75660359	-73.9979009	513	40.768254	-73.988639	1
0	23	41796	236	40.7284186	-73.98713956	334	40.74238787	-73.99726235	1
0	23	14265	519	40.75188406	-73.97770164	529	40.7575699	-73.99098507	1
0	23	41797	316	40.70955958	-74.00653609	410	40.72066442	-73.98517977	1
0	23	6989	447	40.76370739	-73.9851615	173	40.76064679	-73.98442659	1
0	23	32469	251	40.72317958	-73.99480012	229	40.72743423	-73.99379025	1
0	23	2304	415	40.7047177	-74.00926027	264	40.70706456	-74.00731853	1
0	23	24360	456	40.7597108	-73.97402311	472	40.7457121	-73.98194829	1
0	23	5762	519	40.75188406	-73.97770164	472	40.7457121	-73.98194829	1
0	23	24007	236	40.7284186	-73.98713956	301	40.72217444	-73.98368779	1
0	23	4076	293	40.73028666	-73.9907647	461	40.73587678	-73.98205027	1
0	23	21960	223	40.73781509	-73.99994661	509	40.7454973	-74.00197139	1
0	23	6556	304	40.70463334	-74.01361706	212	40.74334935	-74.00681753	1
0	23	20550	212	40.74334935	-74.00681753	223	40.73781509	-73.99994661	2
0	23	4480	380	40.73401143	-74.00293877	380	40.73401143	-74.00293877	1
0	23	12607	304	40.70463334	-74.01361706	363	40.70834698	-74.01713445	1
0	23	41798	463	40.74206539	-74.00443172	387	40.71273266	-74.0046073	1
0	23	2098	545	40.736502	-73.97809472	173	40.76064679	-73.98442659	1
0	23	491	472	40.7457121	-73.98194829	461	40.73587678	-73.98205027	1
0	23	35668	356	40.71622644	-73.98261206	312	40.722055	-73.989111	1
0	23	19980	528	40.74290902	-73.97706058	2003	40.73416059	-73.98024289	3
0	23	557	380	40.73401143	-74.00293877	229	40.72743423	-73.99379025	1
0	23	3570	304	40.70463334	-74.01361706	327	40.7153379	-74.01658354	2
0	23	95	2021	40.75929124	-73.98859651	515	40.76009437	-73.99461843	1
0	23	41799	254	40.73532427	-73.99800419	519	40.75188406	-73.97770164	1
0	23	22480	280	40.73331967	-73.99510132	526	40.74765947	-73.98490707	1
0	23	12791	427	40.70251526	-74.01427023	327	40.7153379	-74.01658354	2
0	23	41021	317	40.72453734	-73.98185424	356	40.71622644	-73.98261206	1
0	23	4438	519	40.75188406	-73.97770164	305	40.76095756	-73.96724467	1
0	23	7579	494	40.74734825	-73.99723551	489	40.75066386	-74.00176802	1
0	23	19277	355	40.71602118	-73.99974372	308	40.71307916	-73.99851193	1
0	23	7341	236	40.7284186	-73.98713956	335	40.72903917	-73.99404649	1
0	23	9949	236	40.7284186	-73.98713956	432	40.72621788	-73.98379855	1
0	23	15934	237	40.73047309	-73.98672378	294	40.73049393	-73.9957214	1
0	23	11314	116	40.74177603	-74.00149746	462	40.74691959	-74.00451887	1
0	23	41800	501	40.744219	-73.97121214	332	40.71219906	-73.97948148	1
0	23	41801	439	40.7262807	-73.98978041	2009	40.71117444	-73.99682619	1
0	23	1873	482	40.73935542	-73.99931783	450	40.76227205	-73.98788205	1
0	23	41802	310	40.68926942	-73.98912867	471	40.71286844	-73.95698119	1
0	23	30798	334	40.74238787	-73.99726235	512	40.7500727	-73.99839279	1
0	23	41803	405	40.739323	-74.008119	434	40.74317449	-74.00366443	1
0	23	34394	225	40.74195138	-74.00803013	147	40.71542197	-74.01121978	1
0	23	41804	229	40.72743423	-73.99379025	392	40.695065	-73.987167	1
0	23	20759	325	40.73624527	-73.98473765	410	40.72066442	-73.98517977	1
0	23	41805	432	40.72621788	-73.98379855	482	40.73935542	-73.99931783	1
0	23	41806	243	40.687979	-73.978474	438	40.72779126	-73.98564945	1
0	23	18865	223	40.73781509	-73.99994661	475	40.73524276	-73.98758561	2
0	23	7979	521	40.75044999	-73.99481051	519	40.75188406	-73.97770164	1
0	23	24260	318	40.75320159	-73.9779874	507	40.73912601	-73.97973776	1
0	23	17321	323	40.69236178	-73.98631746	293	40.73028666	-73.9907647	1
0	23	39943	79	40.71911552	-74.00666661	494	40.74734825	-73.99723551	1
0	23	29927	414	40.70281858	-73.98765762	242	40.69788349	-73.97350332	1
0	23	21996	347	40.72873888	-74.00748842	446	40.74487634	-73.99529885	1
0	23	41807	404	40.7405826	-74.00550867	224	40.71146364	-74.00552427	1
0	23	41808	324	40.689888	-73.981013	372	40.694528	-73.958089	1
0	23	24864	546	40.74444921	-73.98303529	545	40.736502	-73.97809472	1
0	23	17282	404	40.7405826	-74.00550867	483	40.73223272	-73.98889957	2
0	23	28340	504	40.73221853	-73.98165557	411	40.72228087	-73.97668709	1
0	23	21233	297	40.734232	-73.986923	236	40.7284186	-73.98713956	1
0	23	41809	403	40.72502876	-73.99069656	422	40.770513	-73.988038	1
0	23	6275	499	40.76915505	-73.98191841	480	40.76669671	-73.99061728	1
0	23	18348	507	40.73912601	-73.97973776	161	40.72917025	-73.99810231	1
0	23	7999	285	40.73454567	-73.99074142	476	40.74394314	-73.97966069	1
0	23	11593	509	40.7454973	-74.00197139	462	40.74691959	-74.00451887	1
0	23	5923	398	40.69165183	-73.9999786	233	40.69246277	-73.98963911	1
0	23	28087	385	40.75797322	-73.96603308	522	40.75714758	-73.97207836	1
0	23	41810	521	40.75044999	-73.99481051	537	40.74025878	-73.98409214	2
0	23	21652	285	40.73454567	-73.99074142	518	40.74780373	-73.9734419	1
0	23	34852	471	40.71286844	-73.95698119	527	40.74315566	-73.97434726	1
0	23	35031	479	40.76019252	-73.9912551	540	40.74147286	-73.98320928	1
0	23	40476	422	40.770513	-73.988038	236	40.7284186	-73.98713956	1
0	23	14293	405	40.739323	-74.008119	2010	40.72165481	-74.00234737	1
0	23	4785	403	40.72502876	-73.99069656	377	40.72243797	-74.00566443	1
0	23	15386	459	40.746745	-74.007756	363	40.70834698	-74.01713445	2
0	23	41811	508	40.76341379	-73.99667444	2010	40.72165481	-74.00234737	1
0	23	6909	398	40.69165183	-73.9999786	217	40.70277159	-73.99383605	4
0	23	18659	482	40.73935542	-73.99931783	442	40.746647	-73.993915	1
0	23	17246	457	40.76695317	-73.98169333	458	40.751396	-74.005226	1
0	23	41812	2022	40.75849116	-73.95920622	265	40.72229346	-73.99147535	1
0	23	11954	380	40.73401143	-74.00293877	439	40.7262807	-73.98978041	1
0	23	8832	486	40.7462009	-73.98855723	435	40.74173969	-73.99415556	1
0	23	26216	83	40.68382604	-73.97632328	280	40.73331967	-73.99510132	1
0	23	20201	300	40.728145	-73.990214	518	40.74780373	-73.9734419	1
0	23	29036	494	40.74734825	-73.99723551	462	40.74691959	-74.00451887	1
0	23	41813	290	40.76020258	-73.96478473	174	40.7381765	-73.97738662	1
0	23	39054	483	40.73223272	-73.98889957	363	40.70834698	-74.01713445	1
0	23	18020	489	40.75066386	-74.00176802	505	40.74901271	-73.98848395	1
0	23	21519	450	40.76227205	-73.98788205	474	40.7451677	-73.98683077	1
0	23	6590	475	40.73524276	-73.98758561	537	40.74025878	-73.98409214	1
0	23	36988	439	40.7262807	-73.98978041	252	40.73226398	-73.99852205	1
0	23	41814	2002	40.716887	-73.963198	482	40.73935542	-73.99931783	1
0	23	12526	442	40.746647	-73.993915	72	40.76727216	-73.99392888	1
0	23	4253	462	40.74691959	-74.00451887	453	40.74475148	-73.99915362	1
0	23	41815	409	40.6906495	-73.95643107	443	40.70853074	-73.96408963	1
0	23	11548	434	40.74317449	-74.00366443	334	40.74238787	-73.99726235	1
0	23	41816	229	40.72743423	-73.99379025	539	40.71534825	-73.96024116	1
0	23	29213	450	40.76227205	-73.98788205	251	40.72317958	-73.99480012	1
0	23	15812	303	40.72362738	-73.99949601	404	40.7405826	-74.00550867	1
0	23	37206	417	40.71291224	-74.01020234	236	40.7284186	-73.98713956	1
0	23	9356	223	40.73781509	-73.99994661	404	40.7405826	-74.00550867	1
0	23	41817	323	40.69236178	-73.98631746	2003	40.73416059	-73.98024289	1
0	23	24096	512	40.7500727	-73.99839279	276	40.71748752	-74.0104554	1
0	23	13888	483	40.73223272	-73.98889957	410	40.72066442	-73.98517977	1
0	23	27914	483	40.73223272	-73.98889957	532	40.710451	-73.960876	1
0	23	11188	519	40.75188406	-73.97770164	483	40.73223272	-73.98889957	1
0	23	40514	466	40.74395411	-73.99144871	509	40.7454973	-74.00197139	1
0	23	1038	479	40.76019252	-73.9912551	2012	40.739445	-73.976806	1
0	23	21184	495	40.76269882	-73.99301222	529	40.7575699	-73.99098507	1
0	23	18994	293	40.73028666	-73.9907647	518	40.74780373	-73.9734419	1
0	23	15292	309	40.7149787	-74.013012	466	40.74395411	-73.99144871	1
0	23	30311	539	40.71534825	-73.96024116	311	40.7172274	-73.98802084	1
0	23	26837	477	40.75640548	-73.9900262	482	40.73935542	-73.99931783	2
0	23	31760	391	40.69760127	-73.99344559	430	40.7014851	-73.98656928	1
0	23	34891	274	40.68691865	-73.976682	539	40.71534825	-73.96024116	1
0	23	31420	274	40.68691865	-73.976682	395	40.68807003	-73.98410637	1
0	23	24144	360	40.70717936	-74.00887308	355	40.71602118	-73.99974372	1
0	23	31784	362	40.75172632	-73.98753523	236	40.7284186	-73.98713956	1
0	23	41391	274	40.68691865	-73.976682	384	40.68317813	-73.9659641	1
0	23	724	237	40.73047309	-73.98672378	285	40.73454567	-73.99074142	1
0	23	11174	380	40.73401143	-74.00293877	470	40.74345335	-74.00004031	1
0	23	429	237	40.73047309	-73.98672378	237	40.73047309	-73.98672378	1
0	23	5173	164	40.75323098	-73.97032517	477	40.75640548	-73.9900262	1
0	23	41818	361	40.71605866	-73.99190759	157	40.69089272	-73.99612349	1
0	23	41819	432	40.72621788	-73.98379855	83	40.68382604	-73.97632328	1
0	23	2228	477	40.75640548	-73.9900262	527	40.74315566	-73.97434726	1
0	23	33723	482	40.73935542	-73.99931783	489	40.75066386	-74.00176802	1
0	23	38043	127	40.73172428	-74.00674436	312	40.722055	-73.989111	1
0	23	11635	521	40.75044999	-73.99481051	450	40.76227205	-73.98788205	1
0	23	22253	405	40.739323	-74.008119	497	40.73704984	-73.99009296	1
0	23	23347	271	40.68528172	-73.97805813	397	40.68415748	-73.96922273	1
0	23	22817	412	40.7158155	-73.99422366	274	40.68691865	-73.976682	1
0	23	34680	161	40.72917025	-73.99810231	306	40.70823502	-74.00530063	1
0	23	25584	509	40.7454973	-74.00197139	492	40.75019995	-73.99093085	1
0	23	8437	472	40.7457121	-73.98194829	528	40.74290902	-73.97706058	1
0	23	34862	432	40.72621788	-73.98379855	361	40.71605866	-73.99190759	1
0	23	41820	494	40.74734825	-73.99723551	449	40.76461837	-73.98789473	1
0	23	41821	332	40.71219906	-73.97948148	305	40.76095756	-73.96724467	1
0	23	16981	2002	40.716887	-73.963198	241	40.68981035	-73.97493121	1
0	23	41822	494	40.74734825	-73.99723551	505	40.74901271	-73.98848395	1
0	23	21521	313	40.69610226	-73.96751037	309	40.7149787	-74.013012	1
0	23	41823	361	40.71605866	-73.99190759	354	40.69363137	-73.96223558	1
0	23	41824	356	40.71622644	-73.98261206	377	40.72243797	-74.00566443	1
0	23	34845	308	40.71307916	-73.99851193	507	40.73912601	-73.97973776	1
0	23	3725	462	40.74691959	-74.00451887	448	40.75660359	-73.9979009	1
0	23	41825	521	40.75044999	-73.99481051	531	40.71893904	-73.99266288	1
0	23	23733	390	40.69221589	-73.9842844	418	40.70224	-73.982578	1
0	23	31192	446	40.74487634	-73.99529885	488	40.75645824	-73.99372222	1
0	23	16181	522	40.75714758	-73.97207836	490	40.751551	-73.993934	1
0	23	41826	120	40.68676793	-73.95928168	539	40.71534825	-73.96024116	1
0	23	13839	363	40.70834698	-74.01713445	363	40.70834698	-74.01713445	1
0	23	35490	446	40.74487634	-73.99529885	427	40.70251526	-74.01427023	1
0	23	41084	483	40.73223272	-73.98889957	450	40.76227205	-73.98788205	1
0	23	14252	323	40.69236178	-73.98631746	305	40.76095756	-73.96724467	1
0	23	6601	464	40.75934501	-73.96759673	457	40.76695317	-73.98169333	1
0	23	716	509	40.7454973	-74.00197139	463	40.74206539	-74.00443172	1
0	23	19713	127	40.73172428	-74.00674436	251	40.72317958	-73.99480012	1
0	23	233	151	40.7218158	-73.99720307	237	40.73047309	-73.98672378	1
0	23	16679	479	40.76019252	-73.9912551	521	40.75044999	-73.99481051	2
0	23	17487	440	40.75255434	-73.97282625	518	40.74780373	-73.9734419	1
0	23	41827	237	40.73047309	-73.98672378	449	40.76461837	-73.98789473	1
0	23	16806	434	40.74317449	-74.00366443	434	40.74317449	-74.00366443	1
0	23	4971	293	40.73028666	-73.9907647	285	40.73454567	-73.99074142	1
0	23	7684	468	40.7652654	-73.98192338	305	40.76095756	-73.96724467	1
0	23	14248	254	40.73532427	-73.99800419	466	40.74395411	-73.99144871	1
0	23	2349	432	40.72621788	-73.98379855	432	40.72621788	-73.98379855	1
0	23	7584	363	40.70834698	-74.01713445	525	40.75594159	-74.0021163	1
0	23	15497	534	40.70255065	-74.0127234	417	40.71291224	-74.01020234	1
0	23	34120	369	40.73224119	-74.00026394	325	40.73624527	-73.98473765	1
0	23	20277	504	40.73221853	-73.98165557	311	40.7172274	-73.98802084	1
0	23	1353	312	40.722055	-73.989111	411	40.72228087	-73.97668709	1
0	23	41828	225	40.74195138	-74.00803013	322	40.696192	-73.991218	1
0	23	14634	249	40.71870987	-74.0090009	426	40.71754834	-74.01322069	1
0	23	34969	127	40.73172428	-74.00674436	540	40.74147286	-73.98320928	1
0	23	20095	495	40.76269882	-73.99301222	127	40.73172428	-74.00674436	1
0	23	19872	225	40.74195138	-74.00803013	264	40.70706456	-74.00731853	2
0	23	22572	463	40.74206539	-74.00443172	127	40.73172428	-74.00674436	1
0	23	41829	483	40.73223272	-73.98889957	423	40.76584941	-73.98690506	1
0	23	13534	362	40.75172632	-73.98753523	477	40.75640548	-73.9900262	1
0	23	41830	432	40.72621788	-73.98379855	510	40.7606597	-73.98042047	1
0	23	41831	471	40.71286844	-73.95698119	83	40.68382604	-73.97632328	1
0	23	41832	296	40.71413089	-73.9970468	405	40.739323	-74.008119	2
0	23	8207	433	40.72955361	-73.98057249	410	40.72066442	-73.98517977	1
0	23	22455	521	40.75044999	-73.99481051	439	40.7262807	-73.98978041	1
0	23	19278	152	40.71473993	-74.00910627	306	40.70823502	-74.00530063	1
0	23	19598	280	40.73331967	-73.99510132	439	40.7262807	-73.98978041	1
0	23	7353	435	40.74173969	-73.99415556	285	40.73454567	-73.99074142	1
0	23	24666	502	40.714215	-73.981346	502	40.714215	-73.981346	1
0	23	2381	327	40.7153379	-74.01658354	319	40.71336124	-74.00937622	1
0	23	30206	433	40.72955361	-73.98057249	368	40.73038599	-74.00214988	1
0	23	1137	327	40.7153379	-74.01658354	376	40.70862144	-74.00722156	1
0	23	17033	453	40.74475148	-73.99915362	388	40.749717753	-74.002950346	3
0	23	41833	237	40.73047309	-73.98672378	488	40.75645824	-73.99372222	1
0	23	41834	393	40.72299208	-73.97995466	412	40.7158155	-73.99422366	2
0	23	1781	268	40.71910537	-73.99973337	212	40.74334935	-74.00681753	1
0	23	17018	212	40.74334935	-74.00681753	480	40.76669671	-73.99061728	1
0	23	23073	285	40.73454567	-73.99074142	527	40.74315566	-73.97434726	1
0	23	9495	387	40.71273266	-74.0046073	308	40.71307916	-73.99851193	1
0	23	41835	2002	40.716887	-73.963198	372	40.694528	-73.958089	1
0	23	9680	442	40.746647	-73.993915	285	40.73454567	-73.99074142	1
0	23	41836	236	40.7284186	-73.98713956	307	40.71427487	-73.98990025	1
0	23	6720	434	40.74317449	-74.00366443	448	40.75660359	-73.9979009	1
0	23	28676	461	40.73587678	-73.98205027	305	40.76095756	-73.96724467	1
0	23	41837	263	40.71729	-73.996375	327	40.7153379	-74.01658354	1
0	23	10755	225	40.74195138	-74.00803013	459	40.746745	-74.007756	1
0	23	41838	446	40.74487634	-73.99529885	508	40.76341379	-73.99667444	1
0	23	16527	507	40.73912601	-73.97973776	433	40.72955361	-73.98057249	1
0	23	160	450	40.76227205	-73.98788205	368	40.73038599	-74.00214988	1
0	23	28079	319	40.71336124	-74.00937622	345	40.73649403	-73.99704374	1
0	23	17839	254	40.73532427	-73.99800419	168	40.73971301	-73.99456405	1
0	23	41839	251	40.72317958	-73.99480012	467	40.68312489	-73.97895137	2
0	23	15637	334	40.74238787	-73.99726235	252	40.73226398	-73.99852205	1
0	23	23722	470	40.74345335	-74.00004031	2022	40.75849116	-73.95920622	1
0	23	11670	325	40.73624527	-73.98473765	293	40.73028666	-73.9907647	1
0	23	34254	438	40.72779126	-73.98564945	394	40.72521311	-73.97768752	1
0	23	8060	519	40.75188406	-73.97770164	380	40.73401143	-74.00293877	1
0	23	7440	531	40.71893904	-73.99266288	151	40.7218158	-73.99720307	1
0	23	13499	521	40.75044999	-73.99481051	368	40.73038599	-74.00214988	1
0	23	29701	243	40.687979	-73.978474	465	40.75513557	-73.98658032	1
0	23	18180	505	40.74901271	-73.98848395	505	40.74901271	-73.98848395	2
0	23	41840	167	40.7489006	-73.97604882	297	40.734232	-73.986923	1
0	23	41841	247	40.73535398	-74.00483091	476	40.74394314	-73.97966069	1
0	23	1385	251	40.72317958	-73.99480012	375	40.72679454	-73.99695094	1
0	23	19229	252	40.73226398	-73.99852205	345	40.73649403	-73.99704374	1
0	23	41842	448	40.75660359	-73.9979009	476	40.74394314	-73.97966069	2
0	23	7616	482	40.73935542	-73.99931783	507	40.73912601	-73.97973776	1
0	23	27869	323	40.69236178	-73.98631746	280	40.73331967	-73.99510132	1
0	23	41843	475	40.73524276	-73.98758561	380	40.73401143	-74.00293877	1
0	23	22755	394	40.72521311	-73.97768752	237	40.73047309	-73.98672378	1
0	23	33277	229	40.72743423	-73.99379025	363	40.70834698	-74.01713445	1
0	23	10301	352	40.76340613	-73.97722479	2006	40.76590936	-73.97634151	1
0	23	14783	127	40.73172428	-74.00674436	470	40.74345335	-74.00004031	1
0	23	41844	415	40.7047177	-74.00926027	509	40.7454973	-74.00197139	1
0	23	30717	394	40.72521311	-73.97768752	410	40.72066442	-73.98517977	1
0	23	4517	161	40.72917025	-73.99810231	302	40.72082834	-73.97793172	1
0	23	10435	435	40.74173969	-73.99415556	536	40.74144387	-73.97536082	1
0	23	41845	368	40.73038599	-74.00214988	522	40.75714758	-73.97207836	1
0	23	17022	519	40.75188406	-73.97770164	2003	40.73416059	-73.98024289	2
0	23	20969	2010	40.72165481	-74.00234737	2003	40.73416059	-73.98024289	1
0	23	1058	308	40.71307916	-73.99851193	415	40.7047177	-74.00926027	1
0	23	12746	499	40.76915505	-73.98191841	483	40.73223272	-73.98889957	1
0	23	13204	434	40.74317449	-74.00366443	462	40.74691959	-74.00451887	1
0	23	13564	251	40.72317958	-73.99480012	438	40.72779126	-73.98564945	1
0	23	33900	446	40.74487634	-73.99529885	507	40.73912601	-73.97973776	1
0	23	35706	380	40.73401143	-74.00293877	249	40.71870987	-74.0090009	1
0	23	2757	522	40.75714758	-73.97207836	485	40.75038009	-73.98338988	1
0	23	14653	519	40.75188406	-73.97770164	501	40.744219	-73.97121214	1
0	23	39327	329	40.72043411	-74.01020609	363	40.70834698	-74.01713445	1
0	23	19662	280	40.73331967	-73.99510132	127	40.73172428	-74.00674436	1
0	23	5527	340	40.71269042	-73.98776323	531	40.71893904	-73.99266288	1
0	23	41846	403	40.72502876	-73.99069656	482	40.73935542	-73.99931783	1
0	23	20236	502	40.714215	-73.981346	332	40.71219906	-73.97948148	1
0	23	19807	359	40.75510267	-73.97498696	507	40.73912601	-73.97973776	1
0	23	1473	380	40.73401143	-74.00293877	382	40.73492695	-73.99200509	1
0	23	32361	387	40.71273266	-74.0046073	384	40.68317813	-73.9659641	1
0	23	40345	479	40.76019252	-73.9912551	116	40.74177603	-74.00149746	1
0	23	3734	373	40.69331716	-73.95381995	384	40.68317813	-73.9659641	1
0	23	41847	416	40.68753406	-73.97265183	120	40.68676793	-73.95928168	1
0	23	8704	297	40.734232	-73.986923	476	40.74394314	-73.97966069	1
0	23	28390	445	40.72740794	-73.98142006	518	40.74780373	-73.9734419	1
0	23	21253	251	40.72317958	-73.99480012	127	40.73172428	-74.00674436	1
0	23	613	488	40.75645824	-73.99372222	458	40.751396	-74.005226	1
0	23	41848	302	40.72082834	-73.97793172	514	40.76087502	-74.00277668	1
0	23	4377	380	40.73401143	-74.00293877	293	40.73028666	-73.9907647	2
0	23	41849	284	40.7390169121	-74.0026376103	439	40.7262807	-73.98978041	1
0	23	21461	515	40.76009437	-73.99461843	459	40.746745	-74.007756	1
0	23	41850	532	40.710451	-73.960876	119	40.69608941	-73.97803415	1
0	23	23897	441	40.756014	-73.967416	160	40.748238	-73.978311	1
0	23	3548	537	40.74025878	-73.98409214	401	40.72019576	-73.98997825	1
0	23	8907	404	40.7405826	-74.00550867	494	40.74734825	-73.99723551	1
0	23	15860	481	40.71260486	-73.96264403	481	40.71260486	-73.96264403	1
0	23	5858	306	40.70823502	-74.00530063	415	40.7047177	-74.00926027	1
0	23	7730	492	40.75019995	-73.99093085	285	40.73454567	-73.99074142	1
0	23	21483	284	40.7390169121	-74.0026376103	494	40.74734825	-73.99723551	1
0	23	36447	420	40.68764484	-73.96968902	353	40.68539567	-73.97431458	1
0	23	41851	470	40.74345335	-74.00004031	545	40.736502	-73.97809472	1
0	23	3829	546	40.74444921	-73.98303529	536	40.74144387	-73.97536082	1
0	23	18275	388	40.749717753	-74.002950346	334	40.74238787	-73.99726235	1
0	23	7442	404	40.7405826	-74.00550867	459	40.746745	-74.007756	1
0	23	1020	521	40.75044999	-73.99481051	515	40.76009437	-73.99461843	1
0	23	29419	515	40.76009437	-73.99461843	512	40.7500727	-73.99839279	1
0	23	20580	391	40.69760127	-73.99344559	253	40.73543934	-73.99453948	1
0	23	36730	438	40.72779126	-73.98564945	160	40.748238	-73.978311	1
0	23	41852	357	40.73261787	-73.99158043	297	40.734232	-73.986923	1
0	23	6145	151	40.7218158	-73.99720307	355	40.71602118	-73.99974372	1
0	23	22210	487	40.73314259	-73.97573881	251	40.72317958	-73.99480012	1
0	23	7288	492	40.75019995	-73.99093085	507	40.73912601	-73.97973776	1
0	23	41853	525	40.75594159	-74.0021163	507	40.73912601	-73.97973776	1
0	23	30468	475	40.73524276	-73.98758561	507	40.73912601	-73.97973776	1
0	23	31886	285	40.73454567	-73.99074142	2003	40.73416059	-73.98024289	1
0	23	2355	477	40.75640548	-73.9900262	518	40.74780373	-73.9734419	1
0	23	142	518	40.74780373	-73.9734419	469	40.76344058	-73.98268129	1
0	23	30734	497	40.73704984	-73.99009296	401	40.72019576	-73.98997825	1
0	23	34805	298	40.68683208	-73.9796772	250	40.72456089	-73.99565293	1
0	23	3102	477	40.75640548	-73.9900262	472	40.7457121	-73.98194829	1
0	23	41854	309	40.7149787	-74.013012	282	40.70827295	-73.96834101	1
0	23	21467	334	40.74238787	-73.99726235	410	40.72066442	-73.98517977	1
0	23	41856	372	40.694528	-73.958089	373	40.69331716	-73.95381995	1
0	23	10320	490	40.751551	-73.993934	2021	40.75929124	-73.98859651	1
0	23	39975	160	40.748238	-73.978311	445	40.72740794	-73.98142006	1
0	23	41857	367	40.75828065	-73.97069431	483	40.73223272	-73.98889957	1
0	23	3318	128	40.72710258	-74.00297088	328	40.72405549	-74.00965965	1
0	23	41285	537	40.74025878	-73.98409214	308	40.71307916	-73.99851193	1
0	23	31943	526	40.74765947	-73.98490707	357	40.73261787	-73.99158043	1
0	23	698	453	40.74475148	-73.99915362	402	40.7403432	-73.98955109	1
0	23	1910	512	40.7500727	-73.99839279	489	40.75066386	-74.00176802	1
0	23	22107	375	40.72679454	-73.99695094	393	40.72299208	-73.97995466	1
0	23	10921	537	40.74025878	-73.98409214	459	40.746745	-74.007756	1
0	23	41858	539	40.71534825	-73.96024116	301	40.72217444	-73.98368779	1
0	23	17478	466	40.74395411	-73.99144871	426	40.71754834	-74.01322069	1
0	23	23823	361	40.71605866	-73.99190759	340	40.71269042	-73.98776323	1
0	23	41859	545	40.736502	-73.97809472	312	40.722055	-73.989111	1
0	23	6445	2021	40.75929124	-73.98859651	469	40.76344058	-73.98268129	1
0	23	18456	505	40.74901271	-73.98848395	285	40.73454567	-73.99074142	1
0	23	27883	531	40.71893904	-73.99266288	394	40.72521311	-73.97768752	1
0	23	22818	285	40.73454567	-73.99074142	285	40.73454567	-73.99074142	1
0	23	35080	380	40.73401143	-74.00293877	237	40.73047309	-73.98672378	1
0	23	41860	303	40.72362738	-73.99949601	306	40.70823502	-74.00530063	1
0	23	9618	517	40.75149263	-73.97798848	280	40.73331967	-73.99510132	1
0	23	2540	345	40.73649403	-73.99704374	284	40.7390169121	-74.0026376103	1
0	23	591	312	40.722055	-73.989111	251	40.72317958	-73.99480012	1
0	23	41861	401	40.72019576	-73.98997825	316	40.70955958	-74.00653609	1
0	23	1960	447	40.76370739	-73.9851615	480	40.76669671	-73.99061728	1
0	23	16355	470	40.74345335	-74.00004031	521	40.75044999	-73.99481051	1
0	23	28308	316	40.70955958	-74.00653609	355	40.71602118	-73.99974372	1
0	23	34466	274	40.68691865	-73.976682	262	40.69178232	-73.97372989	1
0	23	20518	512	40.7500727	-73.99839279	495	40.76269882	-73.99301222	1
0	23	41862	445	40.72740794	-73.98142006	469	40.76344058	-73.98268129	1
0	23	41863	387	40.71273266	-74.0046073	372	40.694528	-73.958089	1
0	23	24465	528	40.74290902	-73.97706058	367	40.75828065	-73.97069431	1
0	23	24664	236	40.7284186	-73.98713956	380	40.73401143	-74.00293877	1
0	23	29688	361	40.71605866	-73.99190759	254	40.73532427	-73.99800419	1
0	23	10165	450	40.76227205	-73.98788205	488	40.75645824	-73.99372222	1
0	23	2152	157	40.69089272	-73.99612349	406	40.69512845	-73.99595065	1
0	23	21921	416	40.68753406	-73.97265183	258	40.68940747	-73.96885458	1
0	23	1347	157	40.69089272	-73.99612349	314	40.69424674	-73.99215922	2
0	23	41865	212	40.74334935	-74.00681753	276	40.71748752	-74.0104554	1
0	23	6312	497	40.73704984	-73.99009296	499	40.76915505	-73.98191841	1
0	23	39323	2004	40.724399	-74.004704	346	40.73652889	-74.00618026	1
0	23	40833	531	40.71893904	-73.99266288	380	40.73401143	-74.00293877	1
0	23	27412	146	40.71625008	-74.0091059	355	40.71602118	-73.99974372	1
0	23	8141	472	40.7457121	-73.98194829	251	40.72317958	-73.99480012	1
0	23	12481	388	40.749717753	-74.002950346	453	40.74475148	-73.99915362	1
0	23	12612	336	40.73047747	-73.99906065	383	40.735238	-74.000271	1
0	23	5782	265	40.72229346	-73.99147535	128	40.72710258	-74.00297088	1
0	23	41866	295	40.71406667	-73.99293911	297	40.734232	-73.986923	2
0	23	6532	293	40.73028666	-73.9907647	483	40.73223272	-73.98889957	2
0	23	23093	398	40.69165183	-73.9999786	398	40.69165183	-73.9999786	4
0	23	10248	462	40.74691959	-74.00451887	280	40.73331967	-73.99510132	1
0	23	20430	521	40.75044999	-73.99481051	434	40.74317449	-74.00366443	1
0	23	7205	528	40.74290902	-73.97706058	507	40.73912601	-73.97973776	1
0	23	33616	406	40.69512845	-73.99595065	481	40.71260486	-73.96264403	1
0	23	10654	293	40.73028666	-73.9907647	476	40.74394314	-73.97966069	1
0	23	23878	2021	40.75929124	-73.98859651	500	40.76228826	-73.98336183	1
0	23	31713	377	40.72243797	-74.00566443	380	40.73401143	-74.00293877	1
0	23	10811	303	40.72362738	-73.99949601	380	40.73401143	-74.00293877	2
0	23	41867	457	40.76695317	-73.98169333	410	40.72066442	-73.98517977	1
0	23	6733	457	40.76695317	-73.98169333	153	40.752062307	-73.9816324043	1
0	23	3564	519	40.75188406	-73.97770164	477	40.75640548	-73.9900262	1
0	23	18665	476	40.74394314	-73.97966069	174	40.7381765	-73.97738662	1
0	23	5757	127	40.73172428	-74.00674436	405	40.739323	-74.008119	1
0	23	14116	250	40.72456089	-73.99565293	404	40.7405826	-74.00550867	1
0	23	37252	465	40.75513557	-73.98658032	488	40.75645824	-73.99372222	1
0	23	15351	410	40.72066442	-73.98517977	481	40.71260486	-73.96264403	1
0	23	22541	161	40.72917025	-73.99810231	195	40.70905623	-74.01043382	1
0	23	41868	237	40.73047309	-73.98672378	336	40.73047747	-73.99906065	1
0	23	19251	450	40.76227205	-73.98788205	453	40.74475148	-73.99915362	1
0	23	7069	474	40.7451677	-73.98683077	459	40.746745	-74.007756	1
0	23	13602	459	40.746745	-74.007756	345	40.73649403	-73.99704374	1
0	23	23963	368	40.73038599	-74.00214988	174	40.7381765	-73.97738662	1
0	23	2868	252	40.73226398	-73.99852205	293	40.73028666	-73.9907647	2
0	23	4601	519	40.75188406	-73.97770164	488	40.75645824	-73.99372222	1
0	23	41869	369	40.73224119	-74.00026394	152	40.71473993	-74.00910627	1
0	23	33376	161	40.72917025	-73.99810231	150	40.7208736	-73.98085795	2
0	23	28115	329	40.72043411	-74.01020609	296	40.71413089	-73.9970468	1
0	23	14390	271	40.68528172	-73.97805813	395	40.68807003	-73.98410637	1
0	23	15426	323	40.69236178	-73.98631746	404	40.7405826	-74.00550867	1
0	23	38031	509	40.7454973	-74.00197139	515	40.76009437	-73.99461843	1
0	23	3611	327	40.7153379	-74.01658354	327	40.7153379	-74.01658354	2
0	23	4848	329	40.72043411	-74.01020609	459	40.746745	-74.007756	1
0	23	2061	297	40.734232	-73.986923	519	40.75188406	-73.97770164	1
0	23	18638	494	40.74734825	-73.99723551	284	40.7390169121	-74.0026376103	1
0	23	3190	482	40.73935542	-73.99931783	463	40.74206539	-74.00443172	1
0	23	41870	354	40.69363137	-73.96223558	396	40.680342423	-73.9557689392	1
0	23	25046	249	40.71870987	-74.0090009	257	40.71939226	-74.00247214	1
0	23	8333	252	40.73226398	-73.99852205	357	40.73261787	-73.99158043	1
0	23	240	519	40.75188406	-73.97770164	518	40.74780373	-73.9734419	1
0	23	13222	335	40.72903917	-73.99404649	247	40.73535398	-74.00483091	1
0	23	3522	368	40.73038599	-74.00214988	329	40.72043411	-74.01020609	2
0	23	365	346	40.73652889	-74.00618026	470	40.74345335	-74.00004031	1
0	23	41871	375	40.72679454	-73.99695094	167	40.7489006	-73.97604882	1
0	23	41872	531	40.71893904	-73.99266288	466	40.74395411	-73.99144871	1
0	23	7795	382	40.73492695	-73.99200509	546	40.74444921	-73.98303529	1
0	23	36843	384	40.68317813	-73.9659641	239	40.69196566	-73.9813018	1
0	23	17404	498	40.74854862	-73.98808416	519	40.75188406	-73.97770164	1
0	23	37132	482	40.73935542	-73.99931783	251	40.72317958	-73.99480012	1
0	23	35082	439	40.7262807	-73.98978041	2021	40.75929124	-73.98859651	1
0	23	41874	223	40.73781509	-73.99994661	146	40.71625008	-74.0091059	1
0	23	20060	447	40.76370739	-73.9851615	463	40.74206539	-74.00443172	1
0	23	16269	161	40.72917025	-73.99810231	519	40.75188406	-73.97770164	1
0	23	15216	459	40.746745	-74.007756	495	40.76269882	-73.99301222	1
0	23	41875	282	40.70827295	-73.96834101	384	40.68317813	-73.9659641	1
0	23	15479	466	40.74395411	-73.99144871	512	40.7500727	-73.99839279	1
0	23	35366	488	40.75645824	-73.99372222	375	40.72679454	-73.99695094	1
0	23	41876	368	40.73038599	-74.00214988	306	40.70823502	-74.00530063	1
0	23	28	450	40.76227205	-73.98788205	359	40.75510267	-73.97498696	1
0	23	41877	297	40.734232	-73.986923	369	40.73224119	-74.00026394	1
0	23	25077	367	40.75828065	-73.97069431	352	40.76340613	-73.97722479	1
0	23	41878	290	40.76020258	-73.96478473	423	40.76584941	-73.98690506	1
0	23	11853	490	40.751551	-73.993934	515	40.76009437	-73.99461843	1
0	23	35712	328	40.72405549	-74.00965965	509	40.7454973	-74.00197139	1
0	23	5941	483	40.73223272	-73.98889957	422	40.770513	-73.988038	1
0	23	24013	519	40.75188406	-73.97770164	410	40.72066442	-73.98517977	1
0	23	27158	470	40.74345335	-74.00004031	489	40.75066386	-74.00176802	1
0	23	23636	2021	40.75929124	-73.98859651	223	40.73781509	-73.99994661	1
0	23	32682	438	40.72779126	-73.98564945	536	40.74144387	-73.97536082	1
0	23	25778	249	40.71870987	-74.0090009	401	40.72019576	-73.98997825	1
0	23	35161	434	40.74317449	-74.00366443	137	40.761628	-73.972924	1
0	23	32259	296	40.71413089	-73.9970468	360	40.70717936	-74.00887308	1
0	23	23125	284	40.7390169121	-74.0026376103	380	40.73401143	-74.00293877	1
0	23	30082	453	40.74475148	-73.99915362	461	40.73587678	-73.98205027	1
0	23	4027	319	40.71336124	-74.00937622	376	40.70862144	-74.00722156	1
0	23	22436	439	40.7262807	-73.98978041	531	40.71893904	-73.99266288	1
0	23	11311	168	40.73971301	-73.99456405	433	40.72955361	-73.98057249	1
0	23	36971	308	40.71307916	-73.99851193	146	40.71625008	-74.0091059	1
0	23	10620	247	40.73535398	-74.00483091	368	40.73038599	-74.00214988	1
0	23	41250	507	40.73912601	-73.97973776	348	40.72490985	-74.00154702	1
0	23	3067	490	40.751551	-73.993934	448	40.75660359	-73.9979009	1
0	23	1057	293	40.73028666	-73.9907647	445	40.72740794	-73.98142006	1
0	23	1670	379	40.749156	-73.9916	168	40.73971301	-73.99456405	1
0	23	8348	531	40.71893904	-73.99266288	361	40.71605866	-73.99190759	1
0	23	27257	254	40.73532427	-73.99800419	247	40.73535398	-74.00483091	2
0	23	484	355	40.71602118	-73.99974372	355	40.71602118	-73.99974372	1
0	23	11973	440	40.75255434	-73.97282625	137	40.761628	-73.972924	1
0	23	411	293	40.73028666	-73.9907647	537	40.74025878	-73.98409214	1
0	23	34661	236	40.7284186	-73.98713956	356	40.71622644	-73.98261206	1
0	23	275	459	40.746745	-74.007756	2003	40.73416059	-73.98024289	1
0	23	12175	376	40.70862144	-74.00722156	151	40.7218158	-73.99720307	1
0	23	23942	416	40.68753406	-73.97265183	384	40.68317813	-73.9659641	2
0	23	20382	492	40.75019995	-73.99093085	459	40.746745	-74.007756	1
0	23	7626	293	40.73028666	-73.9907647	284	40.7390169121	-74.0026376103	1
0	23	24072	401	40.72019576	-73.98997825	331	40.71173107	-73.99193043	1
0	23	10670	459	40.746745	-74.007756	281	40.7643971	-73.97371465	2
0	23	17529	346	40.73652889	-74.00618026	284	40.7390169121	-74.0026376103	1
0	23	7198	173	40.76064679	-73.98442659	2021	40.75929124	-73.98859651	1
0	23	2753	293	40.73028666	-73.9907647	524	40.75527307	-73.98316936	1
0	23	12391	336	40.73047747	-73.99906065	394	40.72521311	-73.97768752	1
0	23	19715	518	40.74780373	-73.9734419	326	40.72953837	-73.98426726	1
0	23	37038	433	40.72955361	-73.98057249	445	40.72740794	-73.98142006	1
0	23	32503	216	40.70037867	-73.99548059	398	40.69165183	-73.9999786	3
0	23	36144	383	40.735238	-74.000271	475	40.73524276	-73.98758561	1
0	23	2224	383	40.735238	-74.000271	497	40.73704984	-73.99009296	1
0	23	20183	439	40.7262807	-73.98978041	280	40.73331967	-73.99510132	2
0	23	41882	284	40.7390169121	-74.0026376103	440	40.75255434	-73.97282625	1
0	23	23203	536	40.74144387	-73.97536082	521	40.75044999	-73.99481051	1
0	23	28153	490	40.751551	-73.993934	449	40.76461837	-73.98789473	1
0	23	24659	236	40.7284186	-73.98713956	497	40.73704984	-73.99009296	1
0	23	23384	254	40.73532427	-73.99800419	236	40.7284186	-73.98713956	1
0	23	41883	539	40.71534825	-73.96024116	393	40.72299208	-73.97995466	1
0	23	41885	291	40.713126	-73.984844	401	40.72019576	-73.98997825	1
0	23	13349	481	40.71260486	-73.96264403	389	40.71044554	-73.96525063	1
0	23	12985	521	40.75044999	-73.99481051	495	40.76269882	-73.99301222	1
0	23	14527	439	40.7262807	-73.98978041	432	40.72621788	-73.98379855	1
0	23	35471	326	40.72953837	-73.98426726	281	40.7643971	-73.97371465	1
0	23	41475	477	40.75640548	-73.9900262	2003	40.73416059	-73.98024289	1
0	23	38940	336	40.73047747	-73.99906065	453	40.74475148	-73.99915362	1
0	23	1740	495	40.76269882	-73.99301222	450	40.76227205	-73.98788205	1
0	23	28152	479	40.76019252	-73.9912551	446	40.74487634	-73.99529885	2
0	23	3803	128	40.72710258	-74.00297088	251	40.72317958	-73.99480012	2
0	23	10090	161	40.72917025	-73.99810231	116	40.74177603	-74.00149746	1
0	23	9588	293	40.73028666	-73.9907647	128	40.72710258	-74.00297088	2
0	23	41886	242	40.69788349	-73.97350332	2003	40.73416059	-73.98024289	1
0	23	11755	380	40.73401143	-74.00293877	401	40.72019576	-73.98997825	1
0	23	23494	423	40.76584941	-73.98690506	422	40.770513	-73.988038	1
0	23	39287	494	40.74734825	-73.99723551	529	40.7575699	-73.99098507	1
0	23	10881	477	40.75640548	-73.9900262	478	40.76030096	-73.99884222	1
0	23	16553	290	40.76020258	-73.96478473	507	40.73912601	-73.97973776	1
0	23	425	152	40.71473993	-74.00910627	531	40.71893904	-73.99266288	1
0	23	17718	309	40.7149787	-74.013012	462	40.74691959	-74.00451887	1
0	23	41889	440	40.75255434	-73.97282625	478	40.76030096	-73.99884222	1
0	23	24837	477	40.75640548	-73.9900262	2021	40.75929124	-73.98859651	1
0	23	41890	72	40.76727216	-73.99392888	228	40.7546011026	-73.971878855	1
0	23	9213	401	40.72019576	-73.98997825	345	40.73649403	-73.99704374	1
0	23	6077	384	40.68317813	-73.9659641	313	40.69610226	-73.96751037	1
0	23	15553	517	40.75149263	-73.97798848	457	40.76695317	-73.98169333	1
0	23	21	483	40.73223272	-73.98889957	280	40.73331967	-73.99510132	1
0	23	18572	418	40.70224	-73.982578	271	40.68528172	-73.97805813	1
0	23	7601	402	40.7403432	-73.98955109	405	40.739323	-74.008119	1
0	23	190	238	40.7361967	-74.00859207	128	40.72710258	-74.00297088	1
0	23	4170	384	40.68317813	-73.9659641	274	40.68691865	-73.976682	1
0	23	23340	489	40.75066386	-74.00176802	515	40.76009437	-73.99461843	2
0	23	5296	422	40.770513	-73.988038	448	40.75660359	-73.9979009	1
0	23	17629	483	40.73223272	-73.98889957	428	40.72467721	-73.98783413	1
0	23	93	247	40.73535398	-74.00483091	128	40.72710258	-74.00297088	1
0	23	30220	305	40.76095756	-73.96724467	501	40.744219	-73.97121214	1
0	23	4255	531	40.71893904	-73.99266288	320	40.71743998	-74.00583475	1
0	23	38020	361	40.71605866	-73.99190759	478	40.76030096	-73.99884222	1
0	23	24548	394	40.72521311	-73.97768752	476	40.74394314	-73.97966069	1
0	23	41891	353	40.68539567	-73.97431458	396	40.680342423	-73.9557689392	1
0	23	3340	507	40.73912601	-73.97973776	297	40.734232	-73.986923	1
0	23	23748	372	40.694528	-73.958089	396	40.680342423	-73.9557689392	1
0	23	8470	410	40.72066442	-73.98517977	251	40.72317958	-73.99480012	1
0	23	18396	537	40.74025878	-73.98409214	482	40.73935542	-73.99931783	1
0	23	14805	383	40.735238	-74.000271	127	40.73172428	-74.00674436	1
0	23	15765	404	40.7405826	-74.00550867	2021	40.75929124	-73.98859651	1
0	23	30565	428	40.72467721	-73.98783413	531	40.71893904	-73.99266288	1
0	23	41893	546	40.74444921	-73.98303529	151	40.7218158	-73.99720307	1
0	23	12395	449	40.76461837	-73.98789473	513	40.768254	-73.988639	1
0	23	9406	469	40.76344058	-73.98268129	464	40.75934501	-73.96759673	1
0	23	10725	157	40.69089272	-73.99612349	323	40.69236178	-73.98631746	1
0	23	12456	398	40.69165183	-73.9999786	323	40.69236178	-73.98631746	2
0	23	23760	157	40.69089272	-73.99612349	430	40.7014851	-73.98656928	1
0	23	29468	405	40.739323	-74.008119	489	40.75066386	-74.00176802	1
0	23	10957	301	40.72217444	-73.98368779	504	40.73221853	-73.98165557	1
0	23	41897	439	40.7262807	-73.98978041	507	40.73912601	-73.97973776	1
0	23	29071	345	40.73649403	-73.99704374	253	40.73543934	-73.99453948	1
0	23	34943	238	40.7361967	-74.00859207	2017	40.75022392	-73.97121414	1
0	23	4360	457	40.76695317	-73.98169333	490	40.751551	-73.993934	1
0	23	1186	507	40.73912601	-73.97973776	236	40.7284186	-73.98713956	1
0	23	2936	398	40.69165183	-73.9999786	391	40.69760127	-73.99344559	1
0	23	8936	300	40.728145	-73.990214	540	40.74147286	-73.98320928	1
0	23	8085	247	40.73535398	-74.00483091	348	40.72490985	-74.00154702	1
0	23	5957	490	40.751551	-73.993934	450	40.76227205	-73.98788205	1
0	23	18715	254	40.73532427	-73.99800419	463	40.74206539	-74.00443172	1
0	23	23324	477	40.75640548	-73.9900262	434	40.74317449	-74.00366443	1
0	23	32991	398	40.69165183	-73.9999786	216	40.70037867	-73.99548059	1
0	23	31483	2010	40.72165481	-74.00234737	355	40.71602118	-73.99974372	1
0	23	4408	251	40.72317958	-73.99480012	335	40.72903917	-73.99404649	1
0	23	210	358	40.73291553	-74.00711384	284	40.7390169121	-74.0026376103	1
0	23	558	395	40.68807003	-73.98410637	271	40.68528172	-73.97805813	1
0	23	41908	396	40.680342423	-73.9557689392	365	40.68223166	-73.9614583	1
0	23	41911	443	40.70853074	-73.96408963	389	40.71044554	-73.96525063	1
0	23	4066	368	40.73038599	-74.00214988	347	40.72873888	-74.00748842	1
0	23	21302	146	40.71625008	-74.0091059	249	40.71870987	-74.0090009	1
0	23	18385	324	40.689888	-73.981013	241	40.68981035	-73.97493121	1
0	23	32021	116	40.74177603	-74.00149746	368	40.73038599	-74.00214988	1
0	23	12812	312	40.722055	-73.989111	297	40.734232	-73.986923	1
0	23	12273	509	40.7454973	-74.00197139	404	40.7405826	-74.00550867	1
0	23	13757	311	40.7172274	-73.98802084	350	40.71559509	-73.9870295	1
0	23	4911	459	40.746745	-74.007756	521	40.75044999	-73.99481051	1
0	23	41794	303	40.72362738	-73.99949601	364	40.68900443	-73.96023854	1
0	23	41795	224	40.71146364	-74.00552427	249	40.71870987	-74.0090009	1
0	23	3703	448	40.75660359	-73.9979009	513	40.768254	-73.988639	1
0	23	41796	236	40.7284186	-73.98713956	334	40.74238787	-73.99726235	1
0	23	14265	519	40.75188406	-73.97770164	529	40.7575699	-73.99098507	1
0	23	41797	316	40.70955958	-74.00653609	410	40.72066442	-73.98517977	1
0	23	6989	447	40.76370739	-73.9851615	173	40.76064679	-73.98442659	1
0	23	32469	251	40.72317958	-73.99480012	229	40.72743423	-73.99379025	1
0	23	2304	415	40.7047177	-74.00926027	264	40.70706456	-74.00731853	1
0	23	24360	456	40.7597108	-73.97402311	472	40.7457121	-73.98194829	1
0	23	5762	519	40.75188406	-73.97770164	472	40.7457121	-73.98194829	1
0	23	24007	236	40.7284186	-73.98713956	301	40.72217444	-73.98368779	1
0	23	4076	293	40.73028666	-73.9907647	461	40.73587678	-73.98205027	1
0	23	21960	223	40.73781509	-73.99994661	509	40.7454973	-74.00197139	1
0	23	6556	304	40.70463334	-74.01361706	212	40.74334935	-74.00681753	1
0	23	20550	212	40.74334935	-74.00681753	223	40.73781509	-73.99994661	2
0	23	4480	380	40.73401143	-74.00293877	380	40.73401143	-74.00293877	1
0	23	12607	304	40.70463334	-74.01361706	363	40.70834698	-74.01713445	1
0	23	41798	463	40.74206539	-74.00443172	387	40.71273266	-74.0046073	1
0	23	2098	545	40.736502	-73.97809472	173	40.76064679	-73.98442659	1
0	23	491	472	40.7457121	-73.98194829	461	40.73587678	-73.98205027	1
0	23	35668	356	40.71622644	-73.98261206	312	40.722055	-73.989111	1
0	23	19980	528	40.74290902	-73.97706058	2003	40.73416059	-73.98024289	3
0	23	557	380	40.73401143	-74.00293877	229	40.72743423	-73.99379025	1
0	23	3570	304	40.70463334	-74.01361706	327	40.7153379	-74.01658354	2
0	23	95	2021	40.75929124	-73.98859651	515	40.76009437	-73.99461843	1
0	23	41799	254	40.73532427	-73.99800419	519	40.75188406	-73.97770164	1
0	23	22480	280	40.73331967	-73.99510132	526	40.74765947	-73.98490707	1
0	23	12791	427	40.70251526	-74.01427023	327	40.7153379	-74.01658354	2
0	23	41021	317	40.72453734	-73.98185424	356	40.71622644	-73.98261206	1
0	23	4438	519	40.75188406	-73.97770164	305	40.76095756	-73.96724467	1
0	23	7579	494	40.74734825	-73.99723551	489	40.75066386	-74.00176802	1
0	23	19277	355	40.71602118	-73.99974372	308	40.71307916	-73.99851193	1
0	23	7341	236	40.7284186	-73.98713956	335	40.72903917	-73.99404649	1
0	23	9949	236	40.7284186	-73.98713956	432	40.72621788	-73.98379855	1
0	23	15934	237	40.73047309	-73.98672378	294	40.73049393	-73.9957214	1
0	23	11314	116	40.74177603	-74.00149746	462	40.74691959	-74.00451887	1
0	23	41800	501	40.744219	-73.97121214	332	40.71219906	-73.97948148	1
0	23	41801	439	40.7262807	-73.98978041	2009	40.71117444	-73.99682619	1
0	23	1873	482	40.73935542	-73.99931783	450	40.76227205	-73.98788205	1
0	23	41802	310	40.68926942	-73.98912867	471	40.71286844	-73.95698119	1
0	23	30798	334	40.74238787	-73.99726235	512	40.7500727	-73.99839279	1
0	23	41803	405	40.739323	-74.008119	434	40.74317449	-74.00366443	1
0	23	34394	225	40.74195138	-74.00803013	147	40.71542197	-74.01121978	1
0	23	41804	229	40.72743423	-73.99379025	392	40.695065	-73.987167	1
0	23	20759	325	40.73624527	-73.98473765	410	40.72066442	-73.98517977	1
0	23	41805	432	40.72621788	-73.98379855	482	40.73935542	-73.99931783	1
0	23	41806	243	40.687979	-73.978474	438	40.72779126	-73.98564945	1
0	23	18865	223	40.73781509	-73.99994661	475	40.73524276	-73.98758561	2
0	23	7979	521	40.75044999	-73.99481051	519	40.75188406	-73.97770164	1
0	23	24260	318	40.75320159	-73.9779874	507	40.73912601	-73.97973776	1
0	23	2585	462	40.74691959	-74.00451887	477	40.75640548	-73.9900262	1
0	23	17321	323	40.69236178	-73.98631746	293	40.73028666	-73.9907647	1
0	23	39943	79	40.71911552	-74.00666661	494	40.74734825	-73.99723551	1
0	23	29927	414	40.70281858	-73.98765762	242	40.69788349	-73.97350332	1
0	23	21996	347	40.72873888	-74.00748842	446	40.74487634	-73.99529885	1
0	23	41807	404	40.7405826	-74.00550867	224	40.71146364	-74.00552427	1
0	23	41808	324	40.689888	-73.981013	372	40.694528	-73.958089	1
0	23	24864	546	40.74444921	-73.98303529	545	40.736502	-73.97809472	1
0	23	21683	278	40.69766564	-73.98476437	278	40.69766564	-73.98476437	3
0	23	17282	404	40.7405826	-74.00550867	483	40.73223272	-73.98889957	2
0	23	28340	504	40.73221853	-73.98165557	411	40.72228087	-73.97668709	1
0	23	21233	297	40.734232	-73.986923	236	40.7284186	-73.98713956	1
0	23	41809	403	40.72502876	-73.99069656	422	40.770513	-73.988038	1
0	23	11358	301	40.72217444	-73.98368779	301	40.72217444	-73.98368779	1
0	23	6275	499	40.76915505	-73.98191841	480	40.76669671	-73.99061728	1
0	23	18348	507	40.73912601	-73.97973776	161	40.72917025	-73.99810231	1
0	23	7999	285	40.73454567	-73.99074142	476	40.74394314	-73.97966069	1
0	23	11593	509	40.7454973	-74.00197139	462	40.74691959	-74.00451887	1
0	23	5923	398	40.69165183	-73.9999786	233	40.69246277	-73.98963911	1
0	23	28087	385	40.75797322	-73.96603308	522	40.75714758	-73.97207836	1
0	23	41810	521	40.75044999	-73.99481051	537	40.74025878	-73.98409214	2
0	23	21652	285	40.73454567	-73.99074142	518	40.74780373	-73.9734419	1
0	23	34852	471	40.71286844	-73.95698119	527	40.74315566	-73.97434726	1
0	23	35031	479	40.76019252	-73.9912551	540	40.74147286	-73.98320928	1
0	23	40476	422	40.770513	-73.988038	236	40.7284186	-73.98713956	1
0	23	14293	405	40.739323	-74.008119	2010	40.72165481	-74.00234737	1
0	23	4785	403	40.72502876	-73.99069656	377	40.72243797	-74.00566443	1
0	23	15386	459	40.746745	-74.007756	363	40.70834698	-74.01713445	2
0	23	41811	508	40.76341379	-73.99667444	2010	40.72165481	-74.00234737	1
0	23	6909	398	40.69165183	-73.9999786	217	40.70277159	-73.99383605	4
0	23	17228	391	40.69760127	-73.99344559	406	40.69512845	-73.99595065	1
0	23	18659	482	40.73935542	-73.99931783	442	40.746647	-73.993915	1
0	23	17246	457	40.76695317	-73.98169333	458	40.751396	-74.005226	1
0	23	41812	2022	40.75849116	-73.95920622	265	40.72229346	-73.99147535	1
0	23	11954	380	40.73401143	-74.00293877	439	40.7262807	-73.98978041	1
0	23	8832	486	40.7462009	-73.98855723	435	40.74173969	-73.99415556	1
0	23	26216	83	40.68382604	-73.97632328	280	40.73331967	-73.99510132	1
0	23	20201	300	40.728145	-73.990214	518	40.74780373	-73.9734419	1
0	23	29036	494	40.74734825	-73.99723551	462	40.74691959	-74.00451887	1
0	23	41813	290	40.76020258	-73.96478473	174	40.7381765	-73.97738662	1
0	23	39054	483	40.73223272	-73.98889957	363	40.70834698	-74.01713445	1
0	23	18020	489	40.75066386	-74.00176802	505	40.74901271	-73.98848395	1
0	23	21519	450	40.76227205	-73.98788205	474	40.7451677	-73.98683077	1
0	23	6590	475	40.73524276	-73.98758561	537	40.74025878	-73.98409214	1
0	23	36988	439	40.7262807	-73.98978041	252	40.73226398	-73.99852205	1
0	23	41814	2002	40.716887	-73.963198	482	40.73935542	-73.99931783	1
0	23	12526	442	40.746647	-73.993915	72	40.76727216	-73.99392888	1
0	23	4253	462	40.74691959	-74.00451887	453	40.74475148	-73.99915362	1
0	23	41815	409	40.6906495	-73.95643107	443	40.70853074	-73.96408963	1
0	23	11548	434	40.74317449	-74.00366443	334	40.74238787	-73.99726235	1
0	23	41816	229	40.72743423	-73.99379025	539	40.71534825	-73.96024116	1
0	23	29213	450	40.76227205	-73.98788205	251	40.72317958	-73.99480012	1
0	23	15812	303	40.72362738	-73.99949601	404	40.7405826	-74.00550867	1
0	23	37206	417	40.71291224	-74.01020234	236	40.7284186	-73.98713956	1
0	23	9356	223	40.73781509	-73.99994661	404	40.7405826	-74.00550867	1
0	23	41817	323	40.69236178	-73.98631746	2003	40.73416059	-73.98024289	1
0	23	24096	512	40.7500727	-73.99839279	276	40.71748752	-74.0104554	1
0	23	13888	483	40.73223272	-73.98889957	410	40.72066442	-73.98517977	1
0	23	27914	483	40.73223272	-73.98889957	532	40.710451	-73.960876	1
0	23	11188	519	40.75188406	-73.97770164	483	40.73223272	-73.98889957	1
0	23	40514	466	40.74395411	-73.99144871	509	40.7454973	-74.00197139	1
0	23	1038	479	40.76019252	-73.9912551	2012	40.739445	-73.976806	1
0	23	21184	495	40.76269882	-73.99301222	529	40.7575699	-73.99098507	1
0	23	18994	293	40.73028666	-73.9907647	518	40.74780373	-73.9734419	1
0	23	15292	309	40.7149787	-74.013012	466	40.74395411	-73.99144871	1
0	23	30311	539	40.71534825	-73.96024116	311	40.7172274	-73.98802084	1
0	23	26837	477	40.75640548	-73.9900262	482	40.73935542	-73.99931783	2
0	23	31760	391	40.69760127	-73.99344559	430	40.7014851	-73.98656928	1
0	23	34891	274	40.68691865	-73.976682	539	40.71534825	-73.96024116	1
0	23	31420	274	40.68691865	-73.976682	395	40.68807003	-73.98410637	1
0	23	24144	360	40.70717936	-74.00887308	355	40.71602118	-73.99974372	1
0	23	31784	362	40.75172632	-73.98753523	236	40.7284186	-73.98713956	1
0	23	41391	274	40.68691865	-73.976682	384	40.68317813	-73.9659641	1
0	23	724	237	40.73047309	-73.98672378	285	40.73454567	-73.99074142	1
0	23	11174	380	40.73401143	-74.00293877	470	40.74345335	-74.00004031	1
0	23	429	237	40.73047309	-73.98672378	237	40.73047309	-73.98672378	1
0	23	5173	164	40.75323098	-73.97032517	477	40.75640548	-73.9900262	1
0	23	41818	361	40.71605866	-73.99190759	157	40.69089272	-73.99612349	1
0	23	41819	432	40.72621788	-73.98379855	83	40.68382604	-73.97632328	1
0	23	2228	477	40.75640548	-73.9900262	527	40.74315566	-73.97434726	2
0	23	33723	482	40.73935542	-73.99931783	489	40.75066386	-74.00176802	1
0	23	38043	127	40.73172428	-74.00674436	312	40.722055	-73.989111	1
0	23	11635	521	40.75044999	-73.99481051	450	40.76227205	-73.98788205	1
0	23	22253	405	40.739323	-74.008119	497	40.73704984	-73.99009296	1
0	23	23347	271	40.68528172	-73.97805813	397	40.68415748	-73.96922273	1
0	23	22817	412	40.7158155	-73.99422366	274	40.68691865	-73.976682	1
0	23	34680	161	40.72917025	-73.99810231	306	40.70823502	-74.00530063	1
0	23	25584	509	40.7454973	-74.00197139	492	40.75019995	-73.99093085	1
0	23	8437	472	40.7457121	-73.98194829	528	40.74290902	-73.97706058	1
0	23	34862	432	40.72621788	-73.98379855	361	40.71605866	-73.99190759	1
0	23	41820	494	40.74734825	-73.99723551	449	40.76461837	-73.98789473	1
0	23	41821	332	40.71219906	-73.97948148	305	40.76095756	-73.96724467	1
0	23	16981	2002	40.716887	-73.963198	241	40.68981035	-73.97493121	1
0	23	41822	494	40.74734825	-73.99723551	505	40.74901271	-73.98848395	1
0	23	21521	313	40.69610226	-73.96751037	309	40.7149787	-74.013012	1
0	23	41823	361	40.71605866	-73.99190759	354	40.69363137	-73.96223558	1
0	23	41824	356	40.71622644	-73.98261206	377	40.72243797	-74.00566443	1
0	23	34845	308	40.71307916	-73.99851193	507	40.73912601	-73.97973776	1
0	23	3725	462	40.74691959	-74.00451887	448	40.75660359	-73.9979009	1
0	23	41825	521	40.75044999	-73.99481051	531	40.71893904	-73.99266288	1
0	23	23733	390	40.69221589	-73.9842844	418	40.70224	-73.982578	1
0	23	31192	446	40.74487634	-73.99529885	488	40.75645824	-73.99372222	1
0	23	16181	522	40.75714758	-73.97207836	490	40.751551	-73.993934	1
0	23	41826	120	40.68676793	-73.95928168	539	40.71534825	-73.96024116	1
0	23	13839	363	40.70834698	-74.01713445	363	40.70834698	-74.01713445	1
0	23	35490	446	40.74487634	-73.99529885	427	40.70251526	-74.01427023	1
0	23	41084	483	40.73223272	-73.98889957	450	40.76227205	-73.98788205	1
0	23	14252	323	40.69236178	-73.98631746	305	40.76095756	-73.96724467	1
0	23	6601	464	40.75934501	-73.96759673	457	40.76695317	-73.98169333	1
0	23	716	509	40.7454973	-74.00197139	463	40.74206539	-74.00443172	1
0	23	19713	127	40.73172428	-74.00674436	251	40.72317958	-73.99480012	1
0	23	233	151	40.7218158	-73.99720307	237	40.73047309	-73.98672378	1
0	23	16679	479	40.76019252	-73.9912551	521	40.75044999	-73.99481051	2
0	23	17487	440	40.75255434	-73.97282625	518	40.74780373	-73.9734419	1
0	23	41827	237	40.73047309	-73.98672378	449	40.76461837	-73.98789473	1
0	23	16806	434	40.74317449	-74.00366443	434	40.74317449	-74.00366443	1
0	23	4971	293	40.73028666	-73.9907647	285	40.73454567	-73.99074142	1
0	23	7684	468	40.7652654	-73.98192338	305	40.76095756	-73.96724467	1
0	23	14248	254	40.73532427	-73.99800419	466	40.74395411	-73.99144871	1
0	23	2349	432	40.72621788	-73.98379855	432	40.72621788	-73.98379855	1
0	23	7584	363	40.70834698	-74.01713445	525	40.75594159	-74.0021163	1
0	23	15497	534	40.70255065	-74.0127234	417	40.71291224	-74.01020234	1
0	23	34120	369	40.73224119	-74.00026394	325	40.73624527	-73.98473765	1
0	23	20277	504	40.73221853	-73.98165557	311	40.7172274	-73.98802084	1
0	23	1353	312	40.722055	-73.989111	411	40.72228087	-73.97668709	1
0	23	41828	225	40.74195138	-74.00803013	322	40.696192	-73.991218	1
0	23	14634	249	40.71870987	-74.0090009	426	40.71754834	-74.01322069	1
0	23	34969	127	40.73172428	-74.00674436	540	40.74147286	-73.98320928	1
0	23	20095	495	40.76269882	-73.99301222	127	40.73172428	-74.00674436	1
0	23	19872	225	40.74195138	-74.00803013	264	40.70706456	-74.00731853	2
0	23	22572	463	40.74206539	-74.00443172	127	40.73172428	-74.00674436	1
0	23	41829	483	40.73223272	-73.98889957	423	40.76584941	-73.98690506	1
0	23	13534	362	40.75172632	-73.98753523	477	40.75640548	-73.9900262	1
0	23	41830	432	40.72621788	-73.98379855	510	40.7606597	-73.98042047	1
0	23	41831	471	40.71286844	-73.95698119	83	40.68382604	-73.97632328	1
0	23	41832	296	40.71413089	-73.9970468	405	40.739323	-74.008119	2
0	23	8207	433	40.72955361	-73.98057249	410	40.72066442	-73.98517977	1
0	23	22455	521	40.75044999	-73.99481051	439	40.7262807	-73.98978041	1
0	23	19278	152	40.71473993	-74.00910627	306	40.70823502	-74.00530063	1
0	23	19598	280	40.73331967	-73.99510132	439	40.7262807	-73.98978041	1
0	23	7353	435	40.74173969	-73.99415556	285	40.73454567	-73.99074142	1
0	23	41756	438	40.72779126	-73.98564945	295	40.71406667	-73.99293911	1
0	23	24666	502	40.714215	-73.981346	502	40.714215	-73.981346	1
0	23	2381	327	40.7153379	-74.01658354	319	40.71336124	-74.00937622	1
0	23	30206	433	40.72955361	-73.98057249	368	40.73038599	-74.00214988	1
0	23	1137	327	40.7153379	-74.01658354	376	40.70862144	-74.00722156	1
0	23	17033	453	40.74475148	-73.99915362	388	40.749717753	-74.002950346	3
0	23	41833	237	40.73047309	-73.98672378	488	40.75645824	-73.99372222	1
0	23	41834	393	40.72299208	-73.97995466	412	40.7158155	-73.99422366	2
0	23	1781	268	40.71910537	-73.99973337	212	40.74334935	-74.00681753	1
0	23	17018	212	40.74334935	-74.00681753	480	40.76669671	-73.99061728	1
0	23	23073	285	40.73454567	-73.99074142	527	40.74315566	-73.97434726	1
0	23	9495	387	40.71273266	-74.0046073	308	40.71307916	-73.99851193	1
0	23	41835	2002	40.716887	-73.963198	372	40.694528	-73.958089	1
0	23	9680	442	40.746647	-73.993915	285	40.73454567	-73.99074142	1
0	23	41836	236	40.7284186	-73.98713956	307	40.71427487	-73.98990025	1
0	23	6720	434	40.74317449	-74.00366443	448	40.75660359	-73.9979009	1
0	23	28676	461	40.73587678	-73.98205027	305	40.76095756	-73.96724467	1
0	23	41837	263	40.71729	-73.996375	327	40.7153379	-74.01658354	1
0	23	10755	225	40.74195138	-74.00803013	459	40.746745	-74.007756	1
0	23	41838	446	40.74487634	-73.99529885	508	40.76341379	-73.99667444	1
0	23	16527	507	40.73912601	-73.97973776	433	40.72955361	-73.98057249	1
0	23	160	450	40.76227205	-73.98788205	368	40.73038599	-74.00214988	1
0	23	28079	319	40.71336124	-74.00937622	345	40.73649403	-73.99704374	1
0	23	17839	254	40.73532427	-73.99800419	168	40.73971301	-73.99456405	1
0	23	41839	251	40.72317958	-73.99480012	467	40.68312489	-73.97895137	2
0	23	15637	334	40.74238787	-73.99726235	252	40.73226398	-73.99852205	1
0	23	23722	470	40.74345335	-74.00004031	2022	40.75849116	-73.95920622	1
0	23	11670	325	40.73624527	-73.98473765	293	40.73028666	-73.9907647	1
0	23	34254	438	40.72779126	-73.98564945	394	40.72521311	-73.97768752	1
0	23	17927	368	40.73038599	-74.00214988	537	40.74025878	-73.98409214	1
0	23	8060	519	40.75188406	-73.97770164	380	40.73401143	-74.00293877	1
0	23	7440	531	40.71893904	-73.99266288	151	40.7218158	-73.99720307	1
0	23	13499	521	40.75044999	-73.99481051	368	40.73038599	-74.00214988	1
0	23	29701	243	40.687979	-73.978474	465	40.75513557	-73.98658032	1
0	23	18180	505	40.74901271	-73.98848395	505	40.74901271	-73.98848395	2
0	23	41840	167	40.7489006	-73.97604882	297	40.734232	-73.986923	1
0	23	41841	247	40.73535398	-74.00483091	476	40.74394314	-73.97966069	1
0	23	1385	251	40.72317958	-73.99480012	375	40.72679454	-73.99695094	1
0	23	19229	252	40.73226398	-73.99852205	345	40.73649403	-73.99704374	1
0	23	41842	448	40.75660359	-73.9979009	476	40.74394314	-73.97966069	2
0	23	7616	482	40.73935542	-73.99931783	507	40.73912601	-73.97973776	1
0	23	27869	323	40.69236178	-73.98631746	280	40.73331967	-73.99510132	1
0	23	41843	475	40.73524276	-73.98758561	380	40.73401143	-74.00293877	1
0	23	1139	521	40.75044999	-73.99481051	514	40.76087502	-74.00277668	1
0	23	22755	394	40.72521311	-73.97768752	237	40.73047309	-73.98672378	1
0	23	33277	229	40.72743423	-73.99379025	363	40.70834698	-74.01713445	1
0	23	10301	352	40.76340613	-73.97722479	2006	40.76590936	-73.97634151	1
0	23	14783	127	40.73172428	-74.00674436	470	40.74345335	-74.00004031	1
0	23	41844	415	40.7047177	-74.00926027	509	40.7454973	-74.00197139	1
0	23	30717	394	40.72521311	-73.97768752	410	40.72066442	-73.98517977	1
0	23	4517	161	40.72917025	-73.99810231	302	40.72082834	-73.97793172	1
0	23	10435	435	40.74173969	-73.99415556	536	40.74144387	-73.97536082	1
0	23	41845	368	40.73038599	-74.00214988	522	40.75714758	-73.97207836	1
0	23	17022	519	40.75188406	-73.97770164	2003	40.73416059	-73.98024289	2
0	23	20969	2010	40.72165481	-74.00234737	2003	40.73416059	-73.98024289	1
0	23	1058	308	40.71307916	-73.99851193	415	40.7047177	-74.00926027	1
0	23	12746	499	40.76915505	-73.98191841	483	40.73223272	-73.98889957	1
0	23	13204	434	40.74317449	-74.00366443	462	40.74691959	-74.00451887	1
0	23	13564	251	40.72317958	-73.99480012	438	40.72779126	-73.98564945	1
0	23	33900	446	40.74487634	-73.99529885	507	40.73912601	-73.97973776	1
0	23	35706	380	40.73401143	-74.00293877	249	40.71870987	-74.0090009	1
0	23	2757	522	40.75714758	-73.97207836	485	40.75038009	-73.98338988	1
0	23	9027	251	40.72317958	-73.99480012	348	40.72490985	-74.00154702	1
0	23	14653	519	40.75188406	-73.97770164	501	40.744219	-73.97121214	1
0	23	39327	329	40.72043411	-74.01020609	363	40.70834698	-74.01713445	1
0	23	19662	280	40.73331967	-73.99510132	127	40.73172428	-74.00674436	1
0	23	5527	340	40.71269042	-73.98776323	531	40.71893904	-73.99266288	1
0	23	41846	403	40.72502876	-73.99069656	482	40.73935542	-73.99931783	1
0	23	20236	502	40.714215	-73.981346	332	40.71219906	-73.97948148	1
0	23	19807	359	40.75510267	-73.97498696	507	40.73912601	-73.97973776	1
0	23	1473	380	40.73401143	-74.00293877	382	40.73492695	-73.99200509	1
0	23	32361	387	40.71273266	-74.0046073	384	40.68317813	-73.9659641	1
0	23	40345	479	40.76019252	-73.9912551	116	40.74177603	-74.00149746	1
0	23	3734	373	40.69331716	-73.95381995	384	40.68317813	-73.9659641	1
0	23	41847	416	40.68753406	-73.97265183	120	40.68676793	-73.95928168	1
0	23	8704	297	40.734232	-73.986923	476	40.74394314	-73.97966069	1
0	23	28390	445	40.72740794	-73.98142006	518	40.74780373	-73.9734419	1
0	23	21253	251	40.72317958	-73.99480012	127	40.73172428	-74.00674436	1
0	23	613	488	40.75645824	-73.99372222	458	40.751396	-74.005226	1
0	23	41848	302	40.72082834	-73.97793172	514	40.76087502	-74.00277668	1
0	23	4377	380	40.73401143	-74.00293877	293	40.73028666	-73.9907647	2
0	23	41849	284	40.7390169121	-74.0026376103	439	40.7262807	-73.98978041	1
0	23	21461	515	40.76009437	-73.99461843	459	40.746745	-74.007756	1
0	23	41850	532	40.710451	-73.960876	119	40.69608941	-73.97803415	1
0	23	23897	441	40.756014	-73.967416	160	40.748238	-73.978311	1
0	23	3548	537	40.74025878	-73.98409214	401	40.72019576	-73.98997825	1
0	23	8907	404	40.7405826	-74.00550867	494	40.74734825	-73.99723551	1
0	23	15860	481	40.71260486	-73.96264403	481	40.71260486	-73.96264403	1
0	23	5858	306	40.70823502	-74.00530063	415	40.7047177	-74.00926027	1
0	23	7730	492	40.75019995	-73.99093085	285	40.73454567	-73.99074142	1
0	23	21483	284	40.7390169121	-74.0026376103	494	40.74734825	-73.99723551	1
0	23	36447	420	40.68764484	-73.96968902	353	40.68539567	-73.97431458	1
0	23	41851	470	40.74345335	-74.00004031	545	40.736502	-73.97809472	1
0	23	3829	546	40.74444921	-73.98303529	536	40.74144387	-73.97536082	1
0	23	18275	388	40.749717753	-74.002950346	334	40.74238787	-73.99726235	1
0	23	7442	404	40.7405826	-74.00550867	459	40.746745	-74.007756	1
0	23	1020	521	40.75044999	-73.99481051	515	40.76009437	-73.99461843	1
0	23	29419	515	40.76009437	-73.99461843	512	40.7500727	-73.99839279	1
0	23	20580	391	40.69760127	-73.99344559	253	40.73543934	-73.99453948	1
0	23	36730	438	40.72779126	-73.98564945	160	40.748238	-73.978311	1
0	23	41852	357	40.73261787	-73.99158043	297	40.734232	-73.986923	1
0	23	6145	151	40.7218158	-73.99720307	355	40.71602118	-73.99974372	1
0	23	22210	487	40.73314259	-73.97573881	251	40.72317958	-73.99480012	1
0	23	7288	492	40.75019995	-73.99093085	507	40.73912601	-73.97973776	1
0	23	41853	525	40.75594159	-74.0021163	507	40.73912601	-73.97973776	1
0	23	30468	475	40.73524276	-73.98758561	507	40.73912601	-73.97973776	1
0	23	31886	285	40.73454567	-73.99074142	2003	40.73416059	-73.98024289	1
0	23	2355	477	40.75640548	-73.9900262	518	40.74780373	-73.9734419	1
0	23	142	518	40.74780373	-73.9734419	469	40.76344058	-73.98268129	1
0	23	30734	497	40.73704984	-73.99009296	401	40.72019576	-73.98997825	2
0	23	34805	298	40.68683208	-73.9796772	250	40.72456089	-73.99565293	1
0	23	3102	477	40.75640548	-73.9900262	472	40.7457121	-73.98194829	1
0	23	41854	309	40.7149787	-74.013012	282	40.70827295	-73.96834101	1
0	23	41855	490	40.751551	-73.993934	128	40.72710258	-74.00297088	1
0	23	21467	334	40.74238787	-73.99726235	410	40.72066442	-73.98517977	1
0	23	41856	372	40.694528	-73.958089	373	40.69331716	-73.95381995	1
0	23	10320	490	40.751551	-73.993934	2021	40.75929124	-73.98859651	1
0	23	39975	160	40.748238	-73.978311	445	40.72740794	-73.98142006	1
0	23	41857	367	40.75828065	-73.97069431	483	40.73223272	-73.98889957	1
0	23	3318	128	40.72710258	-74.00297088	328	40.72405549	-74.00965965	1
0	23	41285	537	40.74025878	-73.98409214	308	40.71307916	-73.99851193	1
0	23	31943	526	40.74765947	-73.98490707	357	40.73261787	-73.99158043	1
0	23	698	453	40.74475148	-73.99915362	402	40.7403432	-73.98955109	1
0	23	1910	512	40.7500727	-73.99839279	489	40.75066386	-74.00176802	1
0	23	22107	375	40.72679454	-73.99695094	393	40.72299208	-73.97995466	1
0	23	10921	537	40.74025878	-73.98409214	459	40.746745	-74.007756	1
0	23	41858	539	40.71534825	-73.96024116	301	40.72217444	-73.98368779	1
0	23	17478	466	40.74395411	-73.99144871	426	40.71754834	-74.01322069	1
0	23	23823	361	40.71605866	-73.99190759	340	40.71269042	-73.98776323	1
0	23	41859	545	40.736502	-73.97809472	312	40.722055	-73.989111	1
0	23	6445	2021	40.75929124	-73.98859651	469	40.76344058	-73.98268129	1
0	23	18456	505	40.74901271	-73.98848395	285	40.73454567	-73.99074142	1
0	23	27883	531	40.71893904	-73.99266288	394	40.72521311	-73.97768752	1
0	23	22818	285	40.73454567	-73.99074142	285	40.73454567	-73.99074142	1
0	23	35080	380	40.73401143	-74.00293877	237	40.73047309	-73.98672378	1
0	23	41860	303	40.72362738	-73.99949601	306	40.70823502	-74.00530063	1
0	23	9618	517	40.75149263	-73.97798848	280	40.73331967	-73.99510132	1
0	23	2540	345	40.73649403	-73.99704374	284	40.7390169121	-74.0026376103	1
0	23	591	312	40.722055	-73.989111	251	40.72317958	-73.99480012	1
0	23	41861	401	40.72019576	-73.98997825	316	40.70955958	-74.00653609	1
0	23	1960	447	40.76370739	-73.9851615	480	40.76669671	-73.99061728	1
0	23	16355	470	40.74345335	-74.00004031	521	40.75044999	-73.99481051	1
0	23	28308	316	40.70955958	-74.00653609	355	40.71602118	-73.99974372	1
0	23	34466	274	40.68691865	-73.976682	262	40.69178232	-73.97372989	1
0	23	20518	512	40.7500727	-73.99839279	495	40.76269882	-73.99301222	1
0	23	41862	445	40.72740794	-73.98142006	469	40.76344058	-73.98268129	1
0	23	41863	387	40.71273266	-74.0046073	372	40.694528	-73.958089	1
0	23	24465	528	40.74290902	-73.97706058	367	40.75828065	-73.97069431	1
0	23	16349	490	40.751551	-73.993934	411	40.72228087	-73.97668709	2
0	23	24664	236	40.7284186	-73.98713956	380	40.73401143	-74.00293877	1
0	23	29688	361	40.71605866	-73.99190759	254	40.73532427	-73.99800419	1
0	23	10165	450	40.76227205	-73.98788205	488	40.75645824	-73.99372222	1
0	23	2152	157	40.69089272	-73.99612349	406	40.69512845	-73.99595065	1
0	23	41864	426	40.71754834	-74.01322069	531	40.71893904	-73.99266288	1
0	23	21921	416	40.68753406	-73.97265183	258	40.68940747	-73.96885458	1
0	23	1347	157	40.69089272	-73.99612349	314	40.69424674	-73.99215922	2
0	23	41865	212	40.74334935	-74.00681753	276	40.71748752	-74.0104554	1
0	23	6312	497	40.73704984	-73.99009296	499	40.76915505	-73.98191841	1
0	23	39323	2004	40.724399	-74.004704	346	40.73652889	-74.00618026	1
0	23	40833	531	40.71893904	-73.99266288	380	40.73401143	-74.00293877	1
0	23	27412	146	40.71625008	-74.0091059	355	40.71602118	-73.99974372	1
0	23	8141	472	40.7457121	-73.98194829	251	40.72317958	-73.99480012	1
0	23	12481	388	40.749717753	-74.002950346	453	40.74475148	-73.99915362	1
0	23	12612	336	40.73047747	-73.99906065	383	40.735238	-74.000271	3
0	23	30432	405	40.739323	-74.008119	147	40.71542197	-74.01121978	1
0	23	5782	265	40.72229346	-73.99147535	128	40.72710258	-74.00297088	1
0	23	41866	295	40.71406667	-73.99293911	297	40.734232	-73.986923	2
0	23	6532	293	40.73028666	-73.9907647	483	40.73223272	-73.98889957	2
0	23	23093	398	40.69165183	-73.9999786	398	40.69165183	-73.9999786	4
0	23	10248	462	40.74691959	-74.00451887	280	40.73331967	-73.99510132	1
0	23	20430	521	40.75044999	-73.99481051	434	40.74317449	-74.00366443	1
0	23	7205	528	40.74290902	-73.97706058	507	40.73912601	-73.97973776	1
0	23	33616	406	40.69512845	-73.99595065	481	40.71260486	-73.96264403	1
0	23	7284	293	40.73028666	-73.9907647	2003	40.73416059	-73.98024289	1
0	23	10654	293	40.73028666	-73.9907647	476	40.74394314	-73.97966069	1
0	23	23878	2021	40.75929124	-73.98859651	500	40.76228826	-73.98336183	1
0	23	31713	377	40.72243797	-74.00566443	380	40.73401143	-74.00293877	1
0	23	10811	303	40.72362738	-73.99949601	380	40.73401143	-74.00293877	2
0	23	41867	457	40.76695317	-73.98169333	410	40.72066442	-73.98517977	1
0	23	6733	457	40.76695317	-73.98169333	153	40.752062307	-73.9816324043	1
0	23	3564	519	40.75188406	-73.97770164	477	40.75640548	-73.9900262	1
0	23	18665	476	40.74394314	-73.97966069	174	40.7381765	-73.97738662	1
0	23	5757	127	40.73172428	-74.00674436	405	40.739323	-74.008119	1
0	23	14116	250	40.72456089	-73.99565293	404	40.7405826	-74.00550867	1
0	23	37252	465	40.75513557	-73.98658032	488	40.75645824	-73.99372222	1
0	23	15351	410	40.72066442	-73.98517977	481	40.71260486	-73.96264403	1
0	23	22541	161	40.72917025	-73.99810231	195	40.70905623	-74.01043382	1
0	23	41868	237	40.73047309	-73.98672378	336	40.73047747	-73.99906065	1
0	23	19251	450	40.76227205	-73.98788205	453	40.74475148	-73.99915362	1
0	23	7069	474	40.7451677	-73.98683077	459	40.746745	-74.007756	1
0	23	13602	459	40.746745	-74.007756	345	40.73649403	-73.99704374	1
0	23	23963	368	40.73038599	-74.00214988	174	40.7381765	-73.97738662	1
0	23	2868	252	40.73226398	-73.99852205	293	40.73028666	-73.9907647	2
0	23	4601	519	40.75188406	-73.97770164	488	40.75645824	-73.99372222	1
0	23	41869	369	40.73224119	-74.00026394	152	40.71473993	-74.00910627	1
0	23	33376	161	40.72917025	-73.99810231	150	40.7208736	-73.98085795	2
0	23	28115	329	40.72043411	-74.01020609	296	40.71413089	-73.9970468	1
0	23	14390	271	40.68528172	-73.97805813	395	40.68807003	-73.98410637	1
0	23	15426	323	40.69236178	-73.98631746	404	40.7405826	-74.00550867	1
0	23	38031	509	40.7454973	-74.00197139	515	40.76009437	-73.99461843	1
0	23	3611	327	40.7153379	-74.01658354	327	40.7153379	-74.01658354	3
0	23	4848	329	40.72043411	-74.01020609	459	40.746745	-74.007756	1
0	23	2061	297	40.734232	-73.986923	519	40.75188406	-73.97770164	1
0	23	18638	494	40.74734825	-73.99723551	284	40.7390169121	-74.0026376103	1
0	23	3190	482	40.73935542	-73.99931783	463	40.74206539	-74.00443172	1
0	23	41870	354	40.69363137	-73.96223558	396	40.680342423	-73.9557689392	1
0	23	25046	249	40.71870987	-74.0090009	257	40.71939226	-74.00247214	1
0	23	8333	252	40.73226398	-73.99852205	357	40.73261787	-73.99158043	1
0	23	240	519	40.75188406	-73.97770164	518	40.74780373	-73.9734419	1
0	23	13222	335	40.72903917	-73.99404649	247	40.73535398	-74.00483091	1
0	23	3522	368	40.73038599	-74.00214988	329	40.72043411	-74.01020609	2
0	23	365	346	40.73652889	-74.00618026	470	40.74345335	-74.00004031	1
0	23	41871	375	40.72679454	-73.99695094	167	40.7489006	-73.97604882	1
0	23	41872	531	40.71893904	-73.99266288	466	40.74395411	-73.99144871	1
0	23	7795	382	40.73492695	-73.99200509	546	40.74444921	-73.98303529	1
0	23	36843	384	40.68317813	-73.9659641	239	40.69196566	-73.9813018	1
0	23	17404	498	40.74854862	-73.98808416	519	40.75188406	-73.97770164	1
0	23	37132	482	40.73935542	-73.99931783	251	40.72317958	-73.99480012	1
0	23	35082	439	40.7262807	-73.98978041	2021	40.75929124	-73.98859651	1
0	23	2299	284	40.7390169121	-74.0026376103	309	40.7149787	-74.013012	1
0	23	41873	316	40.70955958	-74.00653609	352	40.76340613	-73.97722479	1
0	23	41874	223	40.73781509	-73.99994661	146	40.71625008	-74.0091059	1
0	23	20060	447	40.76370739	-73.9851615	463	40.74206539	-74.00443172	1
0	23	30787	457	40.76695317	-73.98169333	426	40.71754834	-74.01322069	1
0	23	16269	161	40.72917025	-73.99810231	519	40.75188406	-73.97770164	1
0	23	15216	459	40.746745	-74.007756	495	40.76269882	-73.99301222	1
0	23	18822	499	40.76915505	-73.98191841	487	40.73314259	-73.97573881	1
0	23	41875	282	40.70827295	-73.96834101	384	40.68317813	-73.9659641	1
0	23	15479	466	40.74395411	-73.99144871	512	40.7500727	-73.99839279	1
0	23	35366	488	40.75645824	-73.99372222	375	40.72679454	-73.99695094	1
0	23	41876	368	40.73038599	-74.00214988	306	40.70823502	-74.00530063	1
0	23	28	450	40.76227205	-73.98788205	359	40.75510267	-73.97498696	1
0	23	41877	297	40.734232	-73.986923	369	40.73224119	-74.00026394	1
0	23	25077	367	40.75828065	-73.97069431	352	40.76340613	-73.97722479	1
0	23	41878	290	40.76020258	-73.96478473	423	40.76584941	-73.98690506	1
0	23	11853	490	40.751551	-73.993934	515	40.76009437	-73.99461843	1
0	23	35712	328	40.72405549	-74.00965965	509	40.7454973	-74.00197139	1
0	23	41879	340	40.71269042	-73.98776323	389	40.71044554	-73.96525063	1
0	23	5941	483	40.73223272	-73.98889957	422	40.770513	-73.988038	1
0	23	18764	305	40.76095756	-73.96724467	439	40.7262807	-73.98978041	2
0	23	24013	519	40.75188406	-73.97770164	410	40.72066442	-73.98517977	1
0	23	27158	470	40.74345335	-74.00004031	489	40.75066386	-74.00176802	1
0	23	23636	2021	40.75929124	-73.98859651	223	40.73781509	-73.99994661	1
0	23	32682	438	40.72779126	-73.98564945	536	40.74144387	-73.97536082	1
0	23	25778	249	40.71870987	-74.0090009	401	40.72019576	-73.98997825	1
0	23	41880	500	40.76228826	-73.98336183	303	40.72362738	-73.99949601	1
0	23	35161	434	40.74317449	-74.00366443	137	40.761628	-73.972924	1
0	23	32259	296	40.71413089	-73.9970468	360	40.70717936	-74.00887308	1
0	23	23125	284	40.7390169121	-74.0026376103	380	40.73401143	-74.00293877	1
0	23	30082	453	40.74475148	-73.99915362	461	40.73587678	-73.98205027	1
0	23	27343	225	40.74195138	-74.00803013	252	40.73226398	-73.99852205	1
0	23	4027	319	40.71336124	-74.00937622	376	40.70862144	-74.00722156	1
0	23	22436	439	40.7262807	-73.98978041	531	40.71893904	-73.99266288	1
0	23	11311	168	40.73971301	-73.99456405	433	40.72955361	-73.98057249	1
0	23	36971	308	40.71307916	-73.99851193	146	40.71625008	-74.0091059	1
0	23	10620	247	40.73535398	-74.00483091	368	40.73038599	-74.00214988	1
0	23	41250	507	40.73912601	-73.97973776	348	40.72490985	-74.00154702	1
0	23	3067	490	40.751551	-73.993934	448	40.75660359	-73.9979009	1
0	23	1057	293	40.73028666	-73.9907647	445	40.72740794	-73.98142006	1
0	23	1670	379	40.749156	-73.9916	168	40.73971301	-73.99456405	1
0	23	8348	531	40.71893904	-73.99266288	361	40.71605866	-73.99190759	1
0	23	14208	3002	40.711512	-74.015756	3002	40.711512	-74.015756	1
0	23	16283	398	40.69165183	-73.9999786	83	40.68382604	-73.97632328	1
0	23	41881	398	40.69165183	-73.9999786	261	40.69474881	-73.98362464	1
0	23	27257	254	40.73532427	-73.99800419	247	40.73535398	-74.00483091	2
0	23	484	355	40.71602118	-73.99974372	355	40.71602118	-73.99974372	1
0	23	11973	440	40.75255434	-73.97282625	137	40.761628	-73.972924	1
0	23	411	293	40.73028666	-73.9907647	537	40.74025878	-73.98409214	1
0	23	34661	236	40.7284186	-73.98713956	356	40.71622644	-73.98261206	1
0	23	275	459	40.746745	-74.007756	2003	40.73416059	-73.98024289	1
0	23	12175	376	40.70862144	-74.00722156	151	40.7218158	-73.99720307	1
0	23	35553	263	40.71729	-73.996375	472	40.7457121	-73.98194829	1
0	23	23942	416	40.68753406	-73.97265183	384	40.68317813	-73.9659641	2
0	23	20382	492	40.75019995	-73.99093085	459	40.746745	-74.007756	1
0	23	7626	293	40.73028666	-73.9907647	284	40.7390169121	-74.0026376103	1
0	23	24072	401	40.72019576	-73.98997825	331	40.71173107	-73.99193043	1
0	23	10670	459	40.746745	-74.007756	281	40.7643971	-73.97371465	2
0	23	31766	2022	40.75849116	-73.95920622	433	40.72955361	-73.98057249	1
0	23	17529	346	40.73652889	-74.00618026	284	40.7390169121	-74.0026376103	1
0	23	7198	173	40.76064679	-73.98442659	2021	40.75929124	-73.98859651	1
0	23	2753	293	40.73028666	-73.9907647	524	40.75527307	-73.98316936	1
0	23	12391	336	40.73047747	-73.99906065	394	40.72521311	-73.97768752	1
0	23	19715	518	40.74780373	-73.9734419	326	40.72953837	-73.98426726	1
0	23	37038	433	40.72955361	-73.98057249	445	40.72740794	-73.98142006	1
0	23	32503	216	40.70037867	-73.99548059	398	40.69165183	-73.9999786	3
0	23	36144	383	40.735238	-74.000271	475	40.73524276	-73.98758561	1
0	23	2224	383	40.735238	-74.000271	497	40.73704984	-73.99009296	1
0	23	20183	439	40.7262807	-73.98978041	280	40.73331967	-73.99510132	2
0	23	20210	254	40.73532427	-73.99800419	396	40.680342423	-73.9557689392	1
0	23	12222	268	40.71910537	-73.99973337	268	40.71910537	-73.99973337	1
0	23	41882	284	40.7390169121	-74.0026376103	440	40.75255434	-73.97282625	1
0	23	23203	536	40.74144387	-73.97536082	521	40.75044999	-73.99481051	1
0	23	28153	490	40.751551	-73.993934	449	40.76461837	-73.98789473	1
0	23	24659	236	40.7284186	-73.98713956	497	40.73704984	-73.99009296	1
0	23	23384	254	40.73532427	-73.99800419	236	40.7284186	-73.98713956	1
0	23	41883	539	40.71534825	-73.96024116	393	40.72299208	-73.97995466	1
0	23	41884	398	40.69165183	-73.9999786	386	40.71494807	-74.00234482	3
0	23	41885	291	40.713126	-73.984844	401	40.72019576	-73.98997825	1
0	23	13349	481	40.71260486	-73.96264403	389	40.71044554	-73.96525063	1
0	23	12985	521	40.75044999	-73.99481051	495	40.76269882	-73.99301222	1
0	23	14527	439	40.7262807	-73.98978041	432	40.72621788	-73.98379855	1
0	23	35471	326	40.72953837	-73.98426726	281	40.7643971	-73.97371465	1
0	23	41475	477	40.75640548	-73.9900262	2003	40.73416059	-73.98024289	1
0	23	7620	285	40.73454567	-73.99074142	153	40.752062307	-73.9816324043	2
0	23	38940	336	40.73047747	-73.99906065	453	40.74475148	-73.99915362	1
0	23	1740	495	40.76269882	-73.99301222	450	40.76227205	-73.98788205	1
0	23	28152	479	40.76019252	-73.9912551	446	40.74487634	-73.99529885	2
0	23	3803	128	40.72710258	-74.00297088	251	40.72317958	-73.99480012	2
0	23	10090	161	40.72917025	-73.99810231	116	40.74177603	-74.00149746	1
0	23	9588	293	40.73028666	-73.9907647	128	40.72710258	-74.00297088	2
0	23	41886	242	40.69788349	-73.97350332	2003	40.73416059	-73.98024289	1
0	23	41887	350	40.71559509	-73.9870295	446	40.74487634	-73.99529885	1
0	23	41888	329	40.72043411	-74.01020609	415	40.7047177	-74.00926027	1
0	23	11755	380	40.73401143	-74.00293877	401	40.72019576	-73.98997825	1
0	23	23494	423	40.76584941	-73.98690506	422	40.770513	-73.988038	1
0	23	39287	494	40.74734825	-73.99723551	529	40.7575699	-73.99098507	1
0	23	10881	477	40.75640548	-73.9900262	478	40.76030096	-73.99884222	1
0	23	16553	290	40.76020258	-73.96478473	507	40.73912601	-73.97973776	1
0	23	425	152	40.71473993	-74.00910627	531	40.71893904	-73.99266288	1
0	23	17718	309	40.7149787	-74.013012	462	40.74691959	-74.00451887	1
0	23	41889	440	40.75255434	-73.97282625	478	40.76030096	-73.99884222	1
0	23	40834	345	40.73649403	-73.99704374	393	40.72299208	-73.97995466	1
0	23	24837	477	40.75640548	-73.9900262	2021	40.75929124	-73.98859651	1
0	23	41890	72	40.76727216	-73.99392888	228	40.7546011026	-73.971878855	1
0	23	9213	401	40.72019576	-73.98997825	345	40.73649403	-73.99704374	1
0	23	32816	305	40.76095756	-73.96724467	319	40.71336124	-74.00937622	1
0	23	6077	384	40.68317813	-73.9659641	313	40.69610226	-73.96751037	1
0	23	15553	517	40.75149263	-73.97798848	457	40.76695317	-73.98169333	1
0	23	21	483	40.73223272	-73.98889957	280	40.73331967	-73.99510132	1
0	23	18572	418	40.70224	-73.982578	271	40.68528172	-73.97805813	1
0	23	7601	402	40.7403432	-73.98955109	405	40.739323	-74.008119	1
0	23	40146	2021	40.75929124	-73.98859651	3002	40.711512	-74.015756	1
0	23	190	238	40.7361967	-74.00859207	128	40.72710258	-74.00297088	1
0	23	4170	384	40.68317813	-73.9659641	274	40.68691865	-73.976682	1
0	23	23340	489	40.75066386	-74.00176802	515	40.76009437	-73.99461843	2
0	23	5296	422	40.770513	-73.988038	448	40.75660359	-73.9979009	1
0	23	17629	483	40.73223272	-73.98889957	428	40.72467721	-73.98783413	1
0	23	93	247	40.73535398	-74.00483091	128	40.72710258	-74.00297088	1
0	23	30220	305	40.76095756	-73.96724467	501	40.744219	-73.97121214	1
0	23	4255	531	40.71893904	-73.99266288	320	40.71743998	-74.00583475	1
0	23	38020	361	40.71605866	-73.99190759	478	40.76030096	-73.99884222	1
0	23	24548	394	40.72521311	-73.97768752	476	40.74394314	-73.97966069	1
0	23	41891	353	40.68539567	-73.97431458	396	40.680342423	-73.9557689392	1
0	23	3340	507	40.73912601	-73.97973776	297	40.734232	-73.986923	1
0	23	33865	290	40.76020258	-73.96478473	368	40.73038599	-74.00214988	1
0	23	31798	284	40.7390169121	-74.0026376103	450	40.76227205	-73.98788205	1
0	23	23748	372	40.694528	-73.958089	396	40.680342423	-73.9557689392	1
0	23	32714	323	40.69236178	-73.98631746	365	40.68223166	-73.9614583	1
0	23	15015	251	40.72317958	-73.99480012	546	40.74444921	-73.98303529	1
0	23	41892	475	40.73524276	-73.98758561	417	40.71291224	-74.01020234	1
0	23	8470	410	40.72066442	-73.98517977	251	40.72317958	-73.99480012	1
0	23	18396	537	40.74025878	-73.98409214	482	40.73935542	-73.99931783	1
0	23	14805	383	40.735238	-74.000271	127	40.73172428	-74.00674436	1
0	23	15765	404	40.7405826	-74.00550867	2021	40.75929124	-73.98859651	1
0	23	30565	428	40.72467721	-73.98783413	531	40.71893904	-73.99266288	1
0	23	24195	469	40.76344058	-73.98268129	293	40.73028666	-73.9907647	1
0	23	41893	546	40.74444921	-73.98303529	151	40.7218158	-73.99720307	1
0	23	12395	449	40.76461837	-73.98789473	513	40.768254	-73.988639	1
0	23	41894	528	40.74290902	-73.97706058	356	40.71622644	-73.98261206	1
0	23	9406	469	40.76344058	-73.98268129	464	40.75934501	-73.96759673	1
0	23	5380	380	40.73401143	-74.00293877	435	40.74173969	-73.99415556	1
0	23	41895	346	40.73652889	-74.00618026	478	40.76030096	-73.99884222	1
0	23	10725	157	40.69089272	-73.99612349	323	40.69236178	-73.98631746	1
0	23	12456	398	40.69165183	-73.9999786	323	40.69236178	-73.98631746	2
0	23	41896	449	40.76461837	-73.98789473	160	40.748238	-73.978311	1
0	23	23760	157	40.69089272	-73.99612349	430	40.7014851	-73.98656928	1
0	23	28031	481	40.71260486	-73.96264403	401	40.72019576	-73.98997825	1
0	23	39283	276	40.71748752	-74.0104554	312	40.722055	-73.989111	1
0	23	38705	477	40.75640548	-73.9900262	335	40.72903917	-73.99404649	1
0	23	29468	405	40.739323	-74.008119	489	40.75066386	-74.00176802	1
0	23	10957	301	40.72217444	-73.98368779	504	40.73221853	-73.98165557	1
0	23	21398	326	40.72953837	-73.98426726	393	40.72299208	-73.97995466	1
0	23	41897	439	40.7262807	-73.98978041	507	40.73912601	-73.97973776	1
0	23	29071	345	40.73649403	-73.99704374	253	40.73543934	-73.99453948	1
0	23	4407	434	40.74317449	-74.00366443	476	40.74394314	-73.97966069	1
0	23	29822	527	40.74315566	-73.97434726	410	40.72066442	-73.98517977	1
0	23	20351	247	40.73535398	-74.00483091	540	40.74147286	-73.98320928	1
0	23	34943	238	40.7361967	-74.00859207	2017	40.75022392	-73.97121414	1
0	23	41898	434	40.74317449	-74.00366443	376	40.70862144	-74.00722156	1
0	23	4360	457	40.76695317	-73.98169333	490	40.751551	-73.993934	1
0	23	8076	285	40.73454567	-73.99074142	488	40.75645824	-73.99372222	1
0	23	1186	507	40.73912601	-73.97973776	236	40.7284186	-73.98713956	1
0	23	11155	510	40.7606597	-73.98042047	521	40.75044999	-73.99481051	1
0	23	7591	285	40.73454567	-73.99074142	458	40.751396	-74.005226	1
0	23	16770	540	40.74147286	-73.98320928	410	40.72066442	-73.98517977	1
0	23	41899	308	40.71307916	-73.99851193	403	40.72502876	-73.99069656	1
0	23	41900	127	40.73172428	-74.00674436	396	40.680342423	-73.9557689392	1
0	23	41901	483	40.73223272	-73.98889957	344	40.6851443	-73.95380904	1
0	23	5872	458	40.751396	-74.005226	519	40.75188406	-73.97770164	1
0	23	2936	398	40.69165183	-73.9999786	391	40.69760127	-73.99344559	2
0	23	8936	300	40.728145	-73.990214	540	40.74147286	-73.98320928	1
0	23	8085	247	40.73535398	-74.00483091	348	40.72490985	-74.00154702	1
0	23	18018	249	40.71870987	-74.0090009	417	40.71291224	-74.01020234	1
0	23	5957	490	40.751551	-73.993934	450	40.76227205	-73.98788205	1
0	23	25480	490	40.751551	-73.993934	329	40.72043411	-74.01020609	1
0	23	41902	2017	40.75022392	-73.97121414	448	40.75660359	-73.9979009	1
0	23	18715	254	40.73532427	-73.99800419	463	40.74206539	-74.00443172	1
0	23	41903	348	40.72490985	-74.00154702	352	40.76340613	-73.97722479	1
0	23	41904	151	40.7218158	-73.99720307	481	40.71260486	-73.96264403	1
0	23	23324	477	40.75640548	-73.9900262	434	40.74317449	-74.00366443	1
0	23	13598	476	40.74394314	-73.97966069	531	40.71893904	-73.99266288	1
0	23	214	459	40.746745	-74.007756	263	40.71729	-73.996375	1
0	23	21157	257	40.71939226	-74.00247214	483	40.73223272	-73.98889957	1
0	23	28066	477	40.75640548	-73.9900262	501	40.744219	-73.97121214	1
0	23	22377	511	40.72938685	-73.97772429	439	40.7262807	-73.98978041	1
0	23	11243	127	40.73172428	-74.00674436	363	40.70834698	-74.01713445	1
0	23	41905	435	40.74173969	-73.99415556	263	40.71729	-73.996375	1
0	23	41906	297	40.734232	-73.986923	373	40.69331716	-73.95381995	1
0	23	41907	251	40.72317958	-73.99480012	351	40.70530954	-74.00612572	1
0	23	32991	398	40.69165183	-73.9999786	216	40.70037867	-73.99548059	1
0	23	31483	2010	40.72165481	-74.00234737	355	40.71602118	-73.99974372	1
0	23	7016	401	40.72019576	-73.98997825	250	40.72456089	-73.99565293	1
0	23	4403	350	40.71559509	-73.9870295	377	40.72243797	-74.00566443	1
0	23	4408	251	40.72317958	-73.99480012	335	40.72903917	-73.99404649	1
0	23	210	358	40.73291553	-74.00711384	284	40.7390169121	-74.0026376103	1
0	23	14246	295	40.71406667	-73.99293911	301	40.72217444	-73.98368779	1
0	23	29937	540	40.74147286	-73.98320928	489	40.75066386	-74.00176802	1
0	23	29881	490	40.751551	-73.993934	470	40.74345335	-74.00004031	1
0	23	10678	330	40.71450451	-74.00562789	161	40.72917025	-73.99810231	1
0	23	20629	284	40.7390169121	-74.0026376103	297	40.734232	-73.986923	1
0	23	34261	463	40.74206539	-74.00443172	325	40.73624527	-73.98473765	1
0	23	558	395	40.68807003	-73.98410637	271	40.68528172	-73.97805813	1
0	23	23433	296	40.71413089	-73.9970468	237	40.73047309	-73.98672378	1
0	23	8516	276	40.71748752	-74.0104554	444	40.7423543	-73.98915076	1
0	23	7021	450	40.76227205	-73.98788205	294	40.73049393	-73.9957214	1
0	23	14968	540	40.74147286	-73.98320928	379	40.749156	-73.9916	1
0	23	8560	536	40.74144387	-73.97536082	236	40.7284186	-73.98713956	1
0	23	22473	509	40.7454973	-74.00197139	336	40.73047747	-73.99906065	1
0	23	41908	396	40.680342423	-73.9557689392	365	40.68223166	-73.9614583	1
0	23	1006	521	40.75044999	-73.99481051	447	40.76370739	-73.9851615	1
0	23	8958	405	40.739323	-74.008119	514	40.76087502	-74.00277668	1
0	23	41909	433	40.72955361	-73.98057249	401	40.72019576	-73.98997825	1
0	23	21074	161	40.72917025	-73.99810231	504	40.73221853	-73.98165557	1
0	23	41910	478	40.76030096	-73.99884222	462	40.74691959	-74.00451887	1
0	23	41911	443	40.70853074	-73.96408963	389	40.71044554	-73.96525063	1
0	23	4066	368	40.73038599	-74.00214988	347	40.72873888	-74.00748842	1
0	23	29713	410	40.72066442	-73.98517977	307	40.71427487	-73.98990025	1
0	23	36870	441	40.756014	-73.967416	519	40.75188406	-73.97770164	1
0	23	29167	326	40.72953837	-73.98426726	307	40.71427487	-73.98990025	1
0	23	21302	146	40.71625008	-74.0091059	249	40.71870987	-74.0090009	1
0	23	19293	518	40.74780373	-73.9734419	293	40.73028666	-73.9907647	1
0	23	20176	531	40.71893904	-73.99266288	507	40.73912601	-73.97973776	1
0	23	11054	468	40.7652654	-73.98192338	468	40.7652654	-73.98192338	1
0	23	41912	247	40.73535398	-74.00483091	248	40.72185379	-74.00771779	1
0	23	37734	306	40.70823502	-74.00530063	295	40.71406667	-73.99293911	2
0	23	20961	499	40.76915505	-73.98191841	294	40.73049393	-73.9957214	1
0	23	41913	353	40.68539567	-73.97431458	157	40.69089272	-73.99612349	1
0	23	9199	466	40.74395411	-73.99144871	382	40.73492695	-73.99200509	1
0	23	41914	363	40.70834698	-74.01713445	355	40.71602118	-73.99974372	1
0	23	41915	450	40.76227205	-73.98788205	311	40.7172274	-73.98802084	1
0	23	14868	294	40.73049393	-73.9957214	518	40.74780373	-73.9734419	1
0	23	20696	394	40.72521311	-73.97768752	223	40.73781509	-73.99994661	1
0	23	34264	238	40.7361967	-74.00859207	380	40.73401143	-74.00293877	2
0	23	41916	293	40.73028666	-73.9907647	316	40.70955958	-74.00653609	1
0	23	35034	410	40.72066442	-73.98517977	501	40.744219	-73.97121214	1
0	23	38763	469	40.76344058	-73.98268129	477	40.75640548	-73.9900262	1
0	23	20655	368	40.73038599	-74.00214988	422	40.770513	-73.988038	1
0	23	41917	401	40.72019576	-73.98997825	412	40.7158155	-73.99422366	1
0	23	12392	423	40.76584941	-73.98690506	479	40.76019252	-73.9912551	1
0	23	41918	250	40.72456089	-73.99565293	334	40.74238787	-73.99726235	1
0	23	14510	352	40.76340613	-73.97722479	464	40.75934501	-73.96759673	1
0	23	41919	369	40.73224119	-74.00026394	475	40.73524276	-73.98758561	1
0	23	35001	517	40.75149263	-73.97798848	495	40.76269882	-73.99301222	1
0	23	8869	2002	40.716887	-73.963198	2002	40.716887	-73.963198	1
0	23	41920	453	40.74475148	-73.99915362	449	40.76461837	-73.98789473	1
0	23	14313	147	40.71542197	-74.01121978	304	40.70463334	-74.01361706	1
0	23	20291	531	40.71893904	-73.99266288	504	40.73221853	-73.98165557	1
0	23	23440	534	40.70255065	-74.0127234	330	40.71450451	-74.00562789	1
0	23	2695	403	40.72502876	-73.99069656	2012	40.739445	-73.976806	1
0	23	2070	293	40.73028666	-73.9907647	236	40.7284186	-73.98713956	1
0	23	41921	293	40.73028666	-73.9907647	331	40.71173107	-73.99193043	1
