0	0	6885	380	40.73401143	-74.00293877	128	40.72710258	-74.00297088	1
0	0	42976	531	40.71893904	-73.99266288	307	40.71427487	-73.98990025	1
0	0	64229	447	40.76370739	-73.9851615	317	40.72453734	-73.98185424	1
0	0	66452	518	40.74780373	-73.9734419	128	40.72710258	-74.00297088	1
0	0	5177	293	40.73028666	-73.9907647	237	40.73047309	-73.98672378	1
0	0	34239	368	40.73038599	-74.00214988	410	40.72066442	-73.98517977	1
0	0	73903	349	40.71850211	-73.98329859	270	40.69308257	-73.97178913	1
0	0	19152	293	40.73028666	-73.9907647	529	40.7575699	-73.99098507	1
0	0	2391	305	40.76095756	-73.96724467	537	40.74025878	-73.98409214	1
0	0	5460	251	40.72317958	-73.99480012	363	40.70834698	-74.01713445	1
0	0	41675	336	40.73047747	-73.99906065	270	40.69308257	-73.97178913	1
0	0	70605	383	40.735238	-74.000271	296	40.71413089	-73.9970468	1
0	0	33530	294	40.73049393	-73.9957214	174	40.7381765	-73.97738662	1
0	0	48815	323	40.69236178	-73.98631746	498	40.74854862	-73.98808416	1
0	0	49182	223	40.73781509	-73.99994661	432	40.72621788	-73.98379855	1
0	0	41537	462	40.74691959	-74.00451887	439	40.7262807	-73.98978041	1
0	0	69801	403	40.72502876	-73.99069656	167	40.7489006	-73.97604882	1
0	0	52679	477	40.75640548	-73.9900262	253	40.73543934	-73.99453948	1
0	0	73904	150	40.7208736	-73.98085795	274	40.68691865	-73.976682	1
0	0	18972	453	40.74475148	-73.99915362	507	40.73912601	-73.97973776	1
0	0	52337	195	40.70905623	-74.01043382	349	40.71850211	-73.98329859	1
0	0	56659	477	40.75640548	-73.9900262	487	40.73314259	-73.97573881	1
0	0	15918	329	40.72043411	-74.01020609	355	40.71602118	-73.99974372	1
0	0	36775	236	40.7284186	-73.98713956	361	40.71605866	-73.99190759	1
0	0	43522	335	40.72903917	-73.99404649	407	40.700469	-73.991454	1
0	0	33455	285	40.73454567	-73.99074142	361	40.71605866	-73.99190759	1
0	0	18914	367	40.75828065	-73.97069431	167	40.7489006	-73.97604882	1
0	0	1469	457	40.76695317	-73.98169333	386	40.71494807	-74.00234482	1
0	0	40947	466	40.74395411	-73.99144871	453	40.74475148	-73.99915362	1
0	0	22463	312	40.722055	-73.989111	438	40.72779126	-73.98564945	1
0	0	49002	401	40.72019576	-73.98997825	2002	40.716887	-73.963198	1
0	0	15945	368	40.73038599	-74.00214988	116	40.74177603	-74.00149746	1
0	0	6652	151	40.7218158	-73.99720307	328	40.72405549	-74.00965965	1
0	0	28152	479	40.76019252	-73.9912551	446	40.74487634	-73.99529885	1
0	0	30043	358	40.73291553	-74.00711384	263	40.71729	-73.996375	1
0	0	48203	2006	40.76590936	-73.97634151	411	40.72228087	-73.97668709	1
0	0	6760	375	40.72679454	-73.99695094	368	40.73038599	-74.00214988	1
0	0	23101	284	40.7390169121	-74.0026376103	453	40.74475148	-73.99915362	1
0	0	14650	303	40.72362738	-73.99949601	307	40.71427487	-73.98990025	1
0	0	17715	329	40.72043411	-74.01020609	2010	40.72165481	-74.00234737	1
0	0	7459	173	40.76064679	-73.98442659	495	40.76269882	-73.99301222	1
0	0	10811	303	40.72362738	-73.99949601	380	40.73401143	-74.00293877	1
0	0	34819	293	40.73028666	-73.9907647	307	40.71427487	-73.98990025	1
0	0	26850	305	40.76095756	-73.96724467	72	40.76727216	-73.99392888	1
0	0	16688	368	40.73038599	-74.00214988	311	40.7172274	-73.98802084	2
0	0	6273	307	40.71427487	-73.98990025	342	40.71739973	-73.98016555	1
0	0	48156	296	40.71413089	-73.9970468	2002	40.716887	-73.963198	2
0	0	6734	499	40.76915505	-73.98191841	388	40.749717753	-74.002950346	1
0	0	73905	79	40.71911552	-74.00666661	290	40.76020258	-73.96478473	2
0	0	15932	469	40.76344058	-73.98268129	497	40.73704984	-73.99009296	1
0	0	50876	434	40.74317449	-74.00366443	509	40.7454973	-74.00197139	1
0	0	37184	539	40.71534825	-73.96024116	344	40.6851443	-73.95380904	1
0	0	21908	538	40.75795248	-73.97787642	518	40.74780373	-73.9734419	1
0	0	33723	482	40.73935542	-73.99931783	489	40.75066386	-74.00176802	1
0	0	5371	519	40.75188406	-73.97770164	453	40.74475148	-73.99915362	1
0	0	15372	482	40.73935542	-73.99931783	482	40.73935542	-73.99931783	2
0	0	19980	528	40.74290902	-73.97706058	2003	40.73416059	-73.98024289	1
0	0	46618	507	40.73912601	-73.97973776	516	40.75206862	-73.96784384	1
0	0	29835	509	40.7454973	-74.00197139	446	40.74487634	-73.99529885	1
0	0	34641	352	40.76340613	-73.97722479	446	40.74487634	-73.99529885	1
0	0	9199	466	40.74395411	-73.99144871	382	40.73492695	-73.99200509	1
0	0	23884	244	40.69196035	-73.96536851	353	40.68539567	-73.97431458	1
0	0	825	520	40.75992262	-73.97648516	167	40.7489006	-73.97604882	1
0	0	18054	326	40.72953837	-73.98426726	545	40.736502	-73.97809472	1
0	0	1005	529	40.7575699	-73.99098507	267	40.75097711	-73.98765428	1
0	0	8585	507	40.73912601	-73.97973776	466	40.74395411	-73.99144871	1
0	0	30	536	40.74144387	-73.97536082	512	40.7500727	-73.99839279	1
0	0	73906	477	40.75640548	-73.9900262	2002	40.716887	-73.963198	1
0	0	28390	445	40.72740794	-73.98142006	518	40.74780373	-73.9734419	1
0	0	73907	358	40.73291553	-74.00711384	314	40.69424674	-73.99215922	1
0	0	116	447	40.76370739	-73.9851615	345	40.73649403	-73.99704374	1
0	0	5464	271	40.68528172	-73.97805813	218	40.69028437	-73.98707105	1
0	0	15003	462	40.74691959	-74.00451887	438	40.72779126	-73.98564945	1
0	0	53552	475	40.73524276	-73.98758561	297	40.734232	-73.986923	1
0	0	58841	316	40.70955958	-74.00653609	349	40.71850211	-73.98329859	1
0	0	20458	498	40.74854862	-73.98808416	490	40.751551	-73.993934	1
0	0	16426	458	40.751396	-74.005226	523	40.75466591	-73.99138152	1
0	0	18871	533	40.75299641	-73.98721619	457	40.76695317	-73.98169333	1
0	0	50543	294	40.73049393	-73.9957214	167	40.7489006	-73.97604882	2
0	0	38430	467	40.68312489	-73.97895137	285	40.73454567	-73.99074142	1
0	0	16222	498	40.74854862	-73.98808416	477	40.75640548	-73.9900262	1
0	0	41352	250	40.72456089	-73.99565293	382	40.73492695	-73.99200509	1
0	0	15205	435	40.74173969	-73.99415556	300	40.728145	-73.990214	1
0	0	52982	335	40.72903917	-73.99404649	360	40.70717936	-74.00887308	1
0	0	39345	447	40.76370739	-73.9851615	362	40.75172632	-73.98753523	1
0	0	20698	359	40.75510267	-73.97498696	478	40.76030096	-73.99884222	1
0	0	9061	294	40.73049393	-73.9957214	285	40.73454567	-73.99074142	1
0	0	1473	380	40.73401143	-74.00293877	382	40.73492695	-73.99200509	1
0	0	28246	326	40.72953837	-73.98426726	499	40.76915505	-73.98191841	1
0	0	16500	324	40.689888	-73.981013	270	40.69308257	-73.97178913	1
0	0	36334	385	40.75797322	-73.96603308	450	40.76227205	-73.98788205	1
0	0	54	438	40.72779126	-73.98564945	2012	40.739445	-73.976806	1
0	0	9688	329	40.72043411	-74.01020609	329	40.72043411	-74.01020609	1
0	0	62938	532	40.710451	-73.960876	531	40.71893904	-73.99266288	1
0	0	7161	528	40.74290902	-73.97706058	472	40.7457121	-73.98194829	1
0	0	57048	266	40.72368361	-73.97574813	2012	40.739445	-73.976806	1
0	0	3759	432	40.72621788	-73.98379855	161	40.72917025	-73.99810231	1
0	0	15630	346	40.73652889	-74.00618026	453	40.74475148	-73.99915362	1
0	0	16961	493	40.7568001	-73.98291153	537	40.74025878	-73.98409214	1
0	0	5046	375	40.72679454	-73.99695094	2004	40.724399	-74.004704	1
0	0	23031	251	40.72317958	-73.99480012	263	40.71729	-73.996375	1
0	0	4811	482	40.73935542	-73.99931783	474	40.7451677	-73.98683077	1
0	0	31596	415	40.7047177	-74.00926027	376	40.70862144	-74.00722156	2
0	0	26091	412	40.7158155	-73.99422366	250	40.72456089	-73.99565293	1
0	0	31074	325	40.73624527	-73.98473765	433	40.72955361	-73.98057249	1
0	0	181	334	40.74238787	-73.99726235	2021	40.75929124	-73.98859651	1
0	0	35109	335	40.72903917	-73.99404649	473	40.72110063	-73.9919254	1
0	0	20914	293	40.73028666	-73.9907647	334	40.74238787	-73.99726235	1
0	0	51246	487	40.73314259	-73.97573881	160	40.748238	-73.978311	1
0	0	33029	223	40.73781509	-73.99994661	439	40.7262807	-73.98978041	1
0	0	167	483	40.73223272	-73.98889957	331	40.71173107	-73.99193043	1
0	0	31204	265	40.72229346	-73.99147535	301	40.72217444	-73.98368779	1
0	0	41698	152	40.71473993	-74.00910627	512	40.7500727	-73.99839279	1
0	0	53489	393	40.72299208	-73.97995466	307	40.71427487	-73.98990025	1
0	0	41169	531	40.71893904	-73.99266288	411	40.72228087	-73.97668709	1
0	0	4674	285	40.73454567	-73.99074142	362	40.75172632	-73.98753523	2
0	0	27050	477	40.75640548	-73.9900262	334	40.74238787	-73.99726235	1
0	0	40604	253	40.73543934	-73.99453948	311	40.7172274	-73.98802084	1
0	0	57058	263	40.71729	-73.996375	507	40.73912601	-73.97973776	1
0	0	7671	401	40.72019576	-73.98997825	445	40.72740794	-73.98142006	1
0	0	26124	449	40.76461837	-73.98789473	442	40.746647	-73.993915	1
0	0	12759	296	40.71413089	-73.9970468	317	40.72453734	-73.98185424	1
0	0	18232	435	40.74173969	-73.99415556	284	40.7390169121	-74.0026376103	1
0	0	3237	531	40.71893904	-73.99266288	410	40.72066442	-73.98517977	1
0	0	22126	447	40.76370739	-73.9851615	475	40.73524276	-73.98758561	1
0	0	25991	505	40.74901271	-73.98848395	536	40.74144387	-73.97536082	1
0	0	15034	385	40.75797322	-73.96603308	504	40.73221853	-73.98165557	1
0	0	13166	467	40.68312489	-73.97895137	310	40.68926942	-73.98912867	1
0	0	16355	470	40.74345335	-74.00004031	521	40.75044999	-73.99481051	1
0	0	12849	539	40.71534825	-73.96024116	373	40.69331716	-73.95381995	1
0	0	45077	359	40.75510267	-73.97498696	369	40.73224119	-74.00026394	1
0	0	4967	345	40.73649403	-73.99704374	505	40.74901271	-73.98848395	1
0	0	19882	450	40.76227205	-73.98788205	478	40.76030096	-73.99884222	1
0	0	12648	2004	40.724399	-74.004704	376	40.70862144	-74.00722156	1
0	0	35971	433	40.72955361	-73.98057249	478	40.76030096	-73.99884222	1
0	0	13123	472	40.7457121	-73.98194829	482	40.73935542	-73.99931783	1
0	0	8685	524	40.75527307	-73.98316936	537	40.74025878	-73.98409214	1
0	0	11376	457	40.76695317	-73.98169333	520	40.75992262	-73.97648516	1
0	0	11778	224	40.71146364	-74.00552427	376	40.70862144	-74.00722156	1
0	0	1556	488	40.75645824	-73.99372222	459	40.746745	-74.007756	1
0	0	24060	536	40.74144387	-73.97536082	528	40.74290902	-73.97706058	1
0	0	35128	241	40.68981035	-73.97493121	258	40.68940747	-73.96885458	1
0	0	59897	417	40.71291224	-74.01020234	463	40.74206539	-74.00443172	2
0	0	4242	472	40.7457121	-73.98194829	518	40.74780373	-73.9734419	1
0	0	41530	402	40.7403432	-73.98955109	393	40.72299208	-73.97995466	1
0	0	15513	489	40.75066386	-74.00176802	488	40.75645824	-73.99372222	1
0	0	9355	312	40.722055	-73.989111	348	40.72490985	-74.00154702	1
0	0	15182	274	40.68691865	-73.976682	354	40.69363137	-73.96223558	1
0	0	30911	528	40.74290902	-73.97706058	505	40.74901271	-73.98848395	1
0	0	5063	402	40.7403432	-73.98955109	462	40.74691959	-74.00451887	1
0	0	16582	412	40.7158155	-73.99422366	401	40.72019576	-73.98997825	1
0	0	7610	300	40.728145	-73.990214	531	40.71893904	-73.99266288	1
0	0	10681	459	40.746745	-74.007756	348	40.72490985	-74.00154702	1
0	0	10018	2022	40.75849116	-73.95920622	457	40.76695317	-73.98169333	1
0	0	36685	448	40.75660359	-73.9979009	474	40.7451677	-73.98683077	1
0	0	21993	401	40.72019576	-73.98997825	2022	40.75849116	-73.95920622	1
0	0	6469	446	40.74487634	-73.99529885	540	40.74147286	-73.98320928	1
0	0	60610	507	40.73912601	-73.97973776	493	40.7568001	-73.98291153	1
0	0	15491	449	40.76461837	-73.98789473	352	40.76340613	-73.97722479	1
0	0	12440	479	40.76019252	-73.9912551	478	40.76030096	-73.99884222	1
0	0	4876	229	40.72743423	-73.99379025	368	40.73038599	-74.00214988	1
0	0	23272	346	40.73652889	-74.00618026	320	40.71743998	-74.00583475	1
0	0	1030	380	40.73401143	-74.00293877	284	40.7390169121	-74.0026376103	1
0	0	9252	540	40.74147286	-73.98320928	488	40.75645824	-73.99372222	1
0	0	21793	173	40.76064679	-73.98442659	499	40.76915505	-73.98191841	1
0	0	22055	524	40.75527307	-73.98316936	512	40.7500727	-73.99839279	1
0	0	41927	250	40.72456089	-73.99565293	323	40.69236178	-73.98631746	1
0	0	4337	536	40.74144387	-73.97536082	504	40.73221853	-73.98165557	1
0	0	9032	253	40.73543934	-73.99453948	405	40.739323	-74.008119	1
0	0	32529	150	40.7208736	-73.98085795	428	40.72467721	-73.98783413	1
0	0	59642	357	40.73261787	-73.99158043	150	40.7208736	-73.98085795	1
0	0	29196	323	40.69236178	-73.98631746	223	40.73781509	-73.99994661	1
0	0	17653	284	40.7390169121	-74.0026376103	280	40.73331967	-73.99510132	1
0	0	5477	319	40.71336124	-74.00937622	3002	40.711512	-74.015756	1
0	0	58	435	40.74173969	-73.99415556	462	40.74691959	-74.00451887	1
0	0	26183	505	40.74901271	-73.98848395	2017	40.75022392	-73.97121414	1
0	0	7456	463	40.74206539	-74.00443172	521	40.75044999	-73.99481051	1
0	0	23025	312	40.722055	-73.989111	325	40.73624527	-73.98473765	1
0	0	3518	525	40.75594159	-74.0021163	478	40.76030096	-73.99884222	1
0	0	44874	524	40.75527307	-73.98316936	474	40.7451677	-73.98683077	1
0	0	15370	447	40.76370739	-73.9851615	521	40.75044999	-73.99481051	1
0	0	32772	258	40.68940747	-73.96885458	353	40.68539567	-73.97431458	1
0	0	9924	285	40.73454567	-73.99074142	336	40.73047747	-73.99906065	1
0	0	12646	294	40.73049393	-73.9957214	340	40.71269042	-73.98776323	1
0	0	383	336	40.73047747	-73.99906065	2003	40.73416059	-73.98024289	1
0	0	4829	403	40.72502876	-73.99069656	336	40.73047747	-73.99906065	1
0	0	17839	254	40.73532427	-73.99800419	168	40.73971301	-73.99456405	1
0	0	3140	465	40.75513557	-73.98658032	498	40.74854862	-73.98808416	1
0	0	14323	233	40.69246277	-73.98963911	261	40.69474881	-73.98362464	1
0	0	14420	268	40.71910537	-73.99973337	328	40.72405549	-74.00965965	1
0	0	26162	168	40.73971301	-73.99456405	325	40.73624527	-73.98473765	1
0	0	1008	521	40.75044999	-73.99481051	458	40.751396	-74.005226	1
0	0	4296	432	40.72621788	-73.98379855	403	40.72502876	-73.99069656	1
0	0	27860	539	40.71534825	-73.96024116	2002	40.716887	-73.963198	1
0	0	14061	284	40.7390169121	-74.0026376103	462	40.74691959	-74.00451887	1
0	0	14822	2017	40.75022392	-73.97121414	346	40.73652889	-74.00618026	1
0	0	17715	329	40.72043411	-74.01020609	2010	40.72165481	-74.00234737	1
0	0	7459	173	40.76064679	-73.98442659	495	40.76269882	-73.99301222	1
0	0	10811	303	40.72362738	-73.99949601	380	40.73401143	-74.00293877	1
0	0	34819	293	40.73028666	-73.9907647	307	40.71427487	-73.98990025	1
0	0	26850	305	40.76095756	-73.96724467	72	40.76727216	-73.99392888	1
0	0	16688	368	40.73038599	-74.00214988	311	40.7172274	-73.98802084	2
0	0	6273	307	40.71427487	-73.98990025	342	40.71739973	-73.98016555	1
0	0	48156	296	40.71413089	-73.9970468	2002	40.716887	-73.963198	2
0	0	6734	499	40.76915505	-73.98191841	388	40.749717753	-74.002950346	1
0	0	73905	79	40.71911552	-74.00666661	290	40.76020258	-73.96478473	2
0	0	15932	469	40.76344058	-73.98268129	497	40.73704984	-73.99009296	1
0	0	50876	434	40.74317449	-74.00366443	509	40.7454973	-74.00197139	1
0	0	37184	539	40.71534825	-73.96024116	344	40.6851443	-73.95380904	1
0	0	21908	538	40.75795248	-73.97787642	518	40.74780373	-73.9734419	1
0	0	33723	482	40.73935542	-73.99931783	489	40.75066386	-74.00176802	1
0	0	5371	519	40.75188406	-73.97770164	453	40.74475148	-73.99915362	1
0	0	15372	482	40.73935542	-73.99931783	482	40.73935542	-73.99931783	2
0	0	19980	528	40.74290902	-73.97706058	2003	40.73416059	-73.98024289	1
0	0	46618	507	40.73912601	-73.97973776	516	40.75206862	-73.96784384	1
0	0	29835	509	40.7454973	-74.00197139	446	40.74487634	-73.99529885	1
0	0	34641	352	40.76340613	-73.97722479	446	40.74487634	-73.99529885	1
0	0	9199	466	40.74395411	-73.99144871	382	40.73492695	-73.99200509	1
0	0	23884	244	40.69196035	-73.96536851	353	40.68539567	-73.97431458	1
0	0	825	520	40.75992262	-73.97648516	167	40.7489006	-73.97604882	1
0	0	18054	326	40.72953837	-73.98426726	545	40.736502	-73.97809472	1
0	0	1005	529	40.7575699	-73.99098507	267	40.75097711	-73.98765428	1
0	0	8585	507	40.73912601	-73.97973776	466	40.74395411	-73.99144871	1
0	0	30	536	40.74144387	-73.97536082	512	40.7500727	-73.99839279	1
0	0	73906	477	40.75640548	-73.9900262	2002	40.716887	-73.963198	1
0	0	28390	445	40.72740794	-73.98142006	518	40.74780373	-73.9734419	1
0	0	73907	358	40.73291553	-74.00711384	314	40.69424674	-73.99215922	1
0	0	116	447	40.76370739	-73.9851615	345	40.73649403	-73.99704374	1
0	0	5464	271	40.68528172	-73.97805813	218	40.69028437	-73.98707105	1
0	0	15003	462	40.74691959	-74.00451887	438	40.72779126	-73.98564945	1
0	0	53552	475	40.73524276	-73.98758561	297	40.734232	-73.986923	1
0	0	58841	316	40.70955958	-74.00653609	349	40.71850211	-73.98329859	1
0	0	20458	498	40.74854862	-73.98808416	490	40.751551	-73.993934	1
0	0	16426	458	40.751396	-74.005226	523	40.75466591	-73.99138152	1
0	0	18871	533	40.75299641	-73.98721619	457	40.76695317	-73.98169333	1
0	0	50543	294	40.73049393	-73.9957214	167	40.7489006	-73.97604882	2
0	0	38430	467	40.68312489	-73.97895137	285	40.73454567	-73.99074142	1
0	0	16222	498	40.74854862	-73.98808416	477	40.75640548	-73.9900262	1
0	0	41352	250	40.72456089	-73.99565293	382	40.73492695	-73.99200509	1
0	0	15205	435	40.74173969	-73.99415556	300	40.728145	-73.990214	1
0	0	52982	335	40.72903917	-73.99404649	360	40.70717936	-74.00887308	1
0	0	39345	447	40.76370739	-73.9851615	362	40.75172632	-73.98753523	1
0	0	20698	359	40.75510267	-73.97498696	478	40.76030096	-73.99884222	1
0	0	9061	294	40.73049393	-73.9957214	285	40.73454567	-73.99074142	1
0	0	1473	380	40.73401143	-74.00293877	382	40.73492695	-73.99200509	1
0	0	28246	326	40.72953837	-73.98426726	499	40.76915505	-73.98191841	1
0	0	16500	324	40.689888	-73.981013	270	40.69308257	-73.97178913	1
0	0	36334	385	40.75797322	-73.96603308	450	40.76227205	-73.98788205	1
0	0	54	438	40.72779126	-73.98564945	2012	40.739445	-73.976806	1
0	0	9688	329	40.72043411	-74.01020609	329	40.72043411	-74.01020609	1
0	0	62938	532	40.710451	-73.960876	531	40.71893904	-73.99266288	1
0	0	7161	528	40.74290902	-73.97706058	472	40.7457121	-73.98194829	1
0	0	57048	266	40.72368361	-73.97574813	2012	40.739445	-73.976806	1
0	0	3759	432	40.72621788	-73.98379855	161	40.72917025	-73.99810231	1
0	0	15630	346	40.73652889	-74.00618026	453	40.74475148	-73.99915362	1
0	0	16961	493	40.7568001	-73.98291153	537	40.74025878	-73.98409214	1
0	0	5046	375	40.72679454	-73.99695094	2004	40.724399	-74.004704	2
0	0	23031	251	40.72317958	-73.99480012	263	40.71729	-73.996375	1
0	0	4811	482	40.73935542	-73.99931783	474	40.7451677	-73.98683077	1
0	0	31596	415	40.7047177	-74.00926027	376	40.70862144	-74.00722156	2
0	0	26091	412	40.7158155	-73.99422366	250	40.72456089	-73.99565293	1
0	0	31074	325	40.73624527	-73.98473765	433	40.72955361	-73.98057249	1
0	0	181	334	40.74238787	-73.99726235	2021	40.75929124	-73.98859651	1
0	0	35109	335	40.72903917	-73.99404649	473	40.72110063	-73.9919254	1
0	0	20914	293	40.73028666	-73.9907647	334	40.74238787	-73.99726235	1
0	0	51246	487	40.73314259	-73.97573881	160	40.748238	-73.978311	1
0	0	33029	223	40.73781509	-73.99994661	439	40.7262807	-73.98978041	1
0	0	167	483	40.73223272	-73.98889957	331	40.71173107	-73.99193043	1
0	0	31204	265	40.72229346	-73.99147535	301	40.72217444	-73.98368779	1
0	0	41698	152	40.71473993	-74.00910627	512	40.7500727	-73.99839279	1
0	0	53489	393	40.72299208	-73.97995466	307	40.71427487	-73.98990025	1
0	0	41169	531	40.71893904	-73.99266288	411	40.72228087	-73.97668709	1
0	0	4674	285	40.73454567	-73.99074142	362	40.75172632	-73.98753523	2
0	0	27050	477	40.75640548	-73.9900262	334	40.74238787	-73.99726235	1
0	0	40604	253	40.73543934	-73.99453948	311	40.7172274	-73.98802084	1
0	0	57058	263	40.71729	-73.996375	507	40.73912601	-73.97973776	1
0	0	7671	401	40.72019576	-73.98997825	445	40.72740794	-73.98142006	1
0	0	26124	449	40.76461837	-73.98789473	442	40.746647	-73.993915	1
0	0	12759	296	40.71413089	-73.9970468	317	40.72453734	-73.98185424	1
0	0	18232	435	40.74173969	-73.99415556	284	40.7390169121	-74.0026376103	1
0	0	3237	531	40.71893904	-73.99266288	410	40.72066442	-73.98517977	1
0	0	22126	447	40.76370739	-73.9851615	475	40.73524276	-73.98758561	1
0	0	25991	505	40.74901271	-73.98848395	536	40.74144387	-73.97536082	1
0	0	15034	385	40.75797322	-73.96603308	504	40.73221853	-73.98165557	1
0	0	13166	467	40.68312489	-73.97895137	310	40.68926942	-73.98912867	1
0	0	16355	470	40.74345335	-74.00004031	521	40.75044999	-73.99481051	1
0	0	12849	539	40.71534825	-73.96024116	373	40.69331716	-73.95381995	1
0	0	45077	359	40.75510267	-73.97498696	369	40.73224119	-74.00026394	1
0	0	4967	345	40.73649403	-73.99704374	505	40.74901271	-73.98848395	1
0	0	19882	450	40.76227205	-73.98788205	478	40.76030096	-73.99884222	1
0	0	12648	2004	40.724399	-74.004704	376	40.70862144	-74.00722156	1
0	0	35971	433	40.72955361	-73.98057249	478	40.76030096	-73.99884222	1
0	0	13123	472	40.7457121	-73.98194829	482	40.73935542	-73.99931783	1
0	0	8685	524	40.75527307	-73.98316936	537	40.74025878	-73.98409214	1
0	0	11376	457	40.76695317	-73.98169333	520	40.75992262	-73.97648516	1
0	0	11778	224	40.71146364	-74.00552427	376	40.70862144	-74.00722156	1
0	0	1556	488	40.75645824	-73.99372222	459	40.746745	-74.007756	1
0	0	24060	536	40.74144387	-73.97536082	528	40.74290902	-73.97706058	1
0	0	35128	241	40.68981035	-73.97493121	258	40.68940747	-73.96885458	1
0	0	59897	417	40.71291224	-74.01020234	463	40.74206539	-74.00443172	2
0	0	4242	472	40.7457121	-73.98194829	518	40.74780373	-73.9734419	1
0	0	41530	402	40.7403432	-73.98955109	393	40.72299208	-73.97995466	1
0	0	15513	489	40.75066386	-74.00176802	488	40.75645824	-73.99372222	1
0	0	73405	536	40.74144387	-73.97536082	262	40.69178232	-73.97372989	1
0	0	9355	312	40.722055	-73.989111	348	40.72490985	-74.00154702	1
0	0	15182	274	40.68691865	-73.976682	354	40.69363137	-73.96223558	1
0	0	30911	528	40.74290902	-73.97706058	505	40.74901271	-73.98848395	1
0	0	5063	402	40.7403432	-73.98955109	462	40.74691959	-74.00451887	1
0	0	26290	367	40.75828065	-73.97069431	367	40.75828065	-73.97069431	1
0	0	16582	412	40.7158155	-73.99422366	401	40.72019576	-73.98997825	1
0	0	7610	300	40.728145	-73.990214	531	40.71893904	-73.99266288	1
0	0	10681	459	40.746745	-74.007756	348	40.72490985	-74.00154702	1
0	0	10018	2022	40.75849116	-73.95920622	457	40.76695317	-73.98169333	1
0	0	36685	448	40.75660359	-73.9979009	474	40.7451677	-73.98683077	1
0	0	21993	401	40.72019576	-73.98997825	2022	40.75849116	-73.95920622	1
0	0	6469	446	40.74487634	-73.99529885	540	40.74147286	-73.98320928	1
0	0	14079	450	40.76227205	-73.98788205	323	40.69236178	-73.98631746	1
0	0	60610	507	40.73912601	-73.97973776	493	40.7568001	-73.98291153	1
0	0	15491	449	40.76461837	-73.98789473	352	40.76340613	-73.97722479	1
0	0	12440	479	40.76019252	-73.9912551	478	40.76030096	-73.99884222	1
0	0	4876	229	40.72743423	-73.99379025	368	40.73038599	-74.00214988	1
0	0	23272	346	40.73652889	-74.00618026	320	40.71743998	-74.00583475	1
0	0	1030	380	40.73401143	-74.00293877	284	40.7390169121	-74.0026376103	1
0	0	9252	540	40.74147286	-73.98320928	488	40.75645824	-73.99372222	1
0	0	21793	173	40.76064679	-73.98442659	499	40.76915505	-73.98191841	1
0	0	22055	524	40.75527307	-73.98316936	512	40.7500727	-73.99839279	1
0	0	41927	250	40.72456089	-73.99565293	323	40.69236178	-73.98631746	1
0	0	4337	536	40.74144387	-73.97536082	504	40.73221853	-73.98165557	1
0	0	9032	253	40.73543934	-73.99453948	405	40.739323	-74.008119	1
0	0	32529	150	40.7208736	-73.98085795	428	40.72467721	-73.98783413	1
0	0	59642	357	40.73261787	-73.99158043	150	40.7208736	-73.98085795	1
0	0	29196	323	40.69236178	-73.98631746	223	40.73781509	-73.99994661	1
0	0	17653	284	40.7390169121	-74.0026376103	280	40.73331967	-73.99510132	1
0	0	5477	319	40.71336124	-74.00937622	3002	40.711512	-74.015756	1
0	0	58	435	40.74173969	-73.99415556	462	40.74691959	-74.00451887	1
0	0	26183	505	40.74901271	-73.98848395	2017	40.75022392	-73.97121414	1
0	0	7456	463	40.74206539	-74.00443172	521	40.75044999	-73.99481051	1
0	0	23189	479	40.76019252	-73.9912551	323	40.69236178	-73.98631746	1
0	0	23025	312	40.722055	-73.989111	325	40.73624527	-73.98473765	1
0	0	3518	525	40.75594159	-74.0021163	478	40.76030096	-73.99884222	1
0	0	44874	524	40.75527307	-73.98316936	474	40.7451677	-73.98683077	1
0	0	15370	447	40.76370739	-73.9851615	521	40.75044999	-73.99481051	1
0	0	32772	258	40.68940747	-73.96885458	353	40.68539567	-73.97431458	1
0	0	4656	537	40.74025878	-73.98409214	524	40.75527307	-73.98316936	1
0	0	9924	285	40.73454567	-73.99074142	336	40.73047747	-73.99906065	1
0	0	12646	294	40.73049393	-73.9957214	340	40.71269042	-73.98776323	1
0	0	383	336	40.73047747	-73.99906065	2003	40.73416059	-73.98024289	1
0	0	4829	403	40.72502876	-73.99069656	336	40.73047747	-73.99906065	1
0	0	17839	254	40.73532427	-73.99800419	168	40.73971301	-73.99456405	1
0	0	3140	465	40.75513557	-73.98658032	498	40.74854862	-73.98808416	1
0	0	14323	233	40.69246277	-73.98963911	261	40.69474881	-73.98362464	1
0	0	60487	428	40.72467721	-73.98783413	276	40.71748752	-74.0104554	1
0	0	11395	458	40.751396	-74.005226	402	40.7403432	-73.98955109	1
0	0	51254	401	40.72019576	-73.98997825	415	40.7047177	-74.00926027	1
0	0	12173	305	40.76095756	-73.96724467	492	40.75019995	-73.99093085	1
0	0	14420	268	40.71910537	-73.99973337	328	40.72405549	-74.00965965	1
0	0	1598	2021	40.75929124	-73.98859651	305	40.76095756	-73.96724467	1
0	0	5287	356	40.71622644	-73.98261206	151	40.7218158	-73.99720307	1
0	0	26162	168	40.73971301	-73.99456405	325	40.73624527	-73.98473765	1
0	0	1008	521	40.75044999	-73.99481051	458	40.751396	-74.005226	1
0	0	14265	519	40.75188406	-73.97770164	529	40.7575699	-73.99098507	1
0	0	4296	432	40.72621788	-73.98379855	403	40.72502876	-73.99069656	1
0	0	3416	402	40.7403432	-73.98955109	492	40.75019995	-73.99093085	1
0	0	27883	531	40.71893904	-73.99266288	394	40.72521311	-73.97768752	2
0	0	5296	422	40.770513	-73.988038	448	40.75660359	-73.9979009	1
0	0	27860	539	40.71534825	-73.96024116	2002	40.716887	-73.963198	1
0	0	61393	509	40.7454973	-74.00197139	150	40.7208736	-73.98085795	1
0	0	14061	284	40.7390169121	-74.0026376103	462	40.74691959	-74.00451887	1
0	0	22	285	40.73454567	-73.99074142	251	40.72317958	-73.99480012	1
0	0	15568	274	40.68691865	-73.976682	83	40.68382604	-73.97632328	3
0	0	46282	369	40.73224119	-74.00026394	410	40.72066442	-73.98517977	1
0	0	14822	2017	40.75022392	-73.97121414	346	40.73652889	-74.00618026	1
0	0	21260	308	40.71307916	-73.99851193	311	40.7172274	-73.98802084	1
0	0	59498	532	40.710451	-73.960876	412	40.7158155	-73.99422366	1
0	0	12067	312	40.722055	-73.989111	293	40.73028666	-73.9907647	1
0	0	13661	79	40.71911552	-74.00666661	320	40.71743998	-74.00583475	1
0	0	3279	257	40.71939226	-74.00247214	319	40.71336124	-74.00937622	1
0	0	43797	2012	40.739445	-73.976806	326	40.72953837	-73.98426726	1
0	0	4701	536	40.74144387	-73.97536082	385	40.75797322	-73.96603308	1
