0	0	17741	521	40.75044999	-73.99481051	358	40.73291553	-74.00711384	1
0	0	19832	267	40.75097711	-73.98765428	509	40.7454973	-74.00197139	1
0	0	20986	348	40.72490985	-74.00154702	478	40.76030096	-73.99884222	2
0	0	24411	546	40.74444921	-73.98303529	268	40.71910537	-73.99973337	1
0	0	41344	380	40.73401143	-74.00293877	340	40.71269042	-73.98776323	1
0	0	23695	328	40.72405549	-74.00965965	83	40.68382604	-73.97632328	1
0	0	9689	380	40.73401143	-74.00293877	356	40.71622644	-73.98261206	1
0	0	61672	340	40.71269042	-73.98776323	442	40.746647	-73.993915	1
0	0	38516	499	40.76915505	-73.98191841	368	40.73038599	-74.00214988	1
0	0	60026	439	40.7262807	-73.98978041	307	40.71427487	-73.98990025	1
0	0	10620	247	40.73535398	-74.00483091	368	40.73038599	-74.00214988	1
0	0	13844	468	40.7652654	-73.98192338	441	40.756014	-73.967416	2
0	0	10975	404	40.7405826	-74.00550867	358	40.73291553	-74.00711384	1
0	0	61675	259	40.70122128	-74.01234218	247	40.73535398	-74.00483091	1
0	0	1513	3002	40.711512	-74.015756	426	40.71754834	-74.01322069	1
0	0	44544	320	40.71743998	-74.00583475	174	40.7381765	-73.97738662	2
0	0	23030	540	40.74147286	-73.98320928	499	40.76915505	-73.98191841	2
0	0	16449	458	40.751396	-74.005226	320	40.71743998	-74.00583475	1
0	0	58769	466	40.74395411	-73.99144871	356	40.71622644	-73.98261206	1
0	0	45528	407	40.700469	-73.991454	157	40.69089272	-73.99612349	1
0	0	40440	447	40.76370739	-73.9851615	309	40.7149787	-74.013012	1
0	0	55550	428	40.72467721	-73.98783413	488	40.75645824	-73.99372222	1
0	0	23952	479	40.76019252	-73.9912551	380	40.73401143	-74.00293877	1
0	0	48836	2002	40.716887	-73.963198	239	40.69196566	-73.9813018	2
0	0	10337	515	40.76009437	-73.99461843	368	40.73038599	-74.00214988	2
0	0	10138	499	40.76915505	-73.98191841	405	40.739323	-74.008119	1
0	0	23278	223	40.73781509	-73.99994661	361	40.71605866	-73.99190759	1
0	0	22269	546	40.74444921	-73.98303529	312	40.722055	-73.989111	1
0	0	44315	350	40.71559509	-73.9870295	326	40.72953837	-73.98426726	1
0	0	27645	294	40.73049393	-73.9957214	251	40.72317958	-73.99480012	3
0	0	39854	401	40.72019576	-73.98997825	525	40.75594159	-74.0021163	1
0	0	21689	368	40.73038599	-74.00214988	302	40.72082834	-73.97793172	1
0	0	21382	293	40.73028666	-73.9907647	482	40.73935542	-73.99931783	1
0	0	17801	328	40.72405549	-74.00965965	499	40.76915505	-73.98191841	1
0	0	23388	438	40.72779126	-73.98564945	340	40.71269042	-73.98776323	1
0	0	40085	410	40.72066442	-73.98517977	471	40.71286844	-73.95698119	1
0	0	17001	328	40.72405549	-74.00965965	334	40.74238787	-73.99726235	1
0	0	8586	488	40.75645824	-73.99372222	480	40.76669671	-73.99061728	1
0	0	34571	489	40.75066386	-74.00176802	422	40.770513	-73.988038	1
0	0	6090	212	40.74334935	-74.00681753	380	40.73401143	-74.00293877	1
0	0	61678	438	40.72779126	-73.98564945	244	40.69196035	-73.96536851	1
0	0	29421	368	40.73038599	-74.00214988	400	40.71926081	-73.98178024	1
0	0	27318	507	40.73912601	-73.97973776	526	40.74765947	-73.98490707	1
0	0	7561	519	40.75188406	-73.97770164	528	40.74290902	-73.97706058	2
0	0	18807	357	40.73261787	-73.99158043	312	40.722055	-73.989111	1
0	0	4005	361	40.71605866	-73.99190759	151	40.7218158	-73.99720307	1
0	0	61679	375	40.72679454	-73.99695094	503	40.73827428	-73.98751968	2
0	0	873	521	40.75044999	-73.99481051	482	40.73935542	-73.99931783	2
0	0	23430	305	40.76095756	-73.96724467	528	40.74290902	-73.97706058	1
0	0	31299	385	40.75797322	-73.96603308	479	40.76019252	-73.9912551	1
0	0	48860	375	40.72679454	-73.99695094	456	40.7597108	-73.97402311	1
0	0	19880	375	40.72679454	-73.99695094	519	40.75188406	-73.97770164	1
0	0	50309	312	40.722055	-73.989111	305	40.76095756	-73.96724467	1
0	0	51678	528	40.74290902	-73.97706058	441	40.756014	-73.967416	1
0	0	38223	402	40.7403432	-73.98955109	511	40.72938685	-73.97772429	1
0	0	56936	410	40.72066442	-73.98517977	380	40.73401143	-74.00293877	1
0	0	34429	401	40.72019576	-73.98997825	2012	40.739445	-73.976806	1
0	0	32027	461	40.73587678	-73.98205027	528	40.74290902	-73.97706058	1
0	0	23833	301	40.72217444	-73.98368779	401	40.72019576	-73.98997825	1
0	0	9874	462	40.74691959	-74.00451887	545	40.736502	-73.97809472	1
0	0	59436	437	40.6809833854	-73.9500479759	289	40.6845683	-73.95881081	1
0	0	29891	300	40.728145	-73.990214	470	40.74345335	-74.00004031	1
0	0	24211	470	40.74345335	-74.00004031	486	40.7462009	-73.98855723	2
0	0	31815	2000	40.70255088	-73.98940236	366	40.693261	-73.968896	1
0	0	6632	318	40.75320159	-73.9779874	463	40.74206539	-74.00443172	1
0	0	34616	264	40.70706456	-74.00731853	276	40.71748752	-74.0104554	1
0	0	15106	2009	40.71117444	-73.99682619	387	40.71273266	-74.0046073	1
0	0	26590	290	40.76020258	-73.96478473	417	40.71291224	-74.01020234	1
0	0	4438	519	40.75188406	-73.97770164	305	40.76095756	-73.96724467	2
0	0	21101	328	40.72405549	-74.00965965	151	40.7218158	-73.99720307	1
0	0	33144	482	40.73935542	-73.99931783	290	40.76020258	-73.96478473	1
0	0	39042	290	40.76020258	-73.96478473	479	40.76019252	-73.9912551	1
0	0	10201	161	40.72917025	-73.99810231	229	40.72743423	-73.99379025	2
0	0	49219	346	40.73652889	-74.00618026	477	40.75640548	-73.9900262	1
0	0	12222	268	40.71910537	-73.99973337	268	40.71910537	-73.99973337	1
0	0	24197	312	40.722055	-73.989111	295	40.71406667	-73.99293911	1
0	0	7575	479	40.76019252	-73.9912551	512	40.7500727	-73.99839279	1
0	0	8913	361	40.71605866	-73.99190759	504	40.73221853	-73.98165557	1
0	0	47555	296	40.71413089	-73.9970468	438	40.72779126	-73.98564945	1
0	0	49406	470	40.74345335	-74.00004031	457	40.76695317	-73.98169333	2
0	0	8230	458	40.751396	-74.005226	442	40.746647	-73.993915	1
0	0	5054	540	40.74147286	-73.98320928	435	40.74173969	-73.99415556	1
0	0	41152	407	40.700469	-73.991454	532	40.710451	-73.960876	1
0	0	12940	442	40.746647	-73.993915	442	40.746647	-73.993915	1
0	0	24039	151	40.7218158	-73.99720307	439	40.7262807	-73.98978041	1
0	0	23816	529	40.7575699	-73.99098507	468	40.7652654	-73.98192338	1
0	0	30407	347	40.72873888	-74.00748842	528	40.74290902	-73.97706058	1
0	0	57025	450	40.76227205	-73.98788205	525	40.75594159	-74.0021163	1
0	0	11425	459	40.746745	-74.007756	383	40.735238	-74.000271	2
0	0	16921	537	40.74025878	-73.98409214	296	40.71413089	-73.9970468	1
0	0	10828	504	40.73221853	-73.98165557	439	40.7262807	-73.98978041	2
0	0	4876	229	40.72743423	-73.99379025	368	40.73038599	-74.00214988	1
0	0	8406	380	40.73401143	-74.00293877	445	40.72740794	-73.98142006	2
0	0	27274	510	40.7606597	-73.98042047	457	40.76695317	-73.98169333	1
0	0	16594	517	40.75149263	-73.97798848	490	40.751551	-73.993934	1
0	0	4478	444	40.7423543	-73.98915076	475	40.73524276	-73.98758561	1
0	0	30667	522	40.75714758	-73.97207836	382	40.73492695	-73.99200509	1
0	0	48493	312	40.722055	-73.989111	391	40.69760127	-73.99344559	1
0	0	19453	507	40.73912601	-73.97973776	504	40.73221853	-73.98165557	1
0	0	52426	423	40.76584941	-73.98690506	238	40.7361967	-74.00859207	1
0	0	61680	517	40.75149263	-73.97798848	366	40.693261	-73.968896	1
0	0	39849	312	40.722055	-73.989111	350	40.71559509	-73.9870295	1
0	0	38637	312	40.722055	-73.989111	366	40.693261	-73.968896	1
0	0	46215	478	40.76030096	-73.99884222	300	40.728145	-73.990214	1
0	0	4968	466	40.74395411	-73.99144871	497	40.73704984	-73.99009296	1
0	0	51807	483	40.73223272	-73.98889957	462	40.74691959	-74.00451887	1
0	0	15455	265	40.72229346	-73.99147535	311	40.7172274	-73.98802084	2
0	0	22022	466	40.74395411	-73.99144871	345	40.73649403	-73.99704374	1
0	0	22161	470	40.74345335	-74.00004031	448	40.75660359	-73.9979009	1
0	0	40554	401	40.72019576	-73.98997825	539	40.71534825	-73.96024116	1
0	0	186	285	40.73454567	-73.99074142	290	40.76020258	-73.96478473	1
0	0	58598	528	40.74290902	-73.97706058	264	40.70706456	-74.00731853	1
0	0	24731	538	40.75795248	-73.97787642	510	40.7606597	-73.98042047	1
0	0	11293	328	40.72405549	-74.00965965	147	40.71542197	-74.01121978	1
0	0	9936	536	40.74144387	-73.97536082	259	40.70122128	-74.01234218	1
0	0	3817	157	40.69089272	-73.99612349	143	40.69239502	-73.99337909	1
0	0	54576	369	40.73224119	-74.00026394	301	40.72217444	-73.98368779	1
0	0	12198	307	40.71427487	-73.98990025	332	40.71219906	-73.97948148	1
0	0	31019	404	40.7405826	-74.00550867	251	40.72317958	-73.99480012	1
0	0	4970	83	40.68382604	-73.97632328	442	40.746647	-73.993915	1
0	0	14832	368	40.73038599	-74.00214988	504	40.73221853	-73.98165557	1
0	0	25520	531	40.71893904	-73.99266288	401	40.72019576	-73.98997825	1
0	0	18545	438	40.72779126	-73.98564945	528	40.74290902	-73.97706058	1
0	0	15864	528	40.74290902	-73.97706058	401	40.72019576	-73.98997825	1
0	0	3067	490	40.751551	-73.993934	448	40.75660359	-73.9979009	1
0	0	6760	375	40.72679454	-73.99695094	368	40.73038599	-74.00214988	1
0	0	34387	380	40.73401143	-74.00293877	475	40.73524276	-73.98758561	1
0	0	9640	524	40.75527307	-73.98316936	479	40.76019252	-73.9912551	1
0	0	43755	504	40.73221853	-73.98165557	351	40.70530954	-74.00612572	1
0	0	32708	438	40.72779126	-73.98564945	345	40.73649403	-73.99704374	1
0	0	15643	195	40.70905623	-74.01043382	387	40.71273266	-74.0046073	1
0	0	39697	507	40.73912601	-73.97973776	428	40.72467721	-73.98783413	1
0	0	1697	497	40.73704984	-73.99009296	297	40.734232	-73.986923	1
0	0	15816	457	40.76695317	-73.98169333	385	40.75797322	-73.96603308	1
0	0	23826	157	40.69089272	-73.99612349	322	40.696192	-73.991218	1
0	0	48087	217	40.70277159	-73.99383605	384	40.68317813	-73.9659641	1
0	0	38763	469	40.76344058	-73.98268129	477	40.75640548	-73.9900262	1
0	0	50224	336	40.73047747	-73.99906065	265	40.72229346	-73.99147535	1
0	0	24114	258	40.68940747	-73.96885458	384	40.68317813	-73.9659641	1
0	0	23518	450	40.76227205	-73.98788205	446	40.74487634	-73.99529885	1
0	0	18172	300	40.728145	-73.990214	401	40.72019576	-73.98997825	2
0	0	10706	161	40.72917025	-73.99810231	483	40.73223272	-73.98889957	1
0	0	6741	537	40.74025878	-73.98409214	531	40.71893904	-73.99266288	1
0	0	47005	439	40.7262807	-73.98978041	345	40.73649403	-73.99704374	1
0	0	2157	410	40.72066442	-73.98517977	504	40.73221853	-73.98165557	1
0	0	24032	143	40.69239502	-73.99337909	323	40.69236178	-73.98631746	1
0	0	21508	518	40.74780373	-73.9734419	167	40.7489006	-73.97604882	1
0	0	17894	518	40.74780373	-73.9734419	457	40.76695317	-73.98169333	1
0	0	16095	416	40.68753406	-73.97265183	270	40.69308257	-73.97178913	1
0	0	9952	128	40.72710258	-74.00297088	293	40.73028666	-73.9907647	1
0	0	11284	293	40.73028666	-73.9907647	325	40.73624527	-73.98473765	1
0	0	32150	480	40.76669671	-73.99061728	457	40.76695317	-73.98169333	1
0	0	7596	498	40.74854862	-73.98808416	518	40.74780373	-73.9734419	1
0	0	1835	426	40.71754834	-74.01322069	284	40.7390169121	-74.0026376103	1
0	0	11576	508	40.76341379	-73.99667444	508	40.76341379	-73.99667444	1
0	0	15729	324	40.689888	-73.981013	313	40.69610226	-73.96751037	1
0	0	26434	2017	40.75022392	-73.97121414	146	40.71625008	-74.0091059	1
0	0	12375	2004	40.724399	-74.004704	439	40.7262807	-73.98978041	2
0	0	3268	459	40.746745	-74.007756	465	40.75513557	-73.98658032	1
0	0	31514	456	40.7597108	-73.97402311	295	40.71406667	-73.99293911	1
0	0	5919	167	40.7489006	-73.97604882	492	40.75019995	-73.99093085	1
0	0	22758	237	40.73047309	-73.98672378	528	40.74290902	-73.97706058	1
0	0	4682	434	40.74317449	-74.00366443	497	40.73704984	-73.99009296	1
0	0	9041	497	40.73704984	-73.99009296	497	40.73704984	-73.99009296	2
0	0	50086	334	40.74238787	-73.99726235	445	40.72740794	-73.98142006	1
0	0	23367	83	40.68382604	-73.97632328	366	40.693261	-73.968896	2
0	0	22800	161	40.72917025	-73.99810231	439	40.7262807	-73.98978041	1
0	0	8502	486	40.7462009	-73.98855723	448	40.75660359	-73.9979009	1
0	0	47945	301	40.72217444	-73.98368779	410	40.72066442	-73.98517977	1
0	0	28875	453	40.74475148	-73.99915362	512	40.7500727	-73.99839279	1
0	0	32563	498	40.74854862	-73.98808416	480	40.76669671	-73.99061728	1
0	0	7898	463	40.74206539	-74.00443172	488	40.75645824	-73.99372222	1
0	0	18826	475	40.73524276	-73.98758561	499	40.76915505	-73.98191841	1
0	0	18631	507	40.73912601	-73.97973776	521	40.75044999	-73.99481051	1
0	0	12420	504	40.73221853	-73.98165557	504	40.73221853	-73.98165557	1
0	0	15208	410	40.72066442	-73.98517977	410	40.72066442	-73.98517977	1
0	0	56844	225	40.74195138	-74.00803013	157	40.69089272	-73.99612349	1
0	0	47021	439	40.7262807	-73.98978041	406	40.69512845	-73.99595065	1
0	0	34229	152	40.71473993	-74.00910627	415	40.7047177	-74.00926027	1
0	0	35752	442	40.746647	-73.993915	352	40.76340613	-73.97722479	1
0	0	12822	479	40.76019252	-73.9912551	494	40.74734825	-73.99723551	1
0	0	43246	300	40.728145	-73.990214	229	40.72743423	-73.99379025	1
0	0	39729	497	40.73704984	-73.99009296	531	40.71893904	-73.99266288	1
0	0	23754	290	40.76020258	-73.96478473	441	40.756014	-73.967416	1
0	0	34463	151	40.7218158	-73.99720307	345	40.73649403	-73.99704374	1
0	0	37605	311	40.7172274	-73.98802084	311	40.7172274	-73.98802084	1
0	0	20622	416	40.68753406	-73.97265183	366	40.693261	-73.968896	1
0	0	7729	316	40.70955958	-74.00653609	308	40.71307916	-73.99851193	1
0	0	61681	488	40.75645824	-73.99372222	311	40.7172274	-73.98802084	1
0	0	5541	539	40.71534825	-73.96024116	539	40.71534825	-73.96024116	1
0	0	13242	380	40.73401143	-74.00293877	116	40.74177603	-74.00149746	1
0	0	27306	380	40.73401143	-74.00293877	248	40.72185379	-74.00771779	1
0	0	32949	505	40.74901271	-73.98848395	268	40.71910537	-73.99973337	1
0	0	8301	510	40.7606597	-73.98042047	465	40.75513557	-73.98658032	1
0	0	50597	301	40.72217444	-73.98368779	507	40.73912601	-73.97973776	1
0	0	8366	462	40.74691959	-74.00451887	368	40.73038599	-74.00214988	1
0	0	40648	475	40.73524276	-73.98758561	488	40.75645824	-73.99372222	1
0	0	23550	428	40.72467721	-73.98783413	331	40.71173107	-73.99193043	1
0	0	24659	236	40.7284186	-73.98713956	497	40.73704984	-73.99009296	1
0	0	2110	438	40.72779126	-73.98564945	223	40.73781509	-73.99994661	1
0	0	26077	251	40.72317958	-73.99480012	380	40.73401143	-74.00293877	1
0	0	15149	483	40.73223272	-73.98889957	312	40.722055	-73.989111	1
0	0	47626	356	40.71622644	-73.98261206	150	40.7208736	-73.98085795	1
0	0	30879	453	40.74475148	-73.99915362	434	40.74317449	-74.00366443	1
0	0	4834	486	40.7462009	-73.98855723	540	40.74147286	-73.98320928	1
0	0	22675	223	40.73781509	-73.99994661	445	40.72740794	-73.98142006	1
0	0	26989	151	40.7218158	-73.99720307	276	40.71748752	-74.0104554	1
0	0	12543	368	40.73038599	-74.00214988	380	40.73401143	-74.00293877	1
0	0	4723	2021	40.75929124	-73.98859651	167	40.7489006	-73.97604882	1
0	0	8067	151	40.7218158	-73.99720307	368	40.73038599	-74.00214988	2
0	0	59311	351	40.70530954	-74.00612572	415	40.7047177	-74.00926027	2
0	0	11627	383	40.735238	-74.000271	293	40.73028666	-73.9907647	2
0	0	2641	509	40.7454973	-74.00197139	521	40.75044999	-73.99481051	1
0	0	27998	503	40.73827428	-73.98751968	459	40.746745	-74.007756	1
0	0	11123	128	40.72710258	-74.00297088	404	40.7405826	-74.00550867	1
0	0	433	504	40.73221853	-73.98165557	312	40.722055	-73.989111	1
0	0	34047	495	40.76269882	-73.99301222	512	40.7500727	-73.99839279	1
0	0	1495	519	40.75188406	-73.97770164	469	40.76344058	-73.98268129	1
0	0	3073	285	40.73454567	-73.99074142	252	40.73226398	-73.99852205	1
0	0	22627	439	40.7262807	-73.98978041	540	40.74147286	-73.98320928	2
0	0	2540	345	40.73649403	-73.99704374	284	40.7390169121	-74.0026376103	1
0	0	8797	509	40.7454973	-74.00197139	223	40.73781509	-73.99994661	1
0	0	57089	153	40.752062307	-73.9816324043	423	40.76584941	-73.98690506	2
0	0	19226	303	40.72362738	-73.99949601	368	40.73038599	-74.00214988	1
0	0	4951	528	40.74290902	-73.97706058	2022	40.75849116	-73.95920622	1
0	0	13208	540	40.74147286	-73.98320928	404	40.7405826	-74.00550867	1
0	0	116	447	40.76370739	-73.9851615	345	40.73649403	-73.99704374	1
0	0	25032	441	40.756014	-73.967416	228	40.7546011026	-73.971878855	1
0	0	717	237	40.73047309	-73.98672378	167	40.7489006	-73.97604882	1
0	0	29555	252	40.73226398	-73.99852205	475	40.73524276	-73.98758561	1
0	0	888	237	40.73047309	-73.98672378	422	40.770513	-73.988038	1
0	0	9713	466	40.74395411	-73.99144871	487	40.73314259	-73.97573881	1
0	0	31668	161	40.72917025	-73.99810231	445	40.72740794	-73.98142006	1
0	0	23658	254	40.73532427	-73.99800419	265	40.72229346	-73.99147535	1
0	0	14237	237	40.73047309	-73.98672378	433	40.72955361	-73.98057249	1
0	0	47024	326	40.72953837	-73.98426726	350	40.71559509	-73.9870295	1
0	0	34981	326	40.72953837	-73.98426726	295	40.71406667	-73.99293911	1
0	0	61682	265	40.72229346	-73.99147535	334	40.74238787	-73.99726235	1
0	0	30	536	40.74144387	-73.97536082	512	40.7500727	-73.99839279	1
0	0	61683	355	40.71602118	-73.99974372	545	40.736502	-73.97809472	1
0	0	9680	442	40.746647	-73.993915	285	40.73454567	-73.99074142	1
0	0	23334	539	40.71534825	-73.96024116	384	40.68317813	-73.9659641	1
0	0	8400	387	40.71273266	-74.0046073	387	40.71273266	-74.0046073	2
0	0	19826	293	40.73028666	-73.9907647	346	40.73652889	-74.00618026	1
0	0	22635	438	40.72779126	-73.98564945	415	40.7047177	-74.00926027	1
0	0	61684	160	40.748238	-73.978311	480	40.76669671	-73.99061728	1
0	0	9087	2012	40.739445	-73.976806	290	40.76020258	-73.96478473	1
0	0	20602	529	40.7575699	-73.99098507	442	40.746647	-73.993915	2
0	0	11999	457	40.76695317	-73.98169333	457	40.76695317	-73.98169333	1
0	0	25155	531	40.71893904	-73.99266288	349	40.71850211	-73.98329859	1
0	0	20526	441	40.756014	-73.967416	492	40.75019995	-73.99093085	1
0	0	23866	459	40.746745	-74.007756	350	40.71559509	-73.9870295	1
0	0	61685	453	40.74475148	-73.99915362	415	40.7047177	-74.00926027	1
0	0	44593	312	40.722055	-73.989111	405	40.739323	-74.008119	1
0	0	666	519	40.75188406	-73.97770164	546	40.74444921	-73.98303529	1
0	0	4747	446	40.74487634	-73.99529885	482	40.73935542	-73.99931783	1
0	0	22436	439	40.7262807	-73.98978041	531	40.71893904	-73.99266288	1
0	0	36171	490	40.751551	-73.993934	526	40.74765947	-73.98490707	1
0	0	2692	147	40.71542197	-74.01121978	327	40.7153379	-74.01658354	1
0	0	24834	297	40.734232	-73.986923	487	40.73314259	-73.97573881	1
0	0	9074	428	40.72467721	-73.98783413	161	40.72917025	-73.99810231	1
0	0	61687	460	40.71285887	-73.96590294	359	40.75510267	-73.97498696	1
0	0	18505	128	40.72710258	-74.00297088	439	40.7262807	-73.98978041	1
0	0	14921	473	40.72110063	-73.9919254	417	40.71291224	-74.01020234	2
0	0	17975	380	40.73401143	-74.00293877	545	40.736502	-73.97809472	1
0	0	2103	461	40.73587678	-73.98205027	545	40.736502	-73.97809472	1
0	0	26708	2022	40.75849116	-73.95920622	435	40.74173969	-73.99415556	1
0	0	9196	375	40.72679454	-73.99695094	348	40.72490985	-74.00154702	1
0	0	19714	311	40.7172274	-73.98802084	301	40.72217444	-73.98368779	1
0	0	9198	293	40.73028666	-73.9907647	489	40.75066386	-74.00176802	1
0	0	47331	487	40.73314259	-73.97573881	223	40.73781509	-73.99994661	3
0	0	14448	444	40.7423543	-73.98915076	426	40.71754834	-74.01322069	1
0	0	38489	303	40.72362738	-73.99949601	401	40.72019576	-73.98997825	1
0	0	15217	499	40.76915505	-73.98191841	523	40.75466591	-73.99138152	1
0	0	13596	525	40.75594159	-74.0021163	2021	40.75929124	-73.98859651	2
0	0	21915	284	40.7390169121	-74.0026376103	348	40.72490985	-74.00154702	1
0	0	24830	457	40.76695317	-73.98169333	518	40.74780373	-73.9734419	1
0	0	26178	236	40.7284186	-73.98713956	285	40.73454567	-73.99074142	1
0	0	14073	457	40.76695317	-73.98169333	305	40.76095756	-73.96724467	1
0	0	306	450	40.76227205	-73.98788205	529	40.7575699	-73.99098507	1
0	0	6146	237	40.73047309	-73.98672378	266	40.72368361	-73.97574813	1
0	0	7192	473	40.72110063	-73.9919254	473	40.72110063	-73.9919254	1
0	0	15540	496	40.73726186	-73.99238967	496	40.73726186	-73.99238967	1
0	0	7043	300	40.728145	-73.990214	263	40.71729	-73.996375	1
0	0	35163	439	40.7262807	-73.98978041	284	40.7390169121	-74.0026376103	1
0	0	10882	464	40.75934501	-73.96759673	151	40.7218158	-73.99720307	2
0	0	4039	293	40.73028666	-73.9907647	403	40.72502876	-73.99069656	1
0	0	38866	295	40.71406667	-73.99293911	438	40.72779126	-73.98564945	1
0	0	61688	248	40.72185379	-74.00771779	174	40.7381765	-73.97738662	1
0	0	38633	528	40.74290902	-73.97706058	503	40.73827428	-73.98751968	1
0	0	34127	434	40.74317449	-74.00366443	403	40.72502876	-73.99069656	1
0	0	12754	2003	40.73416059	-73.98024289	229	40.72743423	-73.99379025	1
0	0	11416	2010	40.72165481	-74.00234737	375	40.72679454	-73.99695094	1
0	0	61689	434	40.74317449	-74.00366443	428	40.72467721	-73.98783413	1
0	0	19264	518	40.74780373	-73.9734419	2003	40.73416059	-73.98024289	1
0	0	44712	516	40.75206862	-73.96784384	529	40.7575699	-73.99098507	1
0	0	10636	401	40.72019576	-73.98997825	311	40.7172274	-73.98802084	1
0	0	28316	445	40.72740794	-73.98142006	326	40.72953837	-73.98426726	1
0	0	7790	348	40.72490985	-74.00154702	463	40.74206539	-74.00443172	1
0	0	13499	521	40.75044999	-73.99481051	368	40.73038599	-74.00214988	1
0	0	15158	285	40.73454567	-73.99074142	432	40.72621788	-73.98379855	1
0	0	48799	274	40.68691865	-73.976682	120	40.68676793	-73.95928168	1
0	0	41415	305	40.76095756	-73.96724467	293	40.73028666	-73.9907647	1
0	0	5951	537	40.74025878	-73.98409214	323	40.69236178	-73.98631746	1
0	0	34360	417	40.71291224	-74.01020234	509	40.7454973	-74.00197139	1
0	0	10955	470	40.74345335	-74.00004031	458	40.751396	-74.005226	1
0	0	46835	516	40.75206862	-73.96784384	507	40.73912601	-73.97973776	1
0	0	35016	447	40.76370739	-73.9851615	294	40.73049393	-73.9957214	1
0	0	34162	405	40.739323	-74.008119	404	40.7405826	-74.00550867	1
0	0	3920	422	40.770513	-73.988038	479	40.76019252	-73.9912551	1
0	0	49828	380	40.73401143	-74.00293877	2008	40.70569254	-74.01677685	1
0	0	258	312	40.722055	-73.989111	361	40.71605866	-73.99190759	1
0	0	11020	296	40.71413089	-73.9970468	315	40.70355377	-74.00670227	1
0	0	4590	519	40.75188406	-73.97770164	540	40.74147286	-73.98320928	1
0	0	11518	450	40.76227205	-73.98788205	305	40.76095756	-73.96724467	1
0	0	22696	403	40.72502876	-73.99069656	481	40.71260486	-73.96264403	1
0	0	20932	271	40.68528172	-73.97805813	366	40.693261	-73.968896	1
0	0	35080	380	40.73401143	-74.00293877	237	40.73047309	-73.98672378	1
0	0	20780	428	40.72467721	-73.98783413	473	40.72110063	-73.9919254	1
0	0	2140	475	40.73524276	-73.98758561	528	40.74290902	-73.97706058	2
0	0	10000	446	40.74487634	-73.99529885	284	40.7390169121	-74.0026376103	1
0	0	61690	526	40.74765947	-73.98490707	375	40.72679454	-73.99695094	1
0	0	23999	434	40.74317449	-74.00366443	380	40.73401143	-74.00293877	1
0	0	9831	430	40.7014851	-73.98656928	313	40.69610226	-73.96751037	1
0	0	29109	521	40.75044999	-73.99481051	473	40.72110063	-73.9919254	1
0	0	9144	518	40.74780373	-73.9734419	238	40.7361967	-74.00859207	1
0	0	21830	490	40.751551	-73.993934	525	40.75594159	-74.0021163	1
0	0	61691	127	40.73172428	-74.00674436	82	40.71117416	-74.00016545	1
0	0	10691	497	40.73704984	-73.99009296	482	40.73935542	-73.99931783	1
0	0	29001	382	40.73492695	-73.99200509	499	40.76915505	-73.98191841	1
0	0	40899	433	40.72955361	-73.98057249	312	40.722055	-73.989111	1
0	0	8615	380	40.73401143	-74.00293877	174	40.7381765	-73.97738662	1
0	0	15369	402	40.7403432	-73.98955109	146	40.71625008	-74.0091059	1
0	0	31820	528	40.74290902	-73.97706058	301	40.72217444	-73.98368779	2
0	0	28277	509	40.7454973	-74.00197139	146	40.71625008	-74.0091059	1
0	0	35139	385	40.75797322	-73.96603308	455	40.75001986	-73.96905301	1
0	0	14288	2006	40.76590936	-73.97634151	477	40.75640548	-73.9900262	1
0	0	59010	389	40.71044554	-73.96525063	365	40.68223166	-73.9614583	1
0	0	61692	328	40.72405549	-74.00965965	356	40.71622644	-73.98261206	1
0	0	20978	528	40.74290902	-73.97706058	454	40.75455731	-73.96592976	1
0	0	22001	238	40.7361967	-74.00859207	151	40.7218158	-73.99720307	1
0	0	10326	434	40.74317449	-74.00366443	426	40.71754834	-74.01322069	1
0	0	32853	519	40.75188406	-73.97770164	312	40.722055	-73.989111	1
0	0	3329	524	40.75527307	-73.98316936	465	40.75513557	-73.98658032	1
0	0	45805	432	40.72621788	-73.98379855	383	40.735238	-74.000271	1
0	0	12859	428	40.72467721	-73.98783413	428	40.72467721	-73.98783413	2
0	0	12680	499	40.76915505	-73.98191841	449	40.76461837	-73.98789473	1
0	0	11486	479	40.76019252	-73.9912551	479	40.76019252	-73.9912551	1
0	0	8875	127	40.73172428	-74.00674436	428	40.72467721	-73.98783413	1
0	0	48463	478	40.76030096	-73.99884222	433	40.72955361	-73.98057249	1
0	0	24384	504	40.73221853	-73.98165557	466	40.74395411	-73.99144871	2
0	0	1210	461	40.73587678	-73.98205027	297	40.734232	-73.986923	1
0	0	8760	151	40.7218158	-73.99720307	229	40.72743423	-73.99379025	1
0	0	35801	453	40.74475148	-73.99915362	167	40.7489006	-73.97604882	1
0	0	6403	305	40.76095756	-73.96724467	457	40.76695317	-73.98169333	1
0	0	36127	236	40.7284186	-73.98713956	477	40.75640548	-73.9900262	1
0	0	37113	294	40.73049393	-73.9957214	368	40.73038599	-74.00214988	1
0	0	11591	294	40.73049393	-73.9957214	127	40.73172428	-74.00674436	1
0	0	61693	440	40.75255434	-73.97282625	342	40.71739973	-73.98016555	1
0	0	901	238	40.7361967	-74.00859207	327	40.7153379	-74.01658354	1
0	0	11120	428	40.72467721	-73.98783413	350	40.71559509	-73.9870295	1
0	0	48366	528	40.74290902	-73.97706058	212	40.74334935	-74.00681753	1
0	0	27543	329	40.72043411	-74.01020609	346	40.73652889	-74.00618026	1
0	0	12998	293	40.73028666	-73.9907647	335	40.72903917	-73.99404649	1
0	0	48364	507	40.73912601	-73.97973776	331	40.71173107	-73.99193043	1
0	0	21260	308	40.71307916	-73.99851193	311	40.7172274	-73.98802084	2
0	0	61694	504	40.73221853	-73.98165557	331	40.71173107	-73.99193043	1
0	0	13802	428	40.72467721	-73.98783413	325	40.73624527	-73.98473765	1
0	0	13269	323	40.69236178	-73.98631746	157	40.69089272	-73.99612349	1
0	0	34547	252	40.73226398	-73.99852205	540	40.74147286	-73.98320928	1
0	0	61695	237	40.73047309	-73.98672378	164	40.75323098	-73.97032517	1
0	0	7424	347	40.72873888	-74.00748842	375	40.72679454	-73.99695094	1
0	0	14752	237	40.73047309	-73.98672378	445	40.72740794	-73.98142006	1
0	0	34424	488	40.75645824	-73.99372222	472	40.7457121	-73.98194829	1
0	0	53592	326	40.72953837	-73.98426726	224	40.71146364	-74.00552427	1
0	0	47669	297	40.734232	-73.986923	432	40.72621788	-73.98379855	1
0	0	50906	473	40.72110063	-73.9919254	447	40.76370739	-73.9851615	1
0	0	22984	432	40.72621788	-73.98379855	473	40.72110063	-73.9919254	1
0	0	18444	151	40.7218158	-73.99720307	504	40.73221853	-73.98165557	1
0	0	13020	528	40.74290902	-73.97706058	160	40.748238	-73.978311	1
0	0	50625	496	40.73726186	-73.99238967	268	40.71910537	-73.99973337	1
0	0	23173	459	40.746745	-74.007756	401	40.72019576	-73.98997825	1
0	0	61696	392	40.695065	-73.987167	428	40.72467721	-73.98783413	1
0	0	3149	285	40.73454567	-73.99074142	345	40.73649403	-73.99704374	1
0	0	61697	195	40.70905623	-74.01043382	500	40.76228826	-73.98336183	1
0	0	56114	335	40.72903917	-73.99404649	2008	40.70569254	-74.01677685	1
0	0	31170	303	40.72362738	-73.99949601	448	40.75660359	-73.9979009	1
0	0	61698	359	40.75510267	-73.97498696	445	40.72740794	-73.98142006	1
0	0	15945	368	40.73038599	-74.00214988	116	40.74177603	-74.00149746	1
0	0	24163	369	40.73224119	-74.00026394	428	40.72467721	-73.98783413	1
0	0	15513	489	40.75066386	-74.00176802	488	40.75645824	-73.99372222	1
0	0	16337	454	40.75455731	-73.96592976	237	40.73047309	-73.98672378	1
0	0	28387	445	40.72740794	-73.98142006	223	40.73781509	-73.99994661	1
0	0	41679	253	40.73543934	-73.99453948	383	40.735238	-74.000271	1
0	0	19002	249	40.71870987	-74.0090009	477	40.75640548	-73.9900262	1
0	0	61699	450	40.76227205	-73.98788205	146	40.71625008	-74.0091059	1
0	0	9417	387	40.71273266	-74.0046073	2000	40.70255088	-73.98940236	2
0	0	56290	238	40.7361967	-74.00859207	510	40.7606597	-73.98042047	1
0	0	34042	511	40.72938685	-73.97772429	302	40.72082834	-73.97793172	1
0	0	17200	446	40.74487634	-73.99529885	509	40.7454973	-74.00197139	1
0	0	21126	475	40.73524276	-73.98758561	461	40.73587678	-73.98205027	1
0	0	8943	404	40.7405826	-74.00550867	462	40.74691959	-74.00451887	1
0	0	61700	401	40.72019576	-73.98997825	261	40.69474881	-73.98362464	1
0	0	5122	546	40.74444921	-73.98303529	464	40.75934501	-73.96759673	1
0	0	22040	268	40.71910537	-73.99973337	438	40.72779126	-73.98564945	1
0	0	11665	161	40.72917025	-73.99810231	257	40.71939226	-74.00247214	1
0	0	40165	305	40.76095756	-73.96724467	495	40.76269882	-73.99301222	1
0	0	5859	151	40.7218158	-73.99720307	161	40.72917025	-73.99810231	1
0	0	11823	432	40.72621788	-73.98379855	301	40.72217444	-73.98368779	1
0	0	39033	326	40.72953837	-73.98426726	459	40.746745	-74.007756	1
0	0	13569	528	40.74290902	-73.97706058	280	40.73331967	-73.99510132	1
0	0	9560	457	40.76695317	-73.98169333	499	40.76915505	-73.98191841	1
0	0	29376	532	40.710451	-73.960876	301	40.72217444	-73.98368779	1
0	0	9341	404	40.7405826	-74.00550867	499	40.76915505	-73.98191841	1
0	0	57293	361	40.71605866	-73.99190759	174	40.7381765	-73.97738662	1
0	0	61701	403	40.72502876	-73.99069656	434	40.74317449	-74.00366443	1
0	0	60017	396	40.680342423	-73.9557689392	462	40.74691959	-74.00451887	1
0	0	32219	2008	40.70569254	-74.01677685	82	40.71117416	-74.00016545	1
0	0	9557	368	40.73038599	-74.00214988	127	40.73172428	-74.00674436	1
0	0	57488	463	40.74206539	-74.00443172	355	40.71602118	-73.99974372	1
0	0	21320	334	40.74238787	-73.99726235	428	40.72467721	-73.98783413	1
0	0	838	346	40.73652889	-74.00618026	426	40.71754834	-74.01322069	1
0	0	60213	416	40.68753406	-73.97265183	282	40.70827295	-73.96834101	1
0	0	34614	252	40.73226398	-73.99852205	394	40.72521311	-73.97768752	1
0	0	7456	463	40.74206539	-74.00443172	521	40.75044999	-73.99481051	1
0	0	11879	513	40.768254	-73.988639	449	40.76461837	-73.98789473	1
0	0	620	151	40.7218158	-73.99720307	128	40.72710258	-74.00297088	2
0	0	22249	357	40.73261787	-73.99158043	368	40.73038599	-74.00214988	1
0	0	110	336	40.73047747	-73.99906065	439	40.7262807	-73.98978041	1
0	0	58875	454	40.75455731	-73.96592976	488	40.75645824	-73.99372222	1
0	0	20332	128	40.72710258	-74.00297088	494	40.74734825	-73.99723551	1
0	0	12153	435	40.74173969	-73.99415556	494	40.74734825	-73.99723551	1
0	0	14846	2003	40.73416059	-73.98024289	459	40.746745	-74.007756	1
0	0	28178	294	40.73049393	-73.9957214	511	40.72938685	-73.97772429	1
0	0	29764	238	40.7361967	-74.00859207	485	40.75038009	-73.98338988	1
0	0	12675	479	40.76019252	-73.9912551	489	40.75066386	-74.00176802	1
0	0	22981	504	40.73221853	-73.98165557	345	40.73649403	-73.99704374	1
0	0	447	532	40.710451	-73.960876	428	40.72467721	-73.98783413	1
0	0	15370	447	40.76370739	-73.9851615	521	40.75044999	-73.99481051	1
0	0	14418	265	40.72229346	-73.99147535	412	40.7158155	-73.99422366	1
0	0	267	519	40.75188406	-73.97770164	461	40.73587678	-73.98205027	1
0	0	16410	285	40.73454567	-73.99074142	405	40.739323	-74.008119	1
0	0	1212	368	40.73038599	-74.00214988	327	40.7153379	-74.01658354	1
0	0	21991	504	40.73221853	-73.98165557	537	40.74025878	-73.98409214	2
0	0	15854	467	40.68312489	-73.97895137	289	40.6845683	-73.95881081	1
0	0	25084	312	40.722055	-73.989111	296	40.71413089	-73.9970468	2
0	0	33214	449	40.76461837	-73.98789473	458	40.751396	-74.005226	1
0	0	28498	469	40.76344058	-73.98268129	448	40.75660359	-73.9979009	1
0	0	29881	490	40.751551	-73.993934	470	40.74345335	-74.00004031	2
0	0	16555	369	40.73224119	-74.00026394	303	40.72362738	-73.99949601	1
0	0	25751	536	40.74144387	-73.97536082	442	40.746647	-73.993915	1
0	0	22889	456	40.7597108	-73.97402311	546	40.74444921	-73.98303529	1
0	0	25765	293	40.73028666	-73.9907647	487	40.73314259	-73.97573881	1
0	0	11822	477	40.75640548	-73.9900262	446	40.74487634	-73.99529885	1
0	0	5786	263	40.71729	-73.996375	268	40.71910537	-73.99973337	1
0	0	20430	521	40.75044999	-73.99481051	434	40.74317449	-74.00366443	1
0	0	44791	468	40.7652654	-73.98192338	512	40.7500727	-73.99839279	1
0	0	5094	327	40.7153379	-74.01658354	2008	40.70569254	-74.01677685	1
0	0	11170	309	40.7149787	-74.013012	320	40.71743998	-74.00583475	2
0	0	6992	285	40.73454567	-73.99074142	2017	40.75022392	-73.97121414	1
0	0	50177	397	40.68415748	-73.96922273	157	40.69089272	-73.99612349	1
0	0	15856	285	40.73454567	-73.99074142	428	40.72467721	-73.98783413	1
0	0	19975	449	40.76461837	-73.98789473	448	40.75660359	-73.9979009	1
0	0	20250	229	40.72743423	-73.99379025	504	40.73221853	-73.98165557	2
0	0	33844	435	40.74173969	-73.99415556	382	40.73492695	-73.99200509	1
0	0	8166	280	40.73331967	-73.99510132	293	40.73028666	-73.9907647	1
0	0	10392	546	40.74444921	-73.98303529	524	40.75527307	-73.98316936	1
0	0	14525	280	40.73331967	-73.99510132	438	40.72779126	-73.98564945	1
0	0	49047	430	40.7014851	-73.98656928	262	40.69178232	-73.97372989	1
0	0	50653	312	40.722055	-73.989111	511	40.72938685	-73.97772429	1
0	0	35165	336	40.73047747	-73.99906065	336	40.73047747	-73.99906065	1
0	0	8000	293	40.73028666	-73.9907647	368	40.73038599	-74.00214988	1
0	0	23407	331	40.71173107	-73.99193043	311	40.7172274	-73.98802084	1
0	0	8889	459	40.746745	-74.007756	382	40.73492695	-73.99200509	1
0	0	34496	460	40.71285887	-73.96590294	460	40.71285887	-73.96590294	1
0	0	14733	280	40.73331967	-73.99510132	236	40.7284186	-73.98713956	1
0	0	11526	428	40.72467721	-73.98783413	401	40.72019576	-73.98997825	1
0	0	23202	324	40.689888	-73.981013	354	40.69363137	-73.96223558	1
0	0	50628	518	40.74780373	-73.9734419	428	40.72467721	-73.98783413	1
0	0	10730	459	40.746745	-74.007756	515	40.76009437	-73.99461843	1
0	0	12562	465	40.75513557	-73.98658032	167	40.7489006	-73.97604882	1
0	0	15017	228	40.7546011026	-73.971878855	464	40.75934501	-73.96759673	1
0	0	6576	507	40.73912601	-73.97973776	518	40.74780373	-73.9734419	1
0	0	17228	391	40.69760127	-73.99344559	406	40.69512845	-73.99595065	1
0	0	26294	475	40.73524276	-73.98758561	546	40.74444921	-73.98303529	1
0	0	8535	394	40.72521311	-73.97768752	445	40.72740794	-73.98142006	1
0	0	13166	467	40.68312489	-73.97895137	310	40.68926942	-73.98912867	1
0	0	26809	445	40.72740794	-73.98142006	350	40.71559509	-73.9870295	1
0	0	2593	254	40.73532427	-73.99800419	504	40.73221853	-73.98165557	1
0	0	23962	438	40.72779126	-73.98564945	326	40.72953837	-73.98426726	1
0	0	23848	438	40.72779126	-73.98564945	252	40.73226398	-73.99852205	1
0	0	8898	323	40.69236178	-73.98631746	161	40.72917025	-73.99810231	1
0	0	10506	347	40.72873888	-74.00748842	276	40.71748752	-74.0104554	1
0	0	18536	399	40.68851534	-73.9647628	258	40.68940747	-73.96885458	1
0	0	1200	490	40.751551	-73.993934	447	40.76370739	-73.9851615	1
0	0	31505	252	40.73226398	-73.99852205	236	40.7284186	-73.98713956	1
0	0	20441	380	40.73401143	-74.00293877	251	40.72317958	-73.99480012	1
0	0	24685	512	40.7500727	-73.99839279	474	40.7451677	-73.98683077	1
0	0	45505	364	40.68900443	-73.96023854	399	40.68851534	-73.9647628	1
0	0	14518	462	40.74691959	-74.00451887	463	40.74206539	-74.00443172	1
0	0	21921	416	40.68753406	-73.97265183	258	40.68940747	-73.96885458	1
0	0	42606	394	40.72521311	-73.97768752	511	40.72938685	-73.97772429	1
0	0	19586	503	40.73827428	-73.98751968	143	40.69239502	-73.99337909	1
0	0	32772	258	40.68940747	-73.96885458	353	40.68539567	-73.97431458	1
0	0	3067	490	40.751551	-73.993934	448	40.75660359	-73.9979009	1
0	0	6760	375	40.72679454	-73.99695094	368	40.73038599	-74.00214988	1
0	0	34387	380	40.73401143	-74.00293877	475	40.73524276	-73.98758561	1
0	0	9640	524	40.75527307	-73.98316936	479	40.76019252	-73.9912551	1
0	0	43755	504	40.73221853	-73.98165557	351	40.70530954	-74.00612572	1
0	0	32708	438	40.72779126	-73.98564945	345	40.73649403	-73.99704374	1
0	0	15643	195	40.70905623	-74.01043382	387	40.71273266	-74.0046073	1
0	0	39697	507	40.73912601	-73.97973776	428	40.72467721	-73.98783413	1
0	0	1697	497	40.73704984	-73.99009296	297	40.734232	-73.986923	1
0	0	15816	457	40.76695317	-73.98169333	385	40.75797322	-73.96603308	1
0	0	10201	161	40.72917025	-73.99810231	229	40.72743423	-73.99379025	1
0	0	23826	157	40.69089272	-73.99612349	322	40.696192	-73.991218	1
0	0	48087	217	40.70277159	-73.99383605	384	40.68317813	-73.9659641	1
0	0	38763	469	40.76344058	-73.98268129	477	40.75640548	-73.9900262	1
0	0	50224	336	40.73047747	-73.99906065	265	40.72229346	-73.99147535	1
0	0	24114	258	40.68940747	-73.96885458	384	40.68317813	-73.9659641	1
0	0	23518	450	40.76227205	-73.98788205	446	40.74487634	-73.99529885	1
0	0	18172	300	40.728145	-73.990214	401	40.72019576	-73.98997825	2
0	0	10706	161	40.72917025	-73.99810231	483	40.73223272	-73.98889957	1
0	0	6741	537	40.74025878	-73.98409214	531	40.71893904	-73.99266288	1
0	0	47005	439	40.7262807	-73.98978041	345	40.73649403	-73.99704374	1
0	0	2157	410	40.72066442	-73.98517977	504	40.73221853	-73.98165557	1
0	0	24032	143	40.69239502	-73.99337909	323	40.69236178	-73.98631746	1
0	0	21508	518	40.74780373	-73.9734419	167	40.7489006	-73.97604882	1
0	0	17894	518	40.74780373	-73.9734419	457	40.76695317	-73.98169333	1
0	0	16095	416	40.68753406	-73.97265183	270	40.69308257	-73.97178913	1
0	0	9952	128	40.72710258	-74.00297088	293	40.73028666	-73.9907647	1
0	0	11284	293	40.73028666	-73.9907647	325	40.73624527	-73.98473765	1
0	0	32150	480	40.76669671	-73.99061728	457	40.76695317	-73.98169333	1
0	0	7596	498	40.74854862	-73.98808416	518	40.74780373	-73.9734419	1
0	0	1835	426	40.71754834	-74.01322069	284	40.7390169121	-74.0026376103	1
0	0	11576	508	40.76341379	-73.99667444	508	40.76341379	-73.99667444	1
0	0	15729	324	40.689888	-73.981013	313	40.69610226	-73.96751037	1
0	0	26434	2017	40.75022392	-73.97121414	146	40.71625008	-74.0091059	1
0	0	12375	2004	40.724399	-74.004704	439	40.7262807	-73.98978041	2
0	0	3268	459	40.746745	-74.007756	465	40.75513557	-73.98658032	1
0	0	31514	456	40.7597108	-73.97402311	295	40.71406667	-73.99293911	1
0	0	5919	167	40.7489006	-73.97604882	492	40.75019995	-73.99093085	1
0	0	22758	237	40.73047309	-73.98672378	528	40.74290902	-73.97706058	1
0	0	4682	434	40.74317449	-74.00366443	497	40.73704984	-73.99009296	1
0	0	9041	497	40.73704984	-73.99009296	497	40.73704984	-73.99009296	2
0	0	50086	334	40.74238787	-73.99726235	445	40.72740794	-73.98142006	1
0	0	23367	83	40.68382604	-73.97632328	366	40.693261	-73.968896	2
0	0	22800	161	40.72917025	-73.99810231	439	40.7262807	-73.98978041	1
0	0	8502	486	40.7462009	-73.98855723	448	40.75660359	-73.9979009	1
0	0	47945	301	40.72217444	-73.98368779	410	40.72066442	-73.98517977	1
0	0	28875	453	40.74475148	-73.99915362	512	40.7500727	-73.99839279	1
0	0	32563	498	40.74854862	-73.98808416	480	40.76669671	-73.99061728	1
0	0	7898	463	40.74206539	-74.00443172	488	40.75645824	-73.99372222	1
0	0	15012	195	40.70905623	-74.01043382	505	40.74901271	-73.98848395	1
0	0	18826	475	40.73524276	-73.98758561	499	40.76915505	-73.98191841	1
0	0	18631	507	40.73912601	-73.97973776	521	40.75044999	-73.99481051	1
0	0	12420	504	40.73221853	-73.98165557	504	40.73221853	-73.98165557	1
0	0	15208	410	40.72066442	-73.98517977	410	40.72066442	-73.98517977	1
0	0	56844	225	40.74195138	-74.00803013	157	40.69089272	-73.99612349	1
0	0	47021	439	40.7262807	-73.98978041	406	40.69512845	-73.99595065	1
0	0	34229	152	40.71473993	-74.00910627	415	40.7047177	-74.00926027	1
0	0	35752	442	40.746647	-73.993915	352	40.76340613	-73.97722479	1
0	0	12822	479	40.76019252	-73.9912551	494	40.74734825	-73.99723551	1
0	0	43246	300	40.728145	-73.990214	229	40.72743423	-73.99379025	1
0	0	39729	497	40.73704984	-73.99009296	531	40.71893904	-73.99266288	1
0	0	23754	290	40.76020258	-73.96478473	441	40.756014	-73.967416	1
0	0	34463	151	40.7218158	-73.99720307	345	40.73649403	-73.99704374	1
0	0	37605	311	40.7172274	-73.98802084	311	40.7172274	-73.98802084	1
0	0	20622	416	40.68753406	-73.97265183	366	40.693261	-73.968896	1
0	0	7729	316	40.70955958	-74.00653609	308	40.71307916	-73.99851193	1
0	0	61681	488	40.75645824	-73.99372222	311	40.7172274	-73.98802084	1
0	0	5541	539	40.71534825	-73.96024116	539	40.71534825	-73.96024116	1
0	0	13242	380	40.73401143	-74.00293877	116	40.74177603	-74.00149746	1
0	0	27306	380	40.73401143	-74.00293877	248	40.72185379	-74.00771779	1
0	0	32949	505	40.74901271	-73.98848395	268	40.71910537	-73.99973337	1
0	0	8301	510	40.7606597	-73.98042047	465	40.75513557	-73.98658032	1
0	0	50597	301	40.72217444	-73.98368779	507	40.73912601	-73.97973776	1
0	0	8366	462	40.74691959	-74.00451887	368	40.73038599	-74.00214988	1
0	0	40648	475	40.73524276	-73.98758561	488	40.75645824	-73.99372222	1
0	0	23550	428	40.72467721	-73.98783413	331	40.71173107	-73.99193043	1
0	0	24659	236	40.7284186	-73.98713956	497	40.73704984	-73.99009296	1
0	0	2110	438	40.72779126	-73.98564945	223	40.73781509	-73.99994661	1
0	0	26077	251	40.72317958	-73.99480012	380	40.73401143	-74.00293877	1
0	0	15149	483	40.73223272	-73.98889957	312	40.722055	-73.989111	1
0	0	47626	356	40.71622644	-73.98261206	150	40.7208736	-73.98085795	1
0	0	30879	453	40.74475148	-73.99915362	434	40.74317449	-74.00366443	1
0	0	4834	486	40.7462009	-73.98855723	540	40.74147286	-73.98320928	1
0	0	22675	223	40.73781509	-73.99994661	445	40.72740794	-73.98142006	1
0	0	26989	151	40.7218158	-73.99720307	276	40.71748752	-74.0104554	1
0	0	12543	368	40.73038599	-74.00214988	380	40.73401143	-74.00293877	1
0	0	4723	2021	40.75929124	-73.98859651	167	40.7489006	-73.97604882	1
0	0	8067	151	40.7218158	-73.99720307	368	40.73038599	-74.00214988	2
0	0	59311	351	40.70530954	-74.00612572	415	40.7047177	-74.00926027	2
0	0	11627	383	40.735238	-74.000271	293	40.73028666	-73.9907647	2
0	0	2641	509	40.7454973	-74.00197139	521	40.75044999	-73.99481051	1
0	0	27998	503	40.73827428	-73.98751968	459	40.746745	-74.007756	1
0	0	11123	128	40.72710258	-74.00297088	404	40.7405826	-74.00550867	1
0	0	433	504	40.73221853	-73.98165557	312	40.722055	-73.989111	1
0	0	34047	495	40.76269882	-73.99301222	512	40.7500727	-73.99839279	1
0	0	1495	519	40.75188406	-73.97770164	469	40.76344058	-73.98268129	1
0	0	3073	285	40.73454567	-73.99074142	252	40.73226398	-73.99852205	2
0	0	22627	439	40.7262807	-73.98978041	540	40.74147286	-73.98320928	2
0	0	2540	345	40.73649403	-73.99704374	284	40.7390169121	-74.0026376103	1
0	0	8797	509	40.7454973	-74.00197139	223	40.73781509	-73.99994661	1
0	0	57089	153	40.752062307	-73.9816324043	423	40.76584941	-73.98690506	2
0	0	19226	303	40.72362738	-73.99949601	368	40.73038599	-74.00214988	1
0	0	4951	528	40.74290902	-73.97706058	2022	40.75849116	-73.95920622	1
0	0	13208	540	40.74147286	-73.98320928	404	40.7405826	-74.00550867	1
0	0	116	447	40.76370739	-73.9851615	345	40.73649403	-73.99704374	1
0	0	25032	441	40.756014	-73.967416	228	40.7546011026	-73.971878855	1
0	0	717	237	40.73047309	-73.98672378	167	40.7489006	-73.97604882	1
0	0	29555	252	40.73226398	-73.99852205	475	40.73524276	-73.98758561	1
0	0	888	237	40.73047309	-73.98672378	422	40.770513	-73.988038	1
0	0	9713	466	40.74395411	-73.99144871	487	40.73314259	-73.97573881	1
0	0	31668	161	40.72917025	-73.99810231	445	40.72740794	-73.98142006	1
0	0	23658	254	40.73532427	-73.99800419	265	40.72229346	-73.99147535	1
0	0	14237	237	40.73047309	-73.98672378	433	40.72955361	-73.98057249	1
0	0	47024	326	40.72953837	-73.98426726	350	40.71559509	-73.9870295	1
0	0	34981	326	40.72953837	-73.98426726	295	40.71406667	-73.99293911	1
0	0	61682	265	40.72229346	-73.99147535	334	40.74238787	-73.99726235	1
0	0	30	536	40.74144387	-73.97536082	512	40.7500727	-73.99839279	1
0	0	61683	355	40.71602118	-73.99974372	545	40.736502	-73.97809472	1
0	0	9680	442	40.746647	-73.993915	285	40.73454567	-73.99074142	1
0	0	23334	539	40.71534825	-73.96024116	384	40.68317813	-73.9659641	1
0	0	8400	387	40.71273266	-74.0046073	387	40.71273266	-74.0046073	2
0	0	19826	293	40.73028666	-73.9907647	346	40.73652889	-74.00618026	1
0	0	22635	438	40.72779126	-73.98564945	415	40.7047177	-74.00926027	1
0	0	61684	160	40.748238	-73.978311	480	40.76669671	-73.99061728	1
0	0	9087	2012	40.739445	-73.976806	290	40.76020258	-73.96478473	1
0	0	20602	529	40.7575699	-73.99098507	442	40.746647	-73.993915	2
0	0	11999	457	40.76695317	-73.98169333	457	40.76695317	-73.98169333	1
0	0	25155	531	40.71893904	-73.99266288	349	40.71850211	-73.98329859	1
0	0	20526	441	40.756014	-73.967416	492	40.75019995	-73.99093085	1
0	0	23866	459	40.746745	-74.007756	350	40.71559509	-73.9870295	1
0	0	61685	453	40.74475148	-73.99915362	415	40.7047177	-74.00926027	1
0	0	44593	312	40.722055	-73.989111	405	40.739323	-74.008119	1
0	0	666	519	40.75188406	-73.97770164	546	40.74444921	-73.98303529	1
0	0	4747	446	40.74487634	-73.99529885	482	40.73935542	-73.99931783	1
0	0	61686	428	40.72467721	-73.98783413	534	40.70255065	-74.0127234	1
0	0	22436	439	40.7262807	-73.98978041	531	40.71893904	-73.99266288	1
0	0	36171	490	40.751551	-73.993934	526	40.74765947	-73.98490707	1
0	0	2692	147	40.71542197	-74.01121978	327	40.7153379	-74.01658354	1
0	0	24834	297	40.734232	-73.986923	487	40.73314259	-73.97573881	1
0	0	9074	428	40.72467721	-73.98783413	161	40.72917025	-73.99810231	1
0	0	61687	460	40.71285887	-73.96590294	359	40.75510267	-73.97498696	1
0	0	18505	128	40.72710258	-74.00297088	439	40.7262807	-73.98978041	1
0	0	18760	533	40.75299641	-73.98721619	514	40.76087502	-74.00277668	1
0	0	14921	473	40.72110063	-73.9919254	417	40.71291224	-74.01020234	2
0	0	17975	380	40.73401143	-74.00293877	545	40.736502	-73.97809472	1
0	0	2103	461	40.73587678	-73.98205027	545	40.736502	-73.97809472	1
0	0	26708	2022	40.75849116	-73.95920622	435	40.74173969	-73.99415556	1
0	0	9196	375	40.72679454	-73.99695094	348	40.72490985	-74.00154702	1
0	0	19714	311	40.7172274	-73.98802084	301	40.72217444	-73.98368779	1
0	0	9198	293	40.73028666	-73.9907647	489	40.75066386	-74.00176802	1
0	0	47331	487	40.73314259	-73.97573881	223	40.73781509	-73.99994661	3
0	0	14448	444	40.7423543	-73.98915076	426	40.71754834	-74.01322069	1
0	0	38489	303	40.72362738	-73.99949601	401	40.72019576	-73.98997825	1
0	0	15217	499	40.76915505	-73.98191841	523	40.75466591	-73.99138152	1
0	0	13596	525	40.75594159	-74.0021163	2021	40.75929124	-73.98859651	2
0	0	21915	284	40.7390169121	-74.0026376103	348	40.72490985	-74.00154702	1
0	0	24830	457	40.76695317	-73.98169333	518	40.74780373	-73.9734419	1
0	0	26178	236	40.7284186	-73.98713956	285	40.73454567	-73.99074142	1
0	0	14073	457	40.76695317	-73.98169333	305	40.76095756	-73.96724467	1
0	0	306	450	40.76227205	-73.98788205	529	40.7575699	-73.99098507	1
0	0	6146	237	40.73047309	-73.98672378	266	40.72368361	-73.97574813	1
0	0	7192	473	40.72110063	-73.9919254	473	40.72110063	-73.9919254	1
0	0	15540	496	40.73726186	-73.99238967	496	40.73726186	-73.99238967	1
0	0	7043	300	40.728145	-73.990214	263	40.71729	-73.996375	1
0	0	35163	439	40.7262807	-73.98978041	284	40.7390169121	-74.0026376103	1
0	0	10882	464	40.75934501	-73.96759673	151	40.7218158	-73.99720307	2
0	0	4039	293	40.73028666	-73.9907647	403	40.72502876	-73.99069656	1
0	0	38866	295	40.71406667	-73.99293911	438	40.72779126	-73.98564945	1
0	0	61688	248	40.72185379	-74.00771779	174	40.7381765	-73.97738662	1
0	0	38633	528	40.74290902	-73.97706058	503	40.73827428	-73.98751968	1
0	0	34127	434	40.74317449	-74.00366443	403	40.72502876	-73.99069656	1
0	0	12754	2003	40.73416059	-73.98024289	229	40.72743423	-73.99379025	1
0	0	11416	2010	40.72165481	-74.00234737	375	40.72679454	-73.99695094	1
0	0	61689	434	40.74317449	-74.00366443	428	40.72467721	-73.98783413	1
0	0	19264	518	40.74780373	-73.9734419	2003	40.73416059	-73.98024289	1
0	0	44712	516	40.75206862	-73.96784384	529	40.7575699	-73.99098507	1
0	0	10636	401	40.72019576	-73.98997825	311	40.7172274	-73.98802084	1
0	0	28316	445	40.72740794	-73.98142006	326	40.72953837	-73.98426726	1
0	0	7790	348	40.72490985	-74.00154702	463	40.74206539	-74.00443172	1
0	0	13499	521	40.75044999	-73.99481051	368	40.73038599	-74.00214988	1
0	0	15158	285	40.73454567	-73.99074142	432	40.72621788	-73.98379855	1
0	0	48799	274	40.68691865	-73.976682	120	40.68676793	-73.95928168	1
0	0	41415	305	40.76095756	-73.96724467	293	40.73028666	-73.9907647	1
0	0	5951	537	40.74025878	-73.98409214	323	40.69236178	-73.98631746	1
0	0	34360	417	40.71291224	-74.01020234	509	40.7454973	-74.00197139	1
0	0	10955	470	40.74345335	-74.00004031	458	40.751396	-74.005226	1
0	0	46835	516	40.75206862	-73.96784384	507	40.73912601	-73.97973776	1
0	0	35016	447	40.76370739	-73.9851615	294	40.73049393	-73.9957214	1
0	0	34162	405	40.739323	-74.008119	404	40.7405826	-74.00550867	1
0	0	3920	422	40.770513	-73.988038	479	40.76019252	-73.9912551	1
0	0	49828	380	40.73401143	-74.00293877	2008	40.70569254	-74.01677685	1
0	0	258	312	40.722055	-73.989111	361	40.71605866	-73.99190759	1
0	0	11020	296	40.71413089	-73.9970468	315	40.70355377	-74.00670227	1
0	0	4590	519	40.75188406	-73.97770164	540	40.74147286	-73.98320928	1
0	0	11518	450	40.76227205	-73.98788205	305	40.76095756	-73.96724467	1
0	0	22696	403	40.72502876	-73.99069656	481	40.71260486	-73.96264403	1
0	0	48333	401	40.72019576	-73.98997825	384	40.68317813	-73.9659641	1
0	0	20932	271	40.68528172	-73.97805813	366	40.693261	-73.968896	1
0	0	35080	380	40.73401143	-74.00293877	237	40.73047309	-73.98672378	1
0	0	20780	428	40.72467721	-73.98783413	473	40.72110063	-73.9919254	1
0	0	2140	475	40.73524276	-73.98758561	528	40.74290902	-73.97706058	2
0	0	10000	446	40.74487634	-73.99529885	284	40.7390169121	-74.0026376103	1
0	0	61690	526	40.74765947	-73.98490707	375	40.72679454	-73.99695094	1
0	0	23999	434	40.74317449	-74.00366443	380	40.73401143	-74.00293877	1
0	0	9831	430	40.7014851	-73.98656928	313	40.69610226	-73.96751037	1
0	0	29109	521	40.75044999	-73.99481051	473	40.72110063	-73.9919254	1
0	0	9144	518	40.74780373	-73.9734419	238	40.7361967	-74.00859207	1
0	0	21830	490	40.751551	-73.993934	525	40.75594159	-74.0021163	1
0	0	61691	127	40.73172428	-74.00674436	82	40.71117416	-74.00016545	1
0	0	10691	497	40.73704984	-73.99009296	482	40.73935542	-73.99931783	1
0	0	29001	382	40.73492695	-73.99200509	499	40.76915505	-73.98191841	1
0	0	40899	433	40.72955361	-73.98057249	312	40.722055	-73.989111	1
0	0	8615	380	40.73401143	-74.00293877	174	40.7381765	-73.97738662	1
0	0	15369	402	40.7403432	-73.98955109	146	40.71625008	-74.0091059	1
0	0	31820	528	40.74290902	-73.97706058	301	40.72217444	-73.98368779	2
0	0	28277	509	40.7454973	-74.00197139	146	40.71625008	-74.0091059	1
0	0	35139	385	40.75797322	-73.96603308	455	40.75001986	-73.96905301	1
0	0	14288	2006	40.76590936	-73.97634151	477	40.75640548	-73.9900262	1
0	0	59010	389	40.71044554	-73.96525063	365	40.68223166	-73.9614583	1
0	0	61692	328	40.72405549	-74.00965965	356	40.71622644	-73.98261206	1
0	0	20978	528	40.74290902	-73.97706058	454	40.75455731	-73.96592976	1
0	0	22001	238	40.7361967	-74.00859207	151	40.7218158	-73.99720307	1
0	0	10326	434	40.74317449	-74.00366443	426	40.71754834	-74.01322069	1
0	0	147	470	40.74345335	-74.00004031	116	40.74177603	-74.00149746	1
0	0	32853	519	40.75188406	-73.97770164	312	40.722055	-73.989111	1
0	0	3329	524	40.75527307	-73.98316936	465	40.75513557	-73.98658032	1
0	0	11425	459	40.746745	-74.007756	383	40.735238	-74.000271	1
0	0	45805	432	40.72621788	-73.98379855	383	40.735238	-74.000271	1
0	0	12859	428	40.72467721	-73.98783413	428	40.72467721	-73.98783413	2
0	0	12680	499	40.76915505	-73.98191841	449	40.76461837	-73.98789473	1
0	0	11486	479	40.76019252	-73.9912551	479	40.76019252	-73.9912551	1
0	0	8875	127	40.73172428	-74.00674436	428	40.72467721	-73.98783413	1
0	0	48463	478	40.76030096	-73.99884222	433	40.72955361	-73.98057249	1
0	0	24384	504	40.73221853	-73.98165557	466	40.74395411	-73.99144871	2
0	0	1210	461	40.73587678	-73.98205027	297	40.734232	-73.986923	1
0	0	8760	151	40.7218158	-73.99720307	229	40.72743423	-73.99379025	1
0	0	35801	453	40.74475148	-73.99915362	167	40.7489006	-73.97604882	1
0	0	6403	305	40.76095756	-73.96724467	457	40.76695317	-73.98169333	1
0	0	36127	236	40.7284186	-73.98713956	477	40.75640548	-73.9900262	1
0	0	37113	294	40.73049393	-73.9957214	368	40.73038599	-74.00214988	1
0	0	11591	294	40.73049393	-73.9957214	127	40.73172428	-74.00674436	1
0	0	61693	440	40.75255434	-73.97282625	342	40.71739973	-73.98016555	1
0	0	9879	498	40.74854862	-73.98808416	497	40.73704984	-73.99009296	1
0	0	901	238	40.7361967	-74.00859207	327	40.7153379	-74.01658354	1
0	0	27645	294	40.73049393	-73.9957214	251	40.72317958	-73.99480012	2
0	0	11120	428	40.72467721	-73.98783413	350	40.71559509	-73.9870295	1
0	0	48366	528	40.74290902	-73.97706058	212	40.74334935	-74.00681753	1
0	0	27543	329	40.72043411	-74.01020609	346	40.73652889	-74.00618026	1
0	0	12998	293	40.73028666	-73.9907647	335	40.72903917	-73.99404649	1
0	0	48364	507	40.73912601	-73.97973776	331	40.71173107	-73.99193043	1
0	0	21260	308	40.71307916	-73.99851193	311	40.7172274	-73.98802084	2
0	0	61694	504	40.73221853	-73.98165557	331	40.71173107	-73.99193043	1
0	0	13802	428	40.72467721	-73.98783413	325	40.73624527	-73.98473765	1
0	0	13269	323	40.69236178	-73.98631746	157	40.69089272	-73.99612349	1
0	0	34547	252	40.73226398	-73.99852205	540	40.74147286	-73.98320928	1
0	0	61695	237	40.73047309	-73.98672378	164	40.75323098	-73.97032517	1
0	0	7424	347	40.72873888	-74.00748842	375	40.72679454	-73.99695094	1
0	0	14752	237	40.73047309	-73.98672378	445	40.72740794	-73.98142006	1
0	0	34424	488	40.75645824	-73.99372222	472	40.7457121	-73.98194829	1
0	0	53592	326	40.72953837	-73.98426726	224	40.71146364	-74.00552427	1
0	0	47669	297	40.734232	-73.986923	432	40.72621788	-73.98379855	1
0	0	50906	473	40.72110063	-73.9919254	447	40.76370739	-73.9851615	1
0	0	22984	432	40.72621788	-73.98379855	473	40.72110063	-73.9919254	1
0	0	18444	151	40.7218158	-73.99720307	504	40.73221853	-73.98165557	1
0	0	13020	528	40.74290902	-73.97706058	160	40.748238	-73.978311	1
0	0	50625	496	40.73726186	-73.99238967	268	40.71910537	-73.99973337	1
0	0	23173	459	40.746745	-74.007756	401	40.72019576	-73.98997825	1
0	0	61696	392	40.695065	-73.987167	428	40.72467721	-73.98783413	1
0	0	3149	285	40.73454567	-73.99074142	345	40.73649403	-73.99704374	1
0	0	61697	195	40.70905623	-74.01043382	500	40.76228826	-73.98336183	1
0	0	56114	335	40.72903917	-73.99404649	2008	40.70569254	-74.01677685	1
0	0	31170	303	40.72362738	-73.99949601	448	40.75660359	-73.9979009	1
0	0	61698	359	40.75510267	-73.97498696	445	40.72740794	-73.98142006	1
0	0	15945	368	40.73038599	-74.00214988	116	40.74177603	-74.00149746	1
0	0	24163	369	40.73224119	-74.00026394	428	40.72467721	-73.98783413	1
0	0	15513	489	40.75066386	-74.00176802	488	40.75645824	-73.99372222	1
0	0	16337	454	40.75455731	-73.96592976	237	40.73047309	-73.98672378	1
0	0	28387	445	40.72740794	-73.98142006	223	40.73781509	-73.99994661	1
0	0	58808	266	40.72368361	-73.97574813	342	40.71739973	-73.98016555	1
0	0	41679	253	40.73543934	-73.99453948	383	40.735238	-74.000271	1
0	0	19002	249	40.71870987	-74.0090009	477	40.75640548	-73.9900262	1
0	0	61699	450	40.76227205	-73.98788205	146	40.71625008	-74.0091059	1
0	0	24153	434	40.74317449	-74.00366443	83	40.68382604	-73.97632328	1
0	0	6860	2023	40.75968085	-73.97031366	2021	40.75929124	-73.98859651	1
0	0	9417	387	40.71273266	-74.0046073	2000	40.70255088	-73.98940236	2
0	0	56290	238	40.7361967	-74.00859207	510	40.7606597	-73.98042047	1
0	0	34042	511	40.72938685	-73.97772429	302	40.72082834	-73.97793172	1
0	0	17200	446	40.74487634	-73.99529885	509	40.7454973	-74.00197139	1
0	0	21126	475	40.73524276	-73.98758561	461	40.73587678	-73.98205027	1
0	0	8943	404	40.7405826	-74.00550867	462	40.74691959	-74.00451887	1
0	0	31881	525	40.75594159	-74.0021163	427	40.70251526	-74.01427023	1
0	0	14417	380	40.73401143	-74.00293877	257	40.71939226	-74.00247214	1
0	0	61700	401	40.72019576	-73.98997825	261	40.69474881	-73.98362464	1
0	0	5122	546	40.74444921	-73.98303529	464	40.75934501	-73.96759673	1
0	0	22040	268	40.71910537	-73.99973337	438	40.72779126	-73.98564945	1
0	0	11665	161	40.72917025	-73.99810231	257	40.71939226	-74.00247214	1
0	0	40165	305	40.76095756	-73.96724467	495	40.76269882	-73.99301222	1
0	0	5859	151	40.7218158	-73.99720307	161	40.72917025	-73.99810231	1
0	0	11823	432	40.72621788	-73.98379855	301	40.72217444	-73.98368779	1
0	0	39033	326	40.72953837	-73.98426726	459	40.746745	-74.007756	1
0	0	13569	528	40.74290902	-73.97706058	280	40.73331967	-73.99510132	1
0	0	9560	457	40.76695317	-73.98169333	499	40.76915505	-73.98191841	1
0	0	29376	532	40.710451	-73.960876	301	40.72217444	-73.98368779	1
0	0	9341	404	40.7405826	-74.00550867	499	40.76915505	-73.98191841	1
0	0	57293	361	40.71605866	-73.99190759	174	40.7381765	-73.97738662	1
0	0	61701	403	40.72502876	-73.99069656	434	40.74317449	-74.00366443	1
0	0	60017	396	40.680342423	-73.9557689392	462	40.74691959	-74.00451887	1
0	0	32219	2008	40.70569254	-74.01677685	82	40.71117416	-74.00016545	1
0	0	9557	368	40.73038599	-74.00214988	127	40.73172428	-74.00674436	1
0	0	57488	463	40.74206539	-74.00443172	355	40.71602118	-73.99974372	1
0	0	21320	334	40.74238787	-73.99726235	428	40.72467721	-73.98783413	1
0	0	61702	460	40.71285887	-73.96590294	157	40.69089272	-73.99612349	1
0	0	838	346	40.73652889	-74.00618026	426	40.71754834	-74.01322069	1
0	0	2273	459	40.746745	-74.007756	426	40.71754834	-74.01322069	1
0	0	60213	416	40.68753406	-73.97265183	282	40.70827295	-73.96834101	1
0	0	34614	252	40.73226398	-73.99852205	394	40.72521311	-73.97768752	1
0	0	61703	490	40.751551	-73.993934	437	40.6809833854	-73.9500479759	1
0	0	7456	463	40.74206539	-74.00443172	521	40.75044999	-73.99481051	1
0	0	11879	513	40.768254	-73.988639	449	40.76461837	-73.98789473	1
0	0	620	151	40.7218158	-73.99720307	128	40.72710258	-74.00297088	2
0	0	22249	357	40.73261787	-73.99158043	368	40.73038599	-74.00214988	1
0	0	110	336	40.73047747	-73.99906065	439	40.7262807	-73.98978041	1
0	0	58875	454	40.75455731	-73.96592976	488	40.75645824	-73.99372222	1
0	0	20332	128	40.72710258	-74.00297088	494	40.74734825	-73.99723551	1
0	0	12153	435	40.74173969	-73.99415556	494	40.74734825	-73.99723551	1
0	0	14846	2003	40.73416059	-73.98024289	459	40.746745	-74.007756	1
0	0	28178	294	40.73049393	-73.9957214	511	40.72938685	-73.97772429	1
0	0	61704	415	40.7047177	-74.00926027	2002	40.716887	-73.963198	1
0	0	29764	238	40.7361967	-74.00859207	485	40.75038009	-73.98338988	1
0	0	6126	83	40.68382604	-73.97632328	417	40.71291224	-74.01020234	1
0	0	12675	479	40.76019252	-73.9912551	489	40.75066386	-74.00176802	1
0	0	22981	504	40.73221853	-73.98165557	345	40.73649403	-73.99704374	1
0	0	6523	315	40.70355377	-74.00670227	3002	40.711512	-74.015756	1
0	0	447	532	40.710451	-73.960876	428	40.72467721	-73.98783413	1
0	0	15370	447	40.76370739	-73.9851615	521	40.75044999	-73.99481051	1
0	0	46744	519	40.75188406	-73.97770164	532	40.710451	-73.960876	1
0	0	14418	265	40.72229346	-73.99147535	412	40.7158155	-73.99422366	1
0	0	267	519	40.75188406	-73.97770164	461	40.73587678	-73.98205027	1
0	0	16410	285	40.73454567	-73.99074142	405	40.739323	-74.008119	1
0	0	1212	368	40.73038599	-74.00214988	327	40.7153379	-74.01658354	1
0	0	16882	426	40.71754834	-74.01322069	478	40.76030096	-73.99884222	1
0	0	21991	504	40.73221853	-73.98165557	537	40.74025878	-73.98409214	2
0	0	15854	467	40.68312489	-73.97895137	289	40.6845683	-73.95881081	1
0	0	25084	312	40.722055	-73.989111	296	40.71413089	-73.9970468	2
0	0	34775	368	40.73038599	-74.00214988	3002	40.711512	-74.015756	1
0	0	33214	449	40.76461837	-73.98789473	458	40.751396	-74.005226	1
0	0	28498	469	40.76344058	-73.98268129	448	40.75660359	-73.9979009	1
0	0	6995	357	40.73261787	-73.99158043	284	40.7390169121	-74.0026376103	1
0	0	29881	490	40.751551	-73.993934	470	40.74345335	-74.00004031	2
0	0	16555	369	40.73224119	-74.00026394	303	40.72362738	-73.99949601	1
0	0	40675	236	40.7284186	-73.98713956	499	40.76915505	-73.98191841	1
0	0	25751	536	40.74144387	-73.97536082	442	40.746647	-73.993915	1
0	0	22889	456	40.7597108	-73.97402311	546	40.74444921	-73.98303529	1
0	0	25765	293	40.73028666	-73.9907647	487	40.73314259	-73.97573881	1
0	0	11822	477	40.75640548	-73.9900262	446	40.74487634	-73.99529885	1
0	0	5786	263	40.71729	-73.996375	268	40.71910537	-73.99973337	1
0	0	20430	521	40.75044999	-73.99481051	434	40.74317449	-74.00366443	1
0	0	44791	468	40.7652654	-73.98192338	512	40.7500727	-73.99839279	1
0	0	5094	327	40.7153379	-74.01658354	2008	40.70569254	-74.01677685	1
0	0	11170	309	40.7149787	-74.013012	320	40.71743998	-74.00583475	2
0	0	6992	285	40.73454567	-73.99074142	2017	40.75022392	-73.97121414	1
0	0	50177	397	40.68415748	-73.96922273	157	40.69089272	-73.99612349	1
0	0	15856	285	40.73454567	-73.99074142	428	40.72467721	-73.98783413	1
0	0	19975	449	40.76461837	-73.98789473	448	40.75660359	-73.9979009	1
0	0	20250	229	40.72743423	-73.99379025	504	40.73221853	-73.98165557	2
0	0	36717	426	40.71754834	-74.01322069	295	40.71406667	-73.99293911	1
0	0	35043	383	40.735238	-74.000271	295	40.71406667	-73.99293911	1
0	0	33844	435	40.74173969	-73.99415556	382	40.73492695	-73.99200509	1
0	0	18799	490	40.751551	-73.993934	251	40.72317958	-73.99480012	2
0	0	33851	280	40.73331967	-73.99510132	411	40.72228087	-73.97668709	1
0	0	8166	280	40.73331967	-73.99510132	293	40.73028666	-73.9907647	1
0	0	10392	546	40.74444921	-73.98303529	524	40.75527307	-73.98316936	1
0	0	14525	280	40.73331967	-73.99510132	438	40.72779126	-73.98564945	1
0	0	49047	430	40.7014851	-73.98656928	262	40.69178232	-73.97372989	1
0	0	50653	312	40.722055	-73.989111	511	40.72938685	-73.97772429	1
0	0	35165	336	40.73047747	-73.99906065	336	40.73047747	-73.99906065	1
0	0	58783	369	40.73224119	-74.00026394	311	40.7172274	-73.98802084	1
0	0	8000	293	40.73028666	-73.9907647	368	40.73038599	-74.00214988	1
0	0	23407	331	40.71173107	-73.99193043	311	40.7172274	-73.98802084	1
0	0	8889	459	40.746745	-74.007756	382	40.73492695	-73.99200509	1
0	0	34496	460	40.71285887	-73.96590294	460	40.71285887	-73.96590294	1
0	0	55192	503	40.73827428	-73.98751968	531	40.71893904	-73.99266288	1
0	0	14733	280	40.73331967	-73.99510132	236	40.7284186	-73.98713956	1
0	0	61705	247	40.73535398	-74.00483091	261	40.69474881	-73.98362464	1
0	0	11526	428	40.72467721	-73.98783413	401	40.72019576	-73.98997825	1
0	0	23661	499	40.76915505	-73.98191841	423	40.76584941	-73.98690506	1
0	0	23202	324	40.689888	-73.981013	354	40.69363137	-73.96223558	1
0	0	4325	528	40.74290902	-73.97706058	477	40.75640548	-73.9900262	1
0	0	5957	490	40.751551	-73.993934	450	40.76227205	-73.98788205	1
0	0	50628	518	40.74780373	-73.9734419	428	40.72467721	-73.98783413	1
0	0	10730	459	40.746745	-74.007756	515	40.76009437	-73.99461843	1
0	0	12562	465	40.75513557	-73.98658032	167	40.7489006	-73.97604882	1
0	0	15017	228	40.7546011026	-73.971878855	464	40.75934501	-73.96759673	1
0	0	58964	369	40.73224119	-74.00026394	167	40.7489006	-73.97604882	1
0	0	6576	507	40.73912601	-73.97973776	518	40.74780373	-73.9734419	1
0	0	30031	457	40.76695317	-73.98169333	529	40.7575699	-73.99098507	1
0	0	17228	391	40.69760127	-73.99344559	406	40.69512845	-73.99595065	1
0	0	26294	475	40.73524276	-73.98758561	546	40.74444921	-73.98303529	1
0	0	8535	394	40.72521311	-73.97768752	445	40.72740794	-73.98142006	1
0	0	54168	516	40.75206862	-73.96784384	174	40.7381765	-73.97738662	1
0	0	37581	252	40.73226398	-73.99852205	545	40.736502	-73.97809472	1
0	0	47458	369	40.73224119	-74.00026394	367	40.75828065	-73.97069431	1
0	0	35092	334	40.74238787	-73.99726235	546	40.74444921	-73.98303529	1
0	0	38561	529	40.7575699	-73.99098507	440	40.75255434	-73.97282625	2
0	0	61706	252	40.73226398	-73.99852205	174	40.7381765	-73.97738662	1
0	0	13166	467	40.68312489	-73.97895137	310	40.68926942	-73.98912867	1
0	0	26809	445	40.72740794	-73.98142006	350	40.71559509	-73.9870295	1
0	0	2593	254	40.73532427	-73.99800419	504	40.73221853	-73.98165557	1
0	0	23962	438	40.72779126	-73.98564945	326	40.72953837	-73.98426726	1
0	0	2686	348	40.72490985	-74.00154702	482	40.73935542	-73.99931783	1
0	0	23848	438	40.72779126	-73.98564945	252	40.73226398	-73.99852205	1
0	0	8898	323	40.69236178	-73.98631746	161	40.72917025	-73.99810231	1
0	0	10506	347	40.72873888	-74.00748842	276	40.71748752	-74.0104554	1
0	0	18536	399	40.68851534	-73.9647628	258	40.68940747	-73.96885458	1
0	0	37704	297	40.734232	-73.986923	463	40.74206539	-74.00443172	2
0	0	44890	483	40.73223272	-73.98889957	512	40.7500727	-73.99839279	1
0	0	31783	285	40.73454567	-73.99074142	450	40.76227205	-73.98788205	1
0	0	1200	490	40.751551	-73.993934	447	40.76370739	-73.9851615	1
0	0	36776	72	40.76727216	-73.99392888	346	40.73652889	-74.00618026	1
0	0	44806	284	40.7390169121	-74.0026376103	438	40.72779126	-73.98564945	1
0	0	31505	252	40.73226398	-73.99852205	236	40.7284186	-73.98713956	1
0	0	19633	459	40.746745	-74.007756	361	40.71605866	-73.99190759	1
0	0	7331	458	40.751396	-74.005226	116	40.74177603	-74.00149746	1
0	0	20441	380	40.73401143	-74.00293877	251	40.72317958	-73.99480012	1
0	0	60282	358	40.73291553	-74.00711384	489	40.75066386	-74.00176802	1
0	0	6012	404	40.7405826	-74.00550867	427	40.70251526	-74.01427023	1
0	0	24685	512	40.7500727	-73.99839279	474	40.7451677	-73.98683077	1
0	0	45505	364	40.68900443	-73.96023854	399	40.68851534	-73.9647628	1
0	0	46235	293	40.73028666	-73.9907647	465	40.75513557	-73.98658032	1
0	0	14518	462	40.74691959	-74.00451887	463	40.74206539	-74.00443172	1
0	0	52779	405	40.739323	-74.008119	335	40.72903917	-73.99404649	1
0	0	21921	416	40.68753406	-73.97265183	258	40.68940747	-73.96885458	1
0	0	16960	511	40.72938685	-73.97772429	511	40.72938685	-73.97772429	2
0	0	25434	511	40.72938685	-73.97772429	285	40.73454567	-73.99074142	1
0	0	61707	410	40.72066442	-73.98517977	241	40.68981035	-73.97493121	1
0	0	49642	331	40.71173107	-73.99193043	223	40.73781509	-73.99994661	1
0	0	2856	326	40.72953837	-73.98426726	128	40.72710258	-74.00297088	1
0	0	9164	499	40.76915505	-73.98191841	499	40.76915505	-73.98191841	3
0	0	28299	296	40.71413089	-73.9970468	329	40.72043411	-74.01020609	1
0	0	10121	326	40.72953837	-73.98426726	284	40.7390169121	-74.0026376103	1
0	0	27406	265	40.72229346	-73.99147535	2009	40.71117444	-73.99682619	2
0	0	42606	394	40.72521311	-73.97768752	511	40.72938685	-73.97772429	1
0	0	37731	432	40.72621788	-73.98379855	446	40.74487634	-73.99529885	1
0	0	6820	387	40.71273266	-74.0046073	319	40.71336124	-74.00937622	1
0	0	50282	305	40.76095756	-73.96724467	447	40.76370739	-73.9851615	1
0	0	47093	432	40.72621788	-73.98379855	476	40.74394314	-73.97966069	1
0	0	3562	285	40.73454567	-73.99074142	116	40.74177603	-74.00149746	1
0	0	14795	380	40.73401143	-74.00293877	438	40.72779126	-73.98564945	3
0	0	25506	223	40.73781509	-73.99994661	487	40.73314259	-73.97573881	1
0	0	30899	442	40.746647	-73.993915	2021	40.75929124	-73.98859651	1
0	0	2838	499	40.76915505	-73.98191841	448	40.75660359	-73.9979009	1
0	0	51276	504	40.73221853	-73.98165557	369	40.73224119	-74.00026394	1
0	0	41520	540	40.74147286	-73.98320928	445	40.72740794	-73.98142006	1
0	0	16635	540	40.74147286	-73.98320928	517	40.75149263	-73.97798848	1
0	0	14759	444	40.7423543	-73.98915076	494	40.74734825	-73.99723551	1
0	0	19586	503	40.73827428	-73.98751968	143	40.69239502	-73.99337909	1
0	0	5964	435	40.74173969	-73.99415556	540	40.74147286	-73.98320928	1
0	0	61708	251	40.72317958	-73.99480012	260	40.70365182	-74.01167797	1
0	0	1927	504	40.73221853	-73.98165557	518	40.74780373	-73.9734419	2
0	0	35902	297	40.734232	-73.986923	528	40.74290902	-73.97706058	1
0	0	42337	369	40.73224119	-74.00026394	459	40.746745	-74.007756	1
0	0	48379	531	40.71893904	-73.99266288	481	40.71260486	-73.96264403	1
0	0	20756	369	40.73224119	-74.00026394	466	40.74395411	-73.99144871	1
0	0	30161	472	40.7457121	-73.98194829	385	40.75797322	-73.96603308	1
0	0	34617	128	40.72710258	-74.00297088	267	40.75097711	-73.98765428	1
0	0	20298	537	40.74025878	-73.98409214	444	40.7423543	-73.98915076	1
0	0	26883	116	40.74177603	-74.00149746	508	40.76341379	-73.99667444	1
0	0	32772	258	40.68940747	-73.96885458	353	40.68539567	-73.97431458	1
0	0	19545	494	40.74734825	-73.99723551	479	40.76019252	-73.9912551	1
0	0	28639	462	40.74691959	-74.00451887	294	40.73049393	-73.9957214	1
0	0	10373	462	40.74691959	-74.00451887	284	40.7390169121	-74.0026376103	1
0	0	51933	463	40.74206539	-74.00443172	304	40.70463334	-74.01361706	1
0	0	61709	508	40.76341379	-73.99667444	361	40.71605866	-73.99190759	1
0	0	20918	271	40.68528172	-73.97805813	416	40.68753406	-73.97265183	1
0	0	36794	494	40.74734825	-73.99723551	472	40.7457121	-73.98194829	2
0	0	42335	237	40.73047309	-73.98672378	334	40.74238787	-73.99726235	1
0	0	6910	442	40.746647	-73.993915	116	40.74177603	-74.00149746	1
0	0	35363	280	40.73331967	-73.99510132	284	40.7390169121	-74.0026376103	1
0	0	10238	510	40.7606597	-73.98042047	510	40.7606597	-73.98042047	1
0	0	9072	462	40.74691959	-74.00451887	383	40.735238	-74.000271	1
0	0	368	2021	40.75929124	-73.98859651	525	40.75594159	-74.0021163	1
0	0	28504	336	40.73047747	-73.99906065	328	40.72405549	-74.00965965	1
0	0	18659	482	40.73935542	-73.99931783	442	40.746647	-73.993915	1
0	0	23980	428	40.72467721	-73.98783413	290	40.76020258	-73.96478473	1
0	0	27840	524	40.75527307	-73.98316936	237	40.73047309	-73.98672378	1
0	0	10341	2003	40.73416059	-73.98024289	487	40.73314259	-73.97573881	1
0	0	14087	428	40.72467721	-73.98783413	297	40.734232	-73.986923	2
0	0	11848	380	40.73401143	-74.00293877	294	40.73049393	-73.9957214	1
0	0	3912	223	40.73781509	-73.99994661	483	40.73223272	-73.98889957	1
