0	5	57127	427	40.70251526	-74.01427023	295	40.71406667	-73.99293911	1
0	5	45879	380	40.73401143	-74.00293877	532	40.710451	-73.960876	1
0	5	57128	375	40.72679454	-73.99695094	493	40.7568001	-73.98291153	1
0	5	57129	483	40.73223272	-73.98889957	195	40.70905623	-74.01043382	1
0	5	19908	505	40.74901271	-73.98848395	284	40.7390169121	-74.0026376103	1
0	5	1197	502	40.714215	-73.981346	161	40.72917025	-73.99810231	1
0	5	37812	303	40.72362738	-73.99949601	526	40.74765947	-73.98490707	1
0	5	5708	236	40.7284186	-73.98713956	173	40.76064679	-73.98442659	1
0	5	530	490	40.751551	-73.993934	478	40.76030096	-73.99884222	1
0	5	4395	504	40.73221853	-73.98165557	469	40.76344058	-73.98268129	1
0	5	47254	342	40.71739973	-73.98016555	478	40.76030096	-73.99884222	1
0	5	2790	496	40.73726186	-73.99238967	474	40.7451677	-73.98683077	1
0	5	761	502	40.714215	-73.981346	311	40.7172274	-73.98802084	1
0	5	537	2021	40.75929124	-73.98859651	499	40.76915505	-73.98191841	1
0	5	5450	243	40.687979	-73.978474	281	40.7643971	-73.97371465	1
0	5	24198	511	40.72938685	-73.97772429	525	40.75594159	-74.0021163	1
0	5	24197	312	40.722055	-73.989111	295	40.71406667	-73.99293911	1
0	5	12908	466	40.74395411	-73.99144871	325	40.73624527	-73.98473765	1
0	5	548	477	40.75640548	-73.9900262	305	40.76095756	-73.96724467	1
0	5	7316	2006	40.76590936	-73.97634151	305	40.76095756	-73.96724467	1
0	5	580	363	40.70834698	-74.01713445	327	40.7153379	-74.01658354	1
0	5	10794	281	40.7643971	-73.97371465	457	40.76695317	-73.98169333	1
0	5	28678	405	40.739323	-74.008119	466	40.74395411	-73.99144871	1
0	5	40345	479	40.76019252	-73.9912551	116	40.74177603	-74.00149746	1
0	5	26844	373	40.69331716	-73.95381995	323	40.69236178	-73.98631746	1
0	5	914	478	40.76030096	-73.99884222	212	40.74334935	-74.00681753	1
0	5	3612	2003	40.73416059	-73.98024289	524	40.75527307	-73.98316936	1
0	5	25546	417	40.71291224	-74.01020234	417	40.71291224	-74.01020234	1
0	5	15546	428	40.72467721	-73.98783413	358	40.73291553	-74.00711384	1
0	5	28862	468	40.7652654	-73.98192338	522	40.75714758	-73.97207836	1
0	5	31348	446	40.74487634	-73.99529885	329	40.72043411	-74.01020609	1
0	5	20433	480	40.76669671	-73.99061728	440	40.75255434	-73.97282625	1
0	5	41235	362	40.75172632	-73.98753523	334	40.74238787	-73.99726235	1
0	5	55413	419	40.69580705	-73.97355569	402	40.7403432	-73.98955109	1
0	5	5046	375	40.72679454	-73.99695094	2004	40.724399	-74.004704	1
0	5	69	529	40.7575699	-73.99098507	478	40.76030096	-73.99884222	2
0	5	56075	296	40.71413089	-73.9970468	266	40.72368361	-73.97574813	1
0	5	3706	376	40.70862144	-74.00722156	309	40.7149787	-74.013012	1
0	5	24219	421	40.69573398	-73.97129668	271	40.68528172	-73.97805813	1
0	5	554	355	40.71602118	-73.99974372	329	40.72043411	-74.01020609	1
0	5	14133	438	40.72779126	-73.98564945	459	40.746745	-74.007756	1
0	5	29531	531	40.71893904	-73.99266288	311	40.7172274	-73.98802084	1
0	5	1854	325	40.73624527	-73.98473765	519	40.75188406	-73.97770164	1
0	5	18520	485	40.75038009	-73.98338988	459	40.746745	-74.007756	1
0	5	10061	358	40.73291553	-74.00711384	369	40.73224119	-74.00026394	1
0	5	26470	515	40.76009437	-73.99461843	524	40.75527307	-73.98316936	1
0	5	11994	511	40.72938685	-73.97772429	297	40.734232	-73.986923	1
0	5	581	128	40.72710258	-74.00297088	229	40.72743423	-73.99379025	1
0	5	24255	280	40.73331967	-73.99510132	72	40.76727216	-73.99392888	1
0	5	28582	520	40.75992262	-73.97648516	519	40.75188406	-73.97770164	1
0	5	4848	329	40.72043411	-74.01020609	459	40.746745	-74.007756	1
0	5	2143	223	40.73781509	-73.99994661	327	40.7153379	-74.01658354	1
0	5	21579	499	40.76915505	-73.98191841	469	40.76344058	-73.98268129	2
0	5	8244	320	40.71743998	-74.00583475	152	40.71473993	-74.00910627	1
0	5	10316	161	40.72917025	-73.99810231	323	40.69236178	-73.98631746	1
0	5	36399	459	40.746745	-74.007756	2000	40.70255088	-73.98940236	1
0	5	23740	439	40.7262807	-73.98978041	536	40.74144387	-73.97536082	1
0	5	26374	328	40.72405549	-74.00965965	329	40.72043411	-74.01020609	1
0	5	24215	160	40.748238	-73.978311	486	40.7462009	-73.98855723	1
0	5	15058	476	40.74394314	-73.97966069	492	40.75019995	-73.99093085	1
0	5	16768	507	40.73912601	-73.97973776	293	40.73028666	-73.9907647	1
0	5	679	477	40.75640548	-73.9900262	510	40.7606597	-73.98042047	2
0	5	585	485	40.75038009	-73.98338988	499	40.76915505	-73.98191841	1
0	5	15094	508	40.76341379	-73.99667444	358	40.73291553	-74.00711384	1
0	5	57131	82	40.71117416	-74.00016545	435	40.74173969	-73.99415556	1
0	5	590	427	40.70251526	-74.01427023	463	40.74206539	-74.00443172	1
0	5	726	405	40.739323	-74.008119	327	40.7153379	-74.01658354	1
0	5	579	394	40.72521311	-73.97768752	527	40.74315566	-73.97434726	1
0	5	26080	521	40.75044999	-73.99481051	225	40.74195138	-74.00803013	1
0	5	6722	347	40.72873888	-74.00748842	457	40.76695317	-73.98169333	1
0	5	3945	465	40.75513557	-73.98658032	519	40.75188406	-73.97770164	1
0	5	42100	308	40.71307916	-73.99851193	497	40.73704984	-73.99009296	1
0	5	1232	405	40.739323	-74.008119	284	40.7390169121	-74.0026376103	1
0	5	1008	521	40.75044999	-73.99481051	458	40.751396	-74.005226	1
0	5	1352	316	40.70955958	-74.00653609	309	40.7149787	-74.013012	1
0	5	9613	254	40.73532427	-73.99800419	485	40.75038009	-73.98338988	1
0	5	618	521	40.75044999	-73.99481051	462	40.74691959	-74.00451887	1
0	5	52587	290	40.76020258	-73.96478473	419	40.69580705	-73.97355569	1
0	5	4715	496	40.73726186	-73.99238967	459	40.746745	-74.007756	1
0	5	4831	490	40.751551	-73.993934	469	40.76344058	-73.98268129	1
0	5	49053	328	40.72405549	-74.00965965	326	40.72953837	-73.98426726	1
0	5	11004	485	40.75038009	-73.98338988	474	40.7451677	-73.98683077	1
0	5	834	499	40.76915505	-73.98191841	137	40.761628	-73.972924	1
0	5	24665	433	40.72955361	-73.98057249	518	40.74780373	-73.9734419	1
0	5	57132	265	40.72229346	-73.99147535	319	40.71336124	-74.00937622	1
0	5	41975	128	40.72710258	-74.00297088	243	40.687979	-73.978474	1
0	5	688	482	40.73935542	-73.99931783	435	40.74173969	-73.99415556	1
0	5	17779	300	40.728145	-73.990214	393	40.72299208	-73.97995466	1
0	5	41322	498	40.74854862	-73.98808416	336	40.73047747	-73.99906065	1
0	5	4204	529	40.7575699	-73.99098507	522	40.75714758	-73.97207836	1
0	5	34677	529	40.7575699	-73.99098507	489	40.75066386	-74.00176802	1
0	5	24224	436	40.68216564	-73.95399026	298	40.68683208	-73.9796772	1
0	5	27162	461	40.73587678	-73.98205027	402	40.7403432	-73.98955109	1
0	5	1800	477	40.75640548	-73.9900262	281	40.7643971	-73.97371465	1
0	5	13853	527	40.74315566	-73.97434726	492	40.75019995	-73.99093085	1
0	5	42099	410	40.72066442	-73.98517977	482	40.73935542	-73.99931783	1
0	5	11828	247	40.73535398	-74.00483091	347	40.72873888	-74.00748842	2
0	5	30104	297	40.734232	-73.986923	347	40.72873888	-74.00748842	1
0	5	612	477	40.75640548	-73.9900262	546	40.74444921	-73.98303529	2
0	5	794	492	40.75019995	-73.99093085	527	40.74315566	-73.97434726	1
0	5	24246	435	40.74173969	-73.99415556	520	40.75992262	-73.97648516	1
0	5	622	477	40.75640548	-73.9900262	137	40.761628	-73.972924	1
0	5	45353	350	40.71559509	-73.9870295	456	40.7597108	-73.97402311	1
0	5	613	488	40.75645824	-73.99372222	458	40.751396	-74.005226	2
0	5	14556	457	40.76695317	-73.98169333	469	40.76344058	-73.98268129	1
0	5	36137	477	40.75640548	-73.9900262	516	40.75206862	-73.96784384	1
0	5	745	301	40.72217444	-73.98368779	375	40.72679454	-73.99695094	1
0	5	957	116	40.74177603	-74.00149746	212	40.74334935	-74.00681753	1
0	5	20952	476	40.74394314	-73.97966069	439	40.7262807	-73.98978041	1
0	5	57134	474	40.7451677	-73.98683077	161	40.72917025	-73.99810231	1
0	5	41768	301	40.72217444	-73.98368779	319	40.71336124	-74.00937622	1
0	5	23919	459	40.746745	-74.007756	432	40.72621788	-73.98379855	1
0	5	57135	82	40.71117416	-74.00016545	359	40.75510267	-73.97498696	1
0	5	623	2004	40.724399	-74.004704	151	40.7218158	-73.99720307	1
0	5	11894	435	40.74173969	-73.99415556	522	40.75714758	-73.97207836	1
0	5	13851	445	40.72740794	-73.98142006	504	40.73221853	-73.98165557	1
0	5	653	346	40.73652889	-74.00618026	318	40.75320159	-73.9779874	1
0	5	5538	375	40.72679454	-73.99695094	347	40.72873888	-74.00748842	1
0	5	17663	2021	40.75929124	-73.98859651	480	40.76669671	-73.99061728	1
0	5	35764	492	40.75019995	-73.99093085	2012	40.739445	-73.976806	1
0	5	33917	468	40.7652654	-73.98192338	433	40.72955361	-73.98057249	1
0	5	24218	454	40.75455731	-73.96592976	533	40.75299641	-73.98721619	1
0	5	35214	432	40.72621788	-73.98379855	485	40.75038009	-73.98338988	1
0	5	13258	146	40.71625008	-74.0091059	329	40.72043411	-74.01020609	1
0	5	3395	545	40.736502	-73.97809472	492	40.75019995	-73.99093085	1
0	5	23651	307	40.71427487	-73.98990025	473	40.72110063	-73.9919254	1
0	5	16816	521	40.75044999	-73.99481051	285	40.73454567	-73.99074142	1
0	5	64	306	40.70823502	-74.00530063	534	40.70255065	-74.0127234	1
0	5	593	492	40.75019995	-73.99093085	153	40.752062307	-73.9816324043	1
0	5	5675	540	40.74147286	-73.98320928	462	40.74691959	-74.00451887	1
0	5	57136	440	40.75255434	-73.97282625	319	40.71336124	-74.00937622	1
0	5	42356	504	40.73221853	-73.98165557	228	40.7546011026	-73.971878855	1
0	5	35153	518	40.74780373	-73.9734419	281	40.7643971	-73.97371465	1
0	5	31760	391	40.69760127	-73.99344559	430	40.7014851	-73.98656928	1
0	5	2488	518	40.74780373	-73.9734419	519	40.75188406	-73.97770164	1
0	5	645	360	40.70717936	-74.00887308	417	40.71291224	-74.01020234	1
0	5	636	307	40.71427487	-73.98990025	341	40.71782143	-73.97628939	1
0	5	1202	317	40.72453734	-73.98185424	2012	40.739445	-73.976806	1
0	5	6621	492	40.75019995	-73.99093085	493	40.7568001	-73.98291153	1
0	5	6122	251	40.72317958	-73.99480012	426	40.71754834	-74.01322069	1
0	5	686	529	40.7575699	-73.99098507	305	40.76095756	-73.96724467	1
0	5	1493	472	40.7457121	-73.98194829	527	40.74315566	-73.97434726	2
0	5	633	290	40.76020258	-73.96478473	522	40.75714758	-73.97207836	1
0	5	24220	402	40.7403432	-73.98955109	212	40.74334935	-74.00681753	1
0	5	663	379	40.749156	-73.9916	359	40.75510267	-73.97498696	1
0	5	666	519	40.75188406	-73.97770164	546	40.74444921	-73.98303529	1
0	5	791	358	40.73291553	-74.00711384	2004	40.724399	-74.004704	1
0	5	4556	406	40.69512845	-73.99595065	143	40.69239502	-73.99337909	1
0	5	23566	368	40.73038599	-74.00214988	486	40.7462009	-73.98855723	1
0	5	6403	305	40.76095756	-73.96724467	457	40.76695317	-73.98169333	1
0	5	1261	380	40.73401143	-74.00293877	212	40.74334935	-74.00681753	1
0	5	21979	369	40.73224119	-74.00026394	229	40.72743423	-73.99379025	1
0	5	20756	369	40.73224119	-74.00026394	466	40.74395411	-73.99144871	1
0	5	1041	477	40.75640548	-73.9900262	318	40.75320159	-73.9779874	1
0	5	649	327	40.7153379	-74.01658354	329	40.72043411	-74.01020609	1
0	5	10543	349	40.71850211	-73.98329859	307	40.71427487	-73.98990025	1
0	5	700	527	40.74315566	-73.97434726	485	40.75038009	-73.98338988	1
0	5	24230	247	40.73535398	-74.00483091	537	40.74025878	-73.98409214	1
0	5	46307	495	40.76269882	-73.99301222	507	40.73912601	-73.97973776	1
0	5	1528	318	40.75320159	-73.9779874	137	40.761628	-73.972924	1
0	5	707	462	40.74691959	-74.00451887	521	40.75044999	-73.99481051	2
0	5	701	275	40.68650065	-73.96563307	243	40.687979	-73.978474	1
0	5	19909	223	40.73781509	-73.99994661	505	40.74901271	-73.98848395	1
0	5	1530	479	40.76019252	-73.9912551	484	40.75500254	-73.98014437	1
0	5	722	318	40.75320159	-73.9779874	173	40.76064679	-73.98442659	1
0	5	639	368	40.73038599	-74.00214988	383	40.735238	-74.000271	1
0	5	3475	244	40.69196035	-73.96536851	324	40.689888	-73.981013	1
0	5	20225	326	40.72953837	-73.98426726	461	40.73587678	-73.98205027	1
0	5	902	453	40.74475148	-73.99915362	83	40.68382604	-73.97632328	1
0	5	739	359	40.75510267	-73.97498696	510	40.7606597	-73.98042047	1
0	5	4048	450	40.76227205	-73.98788205	457	40.76695317	-73.98169333	1
0	5	2144	363	40.70834698	-74.01713445	3002	40.711512	-74.015756	1
0	5	16610	312	40.722055	-73.989111	450	40.76227205	-73.98788205	1
0	5	5450	243	40.687979	-73.978474	281	40.7643971	-73.97371465	1
0	5	24198	511	40.72938685	-73.97772429	525	40.75594159	-74.0021163	1
0	5	24197	312	40.722055	-73.989111	295	40.71406667	-73.99293911	1
0	5	12908	466	40.74395411	-73.99144871	325	40.73624527	-73.98473765	1
0	5	548	477	40.75640548	-73.9900262	305	40.76095756	-73.96724467	1
0	5	7316	2006	40.76590936	-73.97634151	305	40.76095756	-73.96724467	1
0	5	580	363	40.70834698	-74.01713445	327	40.7153379	-74.01658354	2
0	5	10794	281	40.7643971	-73.97371465	457	40.76695317	-73.98169333	1
0	5	28678	405	40.739323	-74.008119	466	40.74395411	-73.99144871	1
0	5	40345	479	40.76019252	-73.9912551	116	40.74177603	-74.00149746	1
0	5	26844	373	40.69331716	-73.95381995	323	40.69236178	-73.98631746	1
0	5	914	478	40.76030096	-73.99884222	212	40.74334935	-74.00681753	1
0	5	3612	2003	40.73416059	-73.98024289	524	40.75527307	-73.98316936	1
0	5	25546	417	40.71291224	-74.01020234	417	40.71291224	-74.01020234	1
0	5	15546	428	40.72467721	-73.98783413	358	40.73291553	-74.00711384	1
0	5	28862	468	40.7652654	-73.98192338	522	40.75714758	-73.97207836	1
0	5	31348	446	40.74487634	-73.99529885	329	40.72043411	-74.01020609	1
0	5	20433	480	40.76669671	-73.99061728	440	40.75255434	-73.97282625	1
0	5	41235	362	40.75172632	-73.98753523	334	40.74238787	-73.99726235	1
0	5	55413	419	40.69580705	-73.97355569	402	40.7403432	-73.98955109	1
0	5	5046	375	40.72679454	-73.99695094	2004	40.724399	-74.004704	1
0	5	69	529	40.7575699	-73.99098507	478	40.76030096	-73.99884222	2
0	5	56075	296	40.71413089	-73.9970468	266	40.72368361	-73.97574813	1
0	5	3706	376	40.70862144	-74.00722156	309	40.7149787	-74.013012	1
0	5	24219	421	40.69573398	-73.97129668	271	40.68528172	-73.97805813	1
0	5	554	355	40.71602118	-73.99974372	329	40.72043411	-74.01020609	1
0	5	14133	438	40.72779126	-73.98564945	459	40.746745	-74.007756	1
0	5	29531	531	40.71893904	-73.99266288	311	40.7172274	-73.98802084	1
0	5	1854	325	40.73624527	-73.98473765	519	40.75188406	-73.97770164	1
0	5	18520	485	40.75038009	-73.98338988	459	40.746745	-74.007756	1
0	5	10061	358	40.73291553	-74.00711384	369	40.73224119	-74.00026394	1
0	5	26470	515	40.76009437	-73.99461843	524	40.75527307	-73.98316936	1
0	5	11994	511	40.72938685	-73.97772429	297	40.734232	-73.986923	1
0	5	581	128	40.72710258	-74.00297088	229	40.72743423	-73.99379025	1
0	5	24255	280	40.73331967	-73.99510132	72	40.76727216	-73.99392888	1
0	5	28582	520	40.75992262	-73.97648516	519	40.75188406	-73.97770164	1
0	5	4848	329	40.72043411	-74.01020609	459	40.746745	-74.007756	1
0	5	2143	223	40.73781509	-73.99994661	327	40.7153379	-74.01658354	1
0	5	21579	499	40.76915505	-73.98191841	469	40.76344058	-73.98268129	2
0	5	8244	320	40.71743998	-74.00583475	152	40.71473993	-74.00910627	1
0	5	10316	161	40.72917025	-73.99810231	323	40.69236178	-73.98631746	1
0	5	36399	459	40.746745	-74.007756	2000	40.70255088	-73.98940236	1
0	5	23740	439	40.7262807	-73.98978041	536	40.74144387	-73.97536082	1
0	5	26374	328	40.72405549	-74.00965965	329	40.72043411	-74.01020609	1
0	5	574	376	40.70862144	-74.00722156	514	40.76087502	-74.00277668	1
0	5	24215	160	40.748238	-73.978311	486	40.7462009	-73.98855723	1
0	5	15058	476	40.74394314	-73.97966069	492	40.75019995	-73.99093085	1
0	5	16768	507	40.73912601	-73.97973776	293	40.73028666	-73.9907647	1
0	5	679	477	40.75640548	-73.9900262	510	40.7606597	-73.98042047	2
0	5	585	485	40.75038009	-73.98338988	499	40.76915505	-73.98191841	1
0	5	15094	508	40.76341379	-73.99667444	358	40.73291553	-74.00711384	1
0	5	57131	82	40.71117416	-74.00016545	435	40.74173969	-73.99415556	1
0	5	590	427	40.70251526	-74.01427023	463	40.74206539	-74.00443172	1
0	5	726	405	40.739323	-74.008119	327	40.7153379	-74.01658354	1
0	5	579	394	40.72521311	-73.97768752	527	40.74315566	-73.97434726	1
0	5	26080	521	40.75044999	-73.99481051	225	40.74195138	-74.00803013	1
0	5	6722	347	40.72873888	-74.00748842	457	40.76695317	-73.98169333	1
0	5	3945	465	40.75513557	-73.98658032	519	40.75188406	-73.97770164	1
0	5	42100	308	40.71307916	-73.99851193	497	40.73704984	-73.99009296	1
0	5	1232	405	40.739323	-74.008119	284	40.7390169121	-74.0026376103	1
0	5	1008	521	40.75044999	-73.99481051	458	40.751396	-74.005226	1
0	5	1352	316	40.70955958	-74.00653609	309	40.7149787	-74.013012	1
0	5	9613	254	40.73532427	-73.99800419	485	40.75038009	-73.98338988	1
0	5	618	521	40.75044999	-73.99481051	462	40.74691959	-74.00451887	1
0	5	52587	290	40.76020258	-73.96478473	419	40.69580705	-73.97355569	1
0	5	4715	496	40.73726186	-73.99238967	459	40.746745	-74.007756	1
0	5	4831	490	40.751551	-73.993934	469	40.76344058	-73.98268129	1
0	5	49053	328	40.72405549	-74.00965965	326	40.72953837	-73.98426726	1
0	5	11004	485	40.75038009	-73.98338988	474	40.7451677	-73.98683077	1
0	5	834	499	40.76915505	-73.98191841	137	40.761628	-73.972924	1
0	5	24665	433	40.72955361	-73.98057249	518	40.74780373	-73.9734419	1
0	5	57132	265	40.72229346	-73.99147535	319	40.71336124	-74.00937622	1
0	5	41975	128	40.72710258	-74.00297088	243	40.687979	-73.978474	1
0	5	688	482	40.73935542	-73.99931783	435	40.74173969	-73.99415556	1
0	5	17779	300	40.728145	-73.990214	393	40.72299208	-73.97995466	1
0	5	41322	498	40.74854862	-73.98808416	336	40.73047747	-73.99906065	1
0	5	4204	529	40.7575699	-73.99098507	522	40.75714758	-73.97207836	1
0	5	34677	529	40.7575699	-73.99098507	489	40.75066386	-74.00176802	1
0	5	24224	436	40.68216564	-73.95399026	298	40.68683208	-73.9796772	1
0	5	27162	461	40.73587678	-73.98205027	402	40.7403432	-73.98955109	1
0	5	1800	477	40.75640548	-73.9900262	281	40.7643971	-73.97371465	1
0	5	13853	527	40.74315566	-73.97434726	492	40.75019995	-73.99093085	1
0	5	42099	410	40.72066442	-73.98517977	482	40.73935542	-73.99931783	1
0	5	11828	247	40.73535398	-74.00483091	347	40.72873888	-74.00748842	2
0	5	57133	468	40.7652654	-73.98192338	355	40.71602118	-73.99974372	1
0	5	30104	297	40.734232	-73.986923	347	40.72873888	-74.00748842	1
0	5	612	477	40.75640548	-73.9900262	546	40.74444921	-73.98303529	2
0	5	794	492	40.75019995	-73.99093085	527	40.74315566	-73.97434726	3
0	5	24246	435	40.74173969	-73.99415556	520	40.75992262	-73.97648516	1
0	5	622	477	40.75640548	-73.9900262	137	40.761628	-73.972924	1
0	5	45353	350	40.71559509	-73.9870295	456	40.7597108	-73.97402311	1
0	5	613	488	40.75645824	-73.99372222	458	40.751396	-74.005226	2
0	5	14556	457	40.76695317	-73.98169333	469	40.76344058	-73.98268129	1
0	5	36137	477	40.75640548	-73.9900262	516	40.75206862	-73.96784384	1
0	5	745	301	40.72217444	-73.98368779	375	40.72679454	-73.99695094	1
0	5	957	116	40.74177603	-74.00149746	212	40.74334935	-74.00681753	1
0	5	20952	476	40.74394314	-73.97966069	439	40.7262807	-73.98978041	1
0	5	57134	474	40.7451677	-73.98683077	161	40.72917025	-73.99810231	1
0	5	41768	301	40.72217444	-73.98368779	319	40.71336124	-74.00937622	1
0	5	23919	459	40.746745	-74.007756	432	40.72621788	-73.98379855	1
0	5	57135	82	40.71117416	-74.00016545	359	40.75510267	-73.97498696	1
0	5	623	2004	40.724399	-74.004704	151	40.7218158	-73.99720307	1
0	5	11894	435	40.74173969	-73.99415556	522	40.75714758	-73.97207836	1
0	5	13851	445	40.72740794	-73.98142006	504	40.73221853	-73.98165557	1
0	5	653	346	40.73652889	-74.00618026	318	40.75320159	-73.9779874	1
0	5	5538	375	40.72679454	-73.99695094	347	40.72873888	-74.00748842	1
0	5	17663	2021	40.75929124	-73.98859651	480	40.76669671	-73.99061728	1
0	5	35764	492	40.75019995	-73.99093085	2012	40.739445	-73.976806	1
0	5	33917	468	40.7652654	-73.98192338	433	40.72955361	-73.98057249	1
0	5	24218	454	40.75455731	-73.96592976	533	40.75299641	-73.98721619	1
0	5	35214	432	40.72621788	-73.98379855	485	40.75038009	-73.98338988	1
0	5	13258	146	40.71625008	-74.0091059	329	40.72043411	-74.01020609	1
0	5	3395	545	40.736502	-73.97809472	492	40.75019995	-73.99093085	1
0	5	23651	307	40.71427487	-73.98990025	473	40.72110063	-73.9919254	1
0	5	16816	521	40.75044999	-73.99481051	285	40.73454567	-73.99074142	1
0	5	64	306	40.70823502	-74.00530063	534	40.70255065	-74.0127234	1
0	5	593	492	40.75019995	-73.99093085	153	40.752062307	-73.9816324043	1
0	5	5675	540	40.74147286	-73.98320928	462	40.74691959	-74.00451887	1
0	5	57136	440	40.75255434	-73.97282625	319	40.71336124	-74.00937622	1
0	5	42356	504	40.73221853	-73.98165557	228	40.7546011026	-73.971878855	1
0	5	35153	518	40.74780373	-73.9734419	281	40.7643971	-73.97371465	1
0	5	31760	391	40.69760127	-73.99344559	430	40.7014851	-73.98656928	1
0	5	2488	518	40.74780373	-73.9734419	519	40.75188406	-73.97770164	1
0	5	645	360	40.70717936	-74.00887308	417	40.71291224	-74.01020234	1
0	5	636	307	40.71427487	-73.98990025	341	40.71782143	-73.97628939	1
0	5	1202	317	40.72453734	-73.98185424	2012	40.739445	-73.976806	1
0	5	503	477	40.75640548	-73.9900262	519	40.75188406	-73.97770164	1
0	5	611	300	40.728145	-73.990214	173	40.76064679	-73.98442659	1
0	5	6621	492	40.75019995	-73.99093085	493	40.7568001	-73.98291153	1
0	5	6122	251	40.72317958	-73.99480012	426	40.71754834	-74.01322069	1
0	5	686	529	40.7575699	-73.99098507	305	40.76095756	-73.96724467	1
0	5	1493	472	40.7457121	-73.98194829	527	40.74315566	-73.97434726	2
0	5	633	290	40.76020258	-73.96478473	522	40.75714758	-73.97207836	1
0	5	24220	402	40.7403432	-73.98955109	212	40.74334935	-74.00681753	1
0	5	671	229	40.72743423	-73.99379025	493	40.7568001	-73.98291153	1
0	5	663	379	40.749156	-73.9916	359	40.75510267	-73.97498696	1
0	5	666	519	40.75188406	-73.97770164	546	40.74444921	-73.98303529	1
0	5	791	358	40.73291553	-74.00711384	2004	40.724399	-74.004704	1
0	5	4556	406	40.69512845	-73.99595065	143	40.69239502	-73.99337909	1
0	5	23566	368	40.73038599	-74.00214988	486	40.7462009	-73.98855723	1
0	5	6403	305	40.76095756	-73.96724467	457	40.76695317	-73.98169333	1
0	5	1261	380	40.73401143	-74.00293877	212	40.74334935	-74.00681753	1
0	5	21979	369	40.73224119	-74.00026394	229	40.72743423	-73.99379025	1
0	5	20756	369	40.73224119	-74.00026394	466	40.74395411	-73.99144871	1
0	5	1041	477	40.75640548	-73.9900262	318	40.75320159	-73.9779874	1
0	5	649	327	40.7153379	-74.01658354	329	40.72043411	-74.01020609	1
0	5	1226	318	40.75320159	-73.9779874	405	40.739323	-74.008119	1
0	5	10543	349	40.71850211	-73.98329859	307	40.71427487	-73.98990025	1
0	5	700	527	40.74315566	-73.97434726	485	40.75038009	-73.98338988	1
0	5	24843	518	40.74780373	-73.9734419	522	40.75714758	-73.97207836	1
0	5	24237	358	40.73291553	-74.00711384	363	40.70834698	-74.01713445	1
0	5	24230	247	40.73535398	-74.00483091	537	40.74025878	-73.98409214	1
0	5	9075	410	40.72066442	-73.98517977	318	40.75320159	-73.9779874	1
0	5	57137	289	40.6845683	-73.95881081	262	40.69178232	-73.97372989	1
0	5	23687	152	40.71473993	-74.00910627	459	40.746745	-74.007756	1
0	5	46307	495	40.76269882	-73.99301222	507	40.73912601	-73.97973776	1
0	5	24233	391	40.69760127	-73.99344559	345	40.73649403	-73.99704374	1
0	5	1528	318	40.75320159	-73.9779874	137	40.761628	-73.972924	1
0	5	707	462	40.74691959	-74.00451887	521	40.75044999	-73.99481051	2
0	5	701	275	40.68650065	-73.96563307	243	40.687979	-73.978474	1
0	5	19909	223	40.73781509	-73.99994661	505	40.74901271	-73.98848395	1
0	5	678	433	40.72955361	-73.98057249	223	40.73781509	-73.99994661	1
0	5	1530	479	40.76019252	-73.9912551	484	40.75500254	-73.98014437	1
0	5	722	318	40.75320159	-73.9779874	173	40.76064679	-73.98442659	1
0	5	33850	435	40.74173969	-73.99415556	352	40.76340613	-73.97722479	1
0	5	53127	356	40.71622644	-73.98261206	116	40.74177603	-74.00149746	1
0	5	639	368	40.73038599	-74.00214988	383	40.735238	-74.000271	1
0	5	3475	244	40.69196035	-73.96536851	324	40.689888	-73.981013	1
0	5	20225	326	40.72953837	-73.98426726	461	40.73587678	-73.98205027	1
0	5	2310	327	40.7153379	-74.01658354	534	40.70255065	-74.0127234	1
0	5	902	453	40.74475148	-73.99915362	83	40.68382604	-73.97632328	1
0	5	7529	472	40.7457121	-73.98194829	435	40.74173969	-73.99415556	1
0	5	739	359	40.75510267	-73.97498696	510	40.7606597	-73.98042047	1
0	5	4048	450	40.76227205	-73.98788205	457	40.76695317	-73.98169333	1
0	5	14137	411	40.72228087	-73.97668709	439	40.7262807	-73.98978041	1
0	5	45323	465	40.75513557	-73.98658032	387	40.71273266	-74.0046073	1
0	5	1379	515	40.76009437	-73.99461843	490	40.751551	-73.993934	1
0	5	12414	336	40.73047747	-73.99906065	223	40.73781509	-73.99994661	1
0	5	5766	433	40.72955361	-73.98057249	496	40.73726186	-73.99238967	1
0	5	38971	290	40.76020258	-73.96478473	402	40.7403432	-73.98955109	1
0	5	748	490	40.751551	-73.993934	173	40.76064679	-73.98442659	2
0	5	1118	492	40.75019995	-73.99093085	484	40.75500254	-73.98014437	1
0	5	38753	271	40.68528172	-73.97805813	242	40.69788349	-73.97350332	1
0	5	751	271	40.68528172	-73.97805813	2000	40.70255088	-73.98940236	1
0	5	733	454	40.75455731	-73.96592976	520	40.75992262	-73.97648516	1
0	5	8076	285	40.73454567	-73.99074142	488	40.75645824	-73.99372222	1
0	5	16062	497	40.73704984	-73.99009296	369	40.73224119	-74.00026394	1
0	5	842	477	40.75640548	-73.9900262	352	40.76340613	-73.97722479	2
0	5	2144	363	40.70834698	-74.01713445	3002	40.711512	-74.015756	1
0	5	42113	405	40.739323	-74.008119	415	40.7047177	-74.00926027	1
0	5	850	523	40.75466591	-73.99138152	507	40.73912601	-73.97973776	1
0	5	16610	312	40.722055	-73.989111	450	40.76227205	-73.98788205	1
0	5	4852	490	40.751551	-73.993934	457	40.76695317	-73.98169333	1
0	5	735	492	40.75019995	-73.99093085	464	40.75934501	-73.96759673	1
0	5	29583	291	40.713126	-73.984844	2012	40.739445	-73.976806	1
0	5	718	318	40.75320159	-73.9779874	488	40.75645824	-73.99372222	1
0	5	738	325	40.73624527	-73.98473765	228	40.7546011026	-73.971878855	1
0	5	210	358	40.73291553	-74.00711384	284	40.7390169121	-74.0026376103	1
0	5	30781	312	40.722055	-73.989111	509	40.7454973	-74.00197139	1
0	5	1440	157	40.69089272	-73.99612349	391	40.69760127	-73.99344559	1
0	5	41080	348	40.72490985	-74.00154702	251	40.72317958	-73.99480012	1
0	5	822	379	40.749156	-73.9916	511	40.72938685	-73.97772429	1
0	5	24354	350	40.71559509	-73.9870295	319	40.71336124	-74.00937622	1
0	5	1925	515	40.76009437	-73.99461843	268	40.71910537	-73.99973337	1
0	5	762	485	40.75038009	-73.98338988	281	40.7643971	-73.97371465	1
0	5	57138	320	40.71743998	-74.00583475	265	40.72229346	-73.99147535	1
0	5	19347	237	40.73047309	-73.98672378	519	40.75188406	-73.97770164	1
0	5	687	466	40.74395411	-73.99144871	520	40.75992262	-73.97648516	1
0	5	5629	127	40.73172428	-74.00674436	327	40.7153379	-74.01658354	1
