0	6	32576	454	40.75455731	-73.96592976	301	40.72217444	-73.98368779	1
0	6	574	376	40.70862144	-74.00722156	514	40.76087502	-74.00277668	1
0	6	24222	373	40.69331716	-73.95381995	473	40.72110063	-73.9919254	1
0	6	4283	448	40.75660359	-73.9979009	426	40.71754834	-74.01322069	1
0	6	1661	347	40.72873888	-74.00748842	128	40.72710258	-74.00297088	1
0	6	2008	439	40.7262807	-73.98978041	476	40.74394314	-73.97966069	1
0	6	53126	476	40.74394314	-73.97966069	147	40.71542197	-74.01121978	1
0	6	17992	477	40.75640548	-73.9900262	511	40.72938685	-73.97772429	1
0	6	53127	356	40.71622644	-73.98261206	116	40.74177603	-74.00149746	1
0	6	16959	477	40.75640548	-73.9900262	252	40.73226398	-73.99852205	1
0	6	18920	461	40.73587678	-73.98205027	369	40.73224119	-74.00026394	1
0	6	548	477	40.75640548	-73.9900262	305	40.76095756	-73.96724467	1
0	6	35214	432	40.72621788	-73.98379855	485	40.75038009	-73.98338988	1
0	6	16098	524	40.75527307	-73.98316936	238	40.7361967	-74.00859207	1
0	6	53128	507	40.73912601	-73.97973776	173	40.76064679	-73.98442659	1
0	6	3933	317	40.72453734	-73.98185424	518	40.74780373	-73.9734419	1
0	6	14442	247	40.73535398	-74.00483091	459	40.746745	-74.007756	1
0	6	2615	519	40.75188406	-73.97770164	319	40.71336124	-74.00937622	1
0	6	24206	498	40.74854862	-73.98808416	212	40.74334935	-74.00681753	1
0	6	44491	454	40.75455731	-73.96592976	247	40.73535398	-74.00483091	1
0	6	53129	322	40.696192	-73.991218	345	40.73649403	-73.99704374	1
0	6	732	519	40.75188406	-73.97770164	309	40.7149787	-74.013012	1
0	6	17005	447	40.76370739	-73.9851615	318	40.75320159	-73.9779874	1
0	6	778	128	40.72710258	-74.00297088	417	40.71291224	-74.01020234	1
0	6	671	229	40.72743423	-73.99379025	493	40.7568001	-73.98291153	1
0	6	748	490	40.751551	-73.993934	173	40.76064679	-73.98442659	2
0	6	24261	505	40.74901271	-73.98848395	464	40.75934501	-73.96759673	1
0	6	2047	477	40.75640548	-73.9900262	522	40.75714758	-73.97207836	1
0	6	708	363	40.70834698	-74.01713445	387	40.71273266	-74.0046073	1
0	6	13552	487	40.73314259	-73.97573881	264	40.70706456	-74.00731853	1
0	6	4852	490	40.751551	-73.993934	457	40.76695317	-73.98169333	1
0	6	15524	167	40.7489006	-73.97604882	507	40.73912601	-73.97973776	1
0	6	864	366	40.693261	-73.968896	324	40.689888	-73.981013	2
0	6	8568	458	40.751396	-74.005226	367	40.75828065	-73.97069431	1
0	6	1410	363	40.70834698	-74.01713445	309	40.7149787	-74.013012	3
0	6	23651	307	40.71427487	-73.98990025	473	40.72110063	-73.9919254	1
0	6	1000	379	40.749156	-73.9916	487	40.73314259	-73.97573881	1
0	6	35213	400	40.71926081	-73.98178024	461	40.73587678	-73.98205027	1
0	6	722	318	40.75320159	-73.9779874	173	40.76064679	-73.98442659	1
0	6	1460	457	40.76695317	-73.98169333	367	40.75828065	-73.97069431	2
0	6	643	2003	40.73416059	-73.98024289	497	40.73704984	-73.99009296	1
0	6	685	523	40.75466591	-73.99138152	167	40.7489006	-73.97604882	1
0	6	14407	326	40.72953837	-73.98426726	483	40.73223272	-73.98889957	1
0	6	751	271	40.68528172	-73.97805813	2000	40.70255088	-73.98940236	1
0	6	22797	223	40.73781509	-73.99994661	411	40.72228087	-73.97668709	1
0	6	763	152	40.71473993	-74.00910627	329	40.72043411	-74.01020609	1
0	6	781	443	40.70853074	-73.96408963	384	40.68317813	-73.9659641	1
0	6	51981	366	40.693261	-73.968896	83	40.68382604	-73.97632328	1
0	6	4647	237	40.73047309	-73.98672378	517	40.75149263	-73.97798848	1
0	6	5766	433	40.72955361	-73.98057249	496	40.73726186	-73.99238967	1
0	6	6809	317	40.72453734	-73.98185424	444	40.7423543	-73.98915076	1
0	6	25162	477	40.75640548	-73.9900262	2023	40.75968085	-73.97031366	1
0	6	36773	128	40.72710258	-74.00297088	309	40.7149787	-74.013012	1
0	6	24050	477	40.75640548	-73.9900262	490	40.751551	-73.993934	1
0	6	1298	318	40.75320159	-73.9779874	352	40.76340613	-73.97722479	2
0	6	794	492	40.75019995	-73.99093085	527	40.74315566	-73.97434726	3
0	6	13842	456	40.7597108	-73.97402311	526	40.74765947	-73.98490707	1
0	6	917	504	40.73221853	-73.98165557	2012	40.739445	-73.976806	1
0	6	7039	382	40.73492695	-73.99200509	536	40.74144387	-73.97536082	1
0	6	1761	490	40.751551	-73.993934	522	40.75714758	-73.97207836	1
0	6	762	485	40.75038009	-73.98338988	281	40.7643971	-73.97371465	1
0	6	53130	284	40.7390169121	-74.0026376103	538	40.75795248	-73.97787642	1
0	6	3677	318	40.75320159	-73.9779874	319	40.71336124	-74.00937622	1
0	6	1119	521	40.75044999	-73.99481051	463	40.74206539	-74.00443172	1
0	6	8346	503	40.73827428	-73.98751968	360	40.70717936	-74.00887308	1
0	6	16135	379	40.749156	-73.9916	334	40.74238787	-73.99726235	1
0	6	5555	293	40.73028666	-73.9907647	444	40.7423543	-73.98915076	1
0	6	687	466	40.74395411	-73.99144871	520	40.75992262	-73.97648516	1
0	6	17494	465	40.75513557	-73.98658032	267	40.75097711	-73.98765428	1
0	6	40967	507	40.73912601	-73.97973776	499	40.76915505	-73.98191841	1
0	6	535	511	40.72938685	-73.97772429	527	40.74315566	-73.97434726	1
0	6	595	521	40.75044999	-73.99481051	459	40.746745	-74.007756	1
0	6	746	480	40.76669671	-73.99061728	499	40.76915505	-73.98191841	2
0	6	20812	459	40.746745	-74.007756	388	40.749717753	-74.002950346	1
0	6	9728	490	40.751551	-73.993934	514	40.76087502	-74.00277668	2
0	6	791	358	40.73291553	-74.00711384	2004	40.724399	-74.004704	1
0	6	53131	323	40.69236178	-73.98631746	455	40.75001986	-73.96905301	1
0	6	14455	2004	40.724399	-74.004704	303	40.72362738	-73.99949601	1
0	6	759	473	40.72110063	-73.9919254	379	40.749156	-73.9916	1
0	6	736	495	40.76269882	-73.99301222	173	40.76064679	-73.98442659	1
0	6	757	477	40.75640548	-73.9900262	167	40.7489006	-73.97604882	2
0	6	16059	345	40.73649403	-73.99704374	511	40.72938685	-73.97772429	1
0	6	829	539	40.71534825	-73.96024116	161	40.72917025	-73.99810231	1
0	6	3364	485	40.75038009	-73.98338988	2017	40.75022392	-73.97121414	1
0	6	8070	485	40.75038009	-73.98338988	472	40.7457121	-73.98194829	1
0	6	3257	523	40.75466591	-73.99138152	459	40.746745	-74.007756	1
0	6	800	477	40.75640548	-73.9900262	359	40.75510267	-73.97498696	4
0	6	8967	477	40.75640548	-73.9900262	486	40.7462009	-73.98855723	1
0	6	753	316	40.70955958	-74.00653609	417	40.71291224	-74.01020234	1
0	6	24996	354	40.69363137	-73.96223558	233	40.69246277	-73.98963911	1
0	6	1242	466	40.74395411	-73.99144871	402	40.7403432	-73.98955109	1
0	6	4396	354	40.69363137	-73.96223558	324	40.689888	-73.981013	1
0	6	41206	2021	40.75929124	-73.98859651	527	40.74315566	-73.97434726	1
0	6	787	379	40.749156	-73.9916	496	40.73726186	-73.99238967	1
0	6	42111	455	40.75001986	-73.96905301	459	40.746745	-74.007756	1
0	6	14959	467	40.68312489	-73.97895137	467	40.68312489	-73.97895137	1
0	6	780	318	40.75320159	-73.9779874	493	40.7568001	-73.98291153	2
0	6	2374	127	40.73172428	-74.00674436	426	40.71754834	-74.01322069	1
0	6	568	477	40.75640548	-73.9900262	456	40.7597108	-73.97402311	3
0	6	820	511	40.72938685	-73.97772429	257	40.71939226	-74.00247214	1
0	6	785	326	40.72953837	-73.98426726	293	40.73028666	-73.9907647	1
0	6	728	519	40.75188406	-73.97770164	401	40.72019576	-73.98997825	1
0	6	7562	379	40.749156	-73.9916	375	40.72679454	-73.99695094	1
0	6	17949	514	40.76087502	-74.00277668	376	40.70862144	-74.00722156	1
0	6	2112	477	40.75640548	-73.9900262	268	40.71910537	-73.99973337	1
0	6	13023	383	40.735238	-74.000271	521	40.75044999	-73.99481051	1
0	6	1493	472	40.7457121	-73.98194829	527	40.74315566	-73.97434726	3
0	6	835	527	40.74315566	-73.97434726	524	40.75527307	-73.98316936	1
0	6	756	238	40.7361967	-74.00859207	459	40.746745	-74.007756	1
0	6	1096	405	40.739323	-74.008119	337	40.7037992	-74.00838676	1
0	6	29715	444	40.7423543	-73.98915076	238	40.7361967	-74.00859207	1
0	6	833	417	40.71291224	-74.01020234	534	40.70255065	-74.0127234	1
0	6	25192	477	40.75640548	-73.9900262	2012	40.739445	-73.976806	2
0	6	23136	478	40.76030096	-73.99884222	2021	40.75929124	-73.98859651	1
0	6	24354	350	40.71559509	-73.9870295	319	40.71336124	-74.00937622	1
0	6	24014	410	40.72066442	-73.98517977	284	40.7390169121	-74.0026376103	1
0	6	1980	492	40.75019995	-73.99093085	510	40.7606597	-73.98042047	1
0	6	24253	461	40.73587678	-73.98205027	351	40.70530954	-74.00612572	1
0	6	6072	435	40.74173969	-73.99415556	545	40.736502	-73.97809472	1
0	6	32772	258	40.68940747	-73.96885458	353	40.68539567	-73.97431458	1
0	6	17504	323	40.69236178	-73.98631746	327	40.7153379	-74.01658354	1
0	6	891	224	40.71146364	-74.00552427	306	40.70823502	-74.00530063	3
0	6	868	264	40.70706456	-74.00731853	309	40.7149787	-74.013012	1
0	6	210	358	40.73291553	-74.00711384	284	40.7390169121	-74.0026376103	2
0	6	812	487	40.73314259	-73.97573881	151	40.7218158	-73.99720307	1
0	6	805	422	40.770513	-73.988038	359	40.75510267	-73.97498696	1
0	6	1509	490	40.751551	-73.993934	520	40.75992262	-73.97648516	1
0	6	769	492	40.75019995	-73.99093085	456	40.7597108	-73.97402311	2
0	6	26006	523	40.75466591	-73.99138152	466	40.74395411	-73.99144871	2
0	6	21830	490	40.751551	-73.993934	525	40.75594159	-74.0021163	1
0	6	53132	322	40.696192	-73.991218	510	40.7606597	-73.98042047	1
0	6	822	379	40.749156	-73.9916	511	40.72938685	-73.97772429	1
0	6	39865	427	40.70251526	-74.01427023	401	40.72019576	-73.98997825	1
0	6	920	480	40.76669671	-73.99061728	510	40.7606597	-73.98042047	1
0	6	9399	521	40.75044999	-73.99481051	478	40.76030096	-73.99884222	1
0	6	865	488	40.75645824	-73.99372222	327	40.7153379	-74.01658354	1
0	6	824	448	40.75660359	-73.9979009	519	40.75188406	-73.97770164	1
0	6	860	521	40.75044999	-73.99481051	212	40.74334935	-74.00681753	1
0	6	754	546	40.74444921	-73.98303529	168	40.73971301	-73.99456405	1
0	6	2660	223	40.73781509	-73.99994661	309	40.7149787	-74.013012	1
0	6	1173	488	40.75645824	-73.99372222	167	40.7489006	-73.97604882	1
0	6	23253	336	40.73047747	-73.99906065	516	40.75206862	-73.96784384	1
0	6	853	492	40.75019995	-73.99093085	511	40.72938685	-73.97772429	1
0	6	23248	517	40.75149263	-73.97798848	527	40.74315566	-73.97434726	2
0	6	843	342	40.71739973	-73.98016555	417	40.71291224	-74.01020234	1
0	6	13258	146	40.71625008	-74.0091059	329	40.72043411	-74.01020609	2
0	6	862	521	40.75044999	-73.99481051	325	40.73624527	-73.98473765	1
0	6	867	477	40.75640548	-73.9900262	484	40.75500254	-73.98014437	1
0	6	42123	527	40.74315566	-73.97434726	486	40.7462009	-73.98855723	1
0	6	13938	368	40.73038599	-74.00214988	151	40.7218158	-73.99720307	1
0	6	35248	478	40.76030096	-73.99884222	450	40.76227205	-73.98788205	1
0	6	890	488	40.75645824	-73.99372222	336	40.73047747	-73.99906065	1
0	6	580	363	40.70834698	-74.01713445	327	40.7153379	-74.01658354	1
0	6	12874	410	40.72066442	-73.98517977	285	40.73454567	-73.99074142	1
0	6	1795	477	40.75640548	-73.9900262	173	40.76064679	-73.98442659	1
0	6	117	447	40.76370739	-73.9851615	499	40.76915505	-73.98191841	1
0	6	24149	380	40.73401143	-74.00293877	267	40.75097711	-73.98765428	1
0	6	1831	379	40.749156	-73.9916	2012	40.739445	-73.976806	2
0	6	35956	291	40.713126	-73.984844	312	40.722055	-73.989111	1
0	6	6148	454	40.75455731	-73.96592976	422	40.770513	-73.988038	1
0	6	1826	296	40.71413089	-73.9970468	417	40.71291224	-74.01020234	1
0	6	903	358	40.73291553	-74.00711384	359	40.75510267	-73.97498696	1
0	6	5250	492	40.75019995	-73.99093085	167	40.7489006	-73.97604882	1
0	6	42117	445	40.72740794	-73.98142006	493	40.7568001	-73.98291153	1
0	6	1250	459	40.746745	-74.007756	519	40.75188406	-73.97770164	1
0	6	8427	293	40.73028666	-73.9907647	2010	40.72165481	-74.00234737	1
0	6	649	327	40.7153379	-74.01658354	329	40.72043411	-74.01020609	4
0	6	1306	379	40.749156	-73.9916	546	40.74444921	-73.98303529	1
0	6	20382	492	40.75019995	-73.99093085	459	40.746745	-74.007756	1
0	6	761	502	40.714215	-73.981346	311	40.7172274	-73.98802084	2
0	6	913	345	40.73649403	-73.99704374	345	40.73649403	-73.99704374	1
0	6	1200	490	40.751551	-73.993934	447	40.76370739	-73.9851615	2
0	6	2275	490	40.751551	-73.993934	228	40.7546011026	-73.971878855	2
0	6	1629	160	40.748238	-73.978311	351	40.70530954	-74.00612572	1
0	6	53133	334	40.74238787	-73.99726235	307	40.71427487	-73.98990025	1
0	6	42129	523	40.75466591	-73.99138152	455	40.75001986	-73.96905301	1
0	6	30804	137	40.761628	-73.972924	334	40.74238787	-73.99726235	1
0	6	849	492	40.75019995	-73.99093085	305	40.76095756	-73.96724467	1
0	6	883	492	40.75019995	-73.99093085	538	40.75795248	-73.97787642	1
0	6	22341	453	40.74475148	-73.99915362	212	40.74334935	-74.00681753	1
0	6	2517	280	40.73331967	-73.99510132	382	40.73492695	-73.99200509	2
0	6	1779	428	40.72467721	-73.98783413	519	40.75188406	-73.97770164	1
0	6	35226	236	40.7284186	-73.98713956	325	40.73624527	-73.98473765	1
0	6	53134	394	40.72521311	-73.97768752	225	40.74195138	-74.00803013	1
0	6	53135	387	40.71273266	-74.0046073	352	40.76340613	-73.97722479	1
0	6	21284	394	40.72521311	-73.97768752	291	40.713126	-73.984844	1
0	6	946	515	40.76009437	-73.99461843	359	40.75510267	-73.97498696	2
0	6	881	174	40.7381765	-73.97738662	422	40.770513	-73.988038	1
0	6	758	224	40.71146364	-74.00552427	319	40.71336124	-74.00937622	1
0	6	985	515	40.76009437	-73.99461843	318	40.75320159	-73.9779874	1
0	6	22815	457	40.76695317	-73.98169333	422	40.770513	-73.988038	2
0	6	21461	515	40.76009437	-73.99461843	459	40.746745	-74.007756	2
0	6	899	492	40.75019995	-73.99093085	444	40.7423543	-73.98915076	1
0	6	9725	474	40.7451677	-73.98683077	472	40.7457121	-73.98194829	2
0	6	581	128	40.72710258	-74.00297088	229	40.72743423	-73.99379025	1
0	6	1406	512	40.7500727	-73.99839279	212	40.74334935	-74.00681753	1
0	6	45229	402	40.7403432	-73.98955109	351	40.70530954	-74.00612572	1
0	6	24291	490	40.751551	-73.993934	253	40.73543934	-73.99453948	1
0	6	34078	455	40.75001986	-73.96905301	2022	40.75849116	-73.95920622	1
0	6	846	521	40.75044999	-73.99481051	347	40.72873888	-74.00748842	1
0	6	53136	490	40.751551	-73.993934	516	40.75206862	-73.96784384	1
0	6	7952	285	40.73454567	-73.99074142	128	40.72710258	-74.00297088	1
0	6	33936	82	40.71117416	-74.00016545	447	40.76370739	-73.9851615	1
0	6	11403	476	40.74394314	-73.97966069	379	40.749156	-73.9916	2
0	6	17372	487	40.73314259	-73.97573881	337	40.7037992	-74.00838676	1
0	6	32466	238	40.7361967	-74.00859207	488	40.75645824	-73.99372222	1
0	6	34896	513	40.768254	-73.988639	510	40.7606597	-73.98042047	1
0	6	7154	318	40.75320159	-73.9779874	305	40.76095756	-73.96724467	2
0	6	12038	546	40.74444921	-73.98303529	440	40.75255434	-73.97282625	1
0	6	10887	458	40.751396	-74.005226	458	40.751396	-74.005226	1
0	6	22346	490	40.751551	-73.993934	499	40.76915505	-73.98191841	1
0	6	943	327	40.7153379	-74.01658354	417	40.71291224	-74.01020234	1
0	6	8546	477	40.75640548	-73.9900262	458	40.751396	-74.005226	1
0	6	1911	432	40.72621788	-73.98379855	293	40.73028666	-73.9907647	2
0	6	20362	267	40.75097711	-73.98765428	281	40.7643971	-73.97371465	1
0	6	3587	151	40.7218158	-73.99720307	329	40.72043411	-74.01020609	1
0	6	777	254	40.73532427	-73.99800419	327	40.7153379	-74.01658354	1
0	6	1333	387	40.71273266	-74.0046073	329	40.72043411	-74.01020609	1
0	6	928	348	40.72490985	-74.00154702	435	40.74173969	-73.99415556	1
0	6	49040	2006	40.76590936	-73.97634151	2017	40.75022392	-73.97121414	1
0	6	909	379	40.749156	-73.9916	527	40.74315566	-73.97434726	5
0	6	1048	519	40.75188406	-73.97770164	527	40.74315566	-73.97434726	1
0	6	7388	430	40.7014851	-73.98656928	343	40.69794	-73.96986848	1
0	6	24201	545	40.736502	-73.97809472	524	40.75527307	-73.98316936	1
0	6	951	507	40.73912601	-73.97973776	510	40.7606597	-73.98042047	1
0	6	22505	285	40.73454567	-73.99074142	426	40.71754834	-74.01322069	1
0	6	5957	490	40.751551	-73.993934	450	40.76227205	-73.98788205	1
0	6	1480	503	40.73827428	-73.98751968	475	40.73524276	-73.98758561	1
0	6	12814	495	40.76269882	-73.99301222	499	40.76915505	-73.98191841	1
0	6	923	488	40.75645824	-73.99372222	147	40.71542197	-74.01121978	1
0	6	5435	503	40.73827428	-73.98751968	253	40.73543934	-73.99453948	1
0	6	8153	496	40.73726186	-73.99238967	290	40.76020258	-73.96478473	1
0	6	11330	496	40.73726186	-73.99238967	228	40.7546011026	-73.971878855	1
0	6	3706	376	40.70862144	-74.00722156	309	40.7149787	-74.013012	1
0	6	8429	301	40.72217444	-73.98368779	229	40.72743423	-73.99379025	1
0	6	8356	453	40.74475148	-73.99915362	442	40.746647	-73.993915	1
0	6	9857	436	40.68216564	-73.95399026	251	40.72317958	-73.99480012	1
0	6	34543	382	40.73492695	-73.99200509	520	40.75992262	-73.97648516	1
0	6	801	421	40.69573398	-73.97129668	430	40.7014851	-73.98656928	1
0	6	20304	507	40.73912601	-73.97973776	402	40.7403432	-73.98955109	1
0	6	3222	450	40.76227205	-73.98788205	137	40.761628	-73.972924	1
0	6	697	317	40.72453734	-73.98185424	285	40.73454567	-73.99074142	1
0	6	20735	490	40.751551	-73.993934	484	40.75500254	-73.98014437	3
0	6	4066	368	40.73038599	-74.00214988	347	40.72873888	-74.00748842	1
0	6	950	342	40.71739973	-73.98016555	296	40.71413089	-73.9970468	1
0	6	1106	238	40.7361967	-74.00859207	328	40.72405549	-74.00965965	1
0	6	3756	363	40.70834698	-74.01713445	2008	40.70569254	-74.01677685	1
0	6	18326	147	40.71542197	-74.01121978	276	40.71748752	-74.0104554	1
0	6	1085	546	40.74444921	-73.98303529	540	40.74147286	-73.98320928	1
0	6	2551	459	40.746745	-74.007756	488	40.75645824	-73.99372222	1
0	6	1857	523	40.75466591	-73.99138152	497	40.73704984	-73.99009296	1
0	6	1800	477	40.75640548	-73.9900262	281	40.7643971	-73.97371465	1
0	6	1565	515	40.76009437	-73.99461843	508	40.76341379	-73.99667444	1
0	6	26604	285	40.73454567	-73.99074142	497	40.73704984	-73.99009296	1
0	6	34189	433	40.72955361	-73.98057249	494	40.74734825	-73.99723551	1
0	6	983	319	40.71336124	-74.00937622	329	40.72043411	-74.01020609	1
0	6	1361	167	40.7489006	-73.97604882	510	40.7606597	-73.98042047	1
0	6	679	477	40.75640548	-73.9900262	510	40.7606597	-73.98042047	1
0	6	817	320	40.71743998	-74.00583475	417	40.71291224	-74.01020234	1
0	6	947	521	40.75044999	-73.99481051	116	40.74177603	-74.00149746	1
0	6	926	540	40.74147286	-73.98320928	466	40.74395411	-73.99144871	1
0	6	1051	495	40.76269882	-73.99301222	422	40.770513	-73.988038	1
0	6	14514	297	40.734232	-73.986923	127	40.73172428	-74.00674436	1
0	6	10670	459	40.746745	-74.007756	281	40.7643971	-73.97371465	1
0	6	37397	479	40.76019252	-73.9912551	423	40.76584941	-73.98690506	1
0	6	51307	433	40.72955361	-73.98057249	527	40.74315566	-73.97434726	1
0	6	2038	470	40.74345335	-74.00004031	323	40.69236178	-73.98631746	1
0	6	842	477	40.75640548	-73.9900262	352	40.76340613	-73.97722479	3
0	6	35235	306	40.70823502	-74.00530063	525	40.75594159	-74.0021163	1
0	6	29071	345	40.73649403	-73.99704374	253	40.73543934	-73.99453948	1
0	6	1092	511	40.72938685	-73.97772429	497	40.73704984	-73.99009296	1
0	6	977	477	40.75640548	-73.9900262	500	40.76228826	-73.98336183	1
0	6	24307	477	40.75640548	-73.9900262	496	40.73726186	-73.99238967	1
0	6	6601	464	40.75934501	-73.96759673	457	40.76695317	-73.98169333	1
0	6	3039	469	40.76344058	-73.98268129	441	40.756014	-73.967416	1
0	6	821	302	40.72082834	-73.97793172	295	40.71406667	-73.99293911	1
0	6	1326	490	40.751551	-73.993934	508	40.76341379	-73.99667444	3
0	6	29897	450	40.76227205	-73.98788205	433	40.72955361	-73.98057249	1
0	6	4963	497	40.73704984	-73.99009296	519	40.75188406	-73.97770164	1
0	6	994	417	40.71291224	-74.01020234	233	40.69246277	-73.98963911	1
0	6	19243	505	40.74901271	-73.98848395	2021	40.75929124	-73.98859651	1
0	6	53137	212	40.74334935	-74.00681753	527	40.74315566	-73.97434726	1
0	6	19904	394	40.72521311	-73.97768752	483	40.73223272	-73.98889957	1
0	6	53138	438	40.72779126	-73.98564945	173	40.76064679	-73.98442659	1
0	6	9368	168	40.73971301	-73.99456405	461	40.73587678	-73.98205027	1
0	6	1536	523	40.75466591	-73.99138152	496	40.73726186	-73.99238967	1
0	6	3317	237	40.73047309	-73.98672378	497	40.73704984	-73.99009296	1
0	6	1184	477	40.75640548	-73.9900262	444	40.7423543	-73.98915076	1
0	6	537	2021	40.75929124	-73.98859651	499	40.76915505	-73.98191841	1
0	6	6077	384	40.68317813	-73.9659641	313	40.69610226	-73.96751037	1
0	6	925	379	40.749156	-73.9916	153	40.752062307	-73.9816324043	1
0	6	7288	492	40.75019995	-73.99093085	507	40.73912601	-73.97973776	1
0	6	995	329	40.72043411	-74.01020609	521	40.75044999	-73.99481051	1
0	6	10893	426	40.71754834	-74.01322069	427	40.70251526	-74.01427023	1
0	6	1021	445	40.72740794	-73.98142006	293	40.73028666	-73.9907647	1
0	6	1766	346	40.73652889	-74.00618026	147	40.71542197	-74.01121978	1
0	6	37200	477	40.75640548	-73.9900262	267	40.75097711	-73.98765428	1
0	6	24551	342	40.71739973	-73.98016555	195	40.70905623	-74.01043382	1
0	6	991	496	40.73726186	-73.99238967	2012	40.739445	-73.976806	1
0	6	5152	174	40.7381765	-73.97738662	461	40.73587678	-73.98205027	1
0	6	2822	487	40.73314259	-73.97573881	545	40.736502	-73.97809472	2
0	6	267	519	40.75188406	-73.97770164	461	40.73587678	-73.98205027	1
0	6	1241	318	40.75320159	-73.9779874	520	40.75992262	-73.97648516	1
0	6	49472	239	40.69196566	-73.9813018	261	40.69474881	-73.98362464	1
0	6	13153	328	40.72405549	-74.00965965	527	40.74315566	-73.97434726	1
0	6	11224	490	40.751551	-73.993934	458	40.751396	-74.005226	1
0	6	9980	405	40.739323	-74.008119	380	40.73401143	-74.00293877	1
0	6	894	263	40.71729	-73.996375	309	40.7149787	-74.013012	2
0	6	1435	265	40.72229346	-73.99147535	147	40.71542197	-74.01121978	1
0	6	36137	477	40.75640548	-73.9900262	516	40.75206862	-73.96784384	1
0	6	24957	151	40.7218158	-73.99720307	415	40.7047177	-74.00926027	1
0	6	2182	477	40.75640548	-73.9900262	228	40.7546011026	-73.971878855	1
0	6	13710	466	40.74395411	-73.99144871	444	40.7423543	-73.98915076	1
0	6	8200	505	40.74901271	-73.98848395	484	40.75500254	-73.98014437	1
0	6	42357	279	40.69986937	-73.98271933	430	40.7014851	-73.98656928	1
0	6	1279	519	40.75188406	-73.97770164	466	40.74395411	-73.99144871	1
0	6	53139	168	40.73971301	-73.99456405	522	40.75714758	-73.97207836	1
0	6	1025	2003	40.73416059	-73.98024289	474	40.7451677	-73.98683077	1
0	6	17138	351	40.70530954	-74.00612572	259	40.70122128	-74.01234218	1
0	6	1138	482	40.73935542	-73.99931783	2012	40.739445	-73.976806	1
0	6	5849	482	40.73935542	-73.99931783	404	40.7405826	-74.00550867	1
0	6	9054	478	40.76030096	-73.99884222	326	40.72953837	-73.98426726	1
0	6	1020	521	40.75044999	-73.99481051	515	40.76009437	-73.99461843	1
0	6	1037	502	40.714215	-73.981346	428	40.72467721	-73.98783413	1
0	6	20841	428	40.72467721	-73.98783413	438	40.72779126	-73.98564945	1
0	6	12786	523	40.75466591	-73.99138152	402	40.7403432	-73.98955109	1
0	6	15461	444	40.7423543	-73.98915076	518	40.74780373	-73.9734419	1
0	6	10276	247	40.73535398	-74.00483091	247	40.73535398	-74.00483091	1
0	6	922	485	40.75038009	-73.98338988	510	40.7606597	-73.98042047	1
0	6	24324	395	40.68807003	-73.98410637	309	40.7149787	-74.013012	1
0	6	1342	453	40.74475148	-73.99915362	462	40.74691959	-74.00451887	1
0	6	593	492	40.75019995	-73.99093085	153	40.752062307	-73.9816324043	1
0	6	53140	406	40.69512845	-73.99595065	447	40.76370739	-73.9851615	1
0	6	2212	488	40.75645824	-73.99372222	402	40.7403432	-73.98955109	1
0	6	15592	367	40.75828065	-73.97069431	510	40.7606597	-73.98042047	1
0	6	24559	512	40.7500727	-73.99839279	147	40.71542197	-74.01121978	1
0	6	32897	335	40.72903917	-73.99404649	486	40.7462009	-73.98855723	1
0	6	24389	258	40.68940747	-73.96885458	426	40.71754834	-74.01322069	1
0	6	1953	241	40.68981035	-73.97493121	324	40.689888	-73.981013	2
0	6	35239	509	40.7454973	-74.00197139	2021	40.75929124	-73.98859651	1
0	6	2673	405	40.739323	-74.008119	328	40.72405549	-74.00965965	1
0	6	53141	265	40.72229346	-73.99147535	417	40.71291224	-74.01020234	1
0	6	1057	293	40.73028666	-73.9907647	445	40.72740794	-73.98142006	1
0	6	1964	161	40.72917025	-73.99810231	426	40.71754834	-74.01322069	1
0	6	1290	2003	40.73416059	-73.98024289	315	40.70355377	-74.00670227	1
0	6	851	492	40.75019995	-73.99093085	359	40.75510267	-73.97498696	1
0	6	9052	2012	40.739445	-73.976806	2003	40.73416059	-73.98024289	1
0	6	1050	270	40.69308257	-73.97178913	239	40.69196566	-73.9813018	1
0	6	24331	259	40.70122128	-74.01234218	311	40.7172274	-73.98802084	1
0	6	23713	350	40.71559509	-73.9870295	251	40.72317958	-73.99480012	1
0	6	38323	212	40.74334935	-74.00681753	346	40.73652889	-74.00618026	1
0	6	1155	428	40.72467721	-73.98783413	116	40.74177603	-74.00149746	1
0	6	902	453	40.74475148	-73.99915362	83	40.68382604	-73.97632328	1
0	6	966	511	40.72938685	-73.97772429	174	40.7381765	-73.97738662	1
0	6	12749	439	40.7262807	-73.98978041	410	40.72066442	-73.98517977	1
0	6	3018	2008	40.70569254	-74.01677685	327	40.7153379	-74.01658354	1
0	6	24194	368	40.73038599	-74.00214988	309	40.7149787	-74.013012	1
0	6	3342	168	40.73971301	-73.99456405	402	40.7403432	-73.98955109	1
0	6	53142	350	40.71559509	-73.9870295	440	40.75255434	-73.97282625	1
0	6	1041	477	40.75640548	-73.9900262	318	40.75320159	-73.9779874	1
0	6	2418	507	40.73912601	-73.97973776	477	40.75640548	-73.9900262	1
0	6	24419	317	40.72453734	-73.98185424	323	40.69236178	-73.98631746	1
0	6	53143	438	40.72779126	-73.98564945	360	40.70717936	-74.00887308	1
0	6	9066	447	40.76370739	-73.9851615	456	40.7597108	-73.97402311	1
0	6	53144	510	40.7606597	-73.98042047	297	40.734232	-73.986923	1
0	6	25500	342	40.71739973	-73.98016555	349	40.71850211	-73.98329859	1
0	6	1833	270	40.69308257	-73.97178913	324	40.689888	-73.981013	2
0	6	4787	442	40.746647	-73.993915	484	40.75500254	-73.98014437	1
0	6	14590	502	40.714215	-73.981346	285	40.73454567	-73.99074142	1
0	6	11448	346	40.73652889	-74.00618026	151	40.7218158	-73.99720307	1
0	6	3165	519	40.75188406	-73.97770164	458	40.751396	-74.005226	1
0	6	36029	319	40.71336124	-74.00937622	359	40.75510267	-73.97498696	2
0	6	1737	393	40.72299208	-73.97995466	293	40.73028666	-73.9907647	1
0	6	11491	347	40.72873888	-74.00748842	459	40.746745	-74.007756	1
0	6	28318	520	40.75992262	-73.97648516	367	40.75828065	-73.97069431	1
0	6	30518	441	40.756014	-73.967416	472	40.7457121	-73.98194829	1
0	6	2204	2021	40.75929124	-73.98859651	510	40.7606597	-73.98042047	1
0	6	53146	389	40.71044554	-73.96525063	466	40.74395411	-73.99144871	1
0	6	10676	505	40.74901271	-73.98848395	137	40.761628	-73.972924	1
0	6	31956	507	40.73912601	-73.97973776	380	40.73401143	-74.00293877	1
0	6	8222	507	40.73912601	-73.97973776	486	40.7462009	-73.98855723	1
0	6	1510	523	40.75466591	-73.99138152	359	40.75510267	-73.97498696	3
0	6	10960	367	40.75828065	-73.97069431	456	40.7597108	-73.97402311	1
0	6	719	521	40.75044999	-73.99481051	457	40.76695317	-73.98169333	1
0	6	844	521	40.75044999	-73.99481051	456	40.7597108	-73.97402311	1
0	6	11602	479	40.76019252	-73.9912551	328	40.72405549	-74.00965965	1
0	6	3540	212	40.74334935	-74.00681753	116	40.74177603	-74.00149746	1
0	6	37326	523	40.75466591	-73.99138152	527	40.74315566	-73.97434726	3
0	6	724	237	40.73047309	-73.98672378	285	40.73454567	-73.99074142	1
0	6	1121	448	40.75660359	-73.9979009	479	40.76019252	-73.9912551	1
0	6	3605	457	40.76695317	-73.98169333	500	40.76228826	-73.98336183	1
0	6	4715	496	40.73726186	-73.99238967	459	40.746745	-74.007756	1
0	6	48062	309	40.7149787	-74.013012	293	40.73028666	-73.9907647	1
0	6	1465	401	40.72019576	-73.98997825	337	40.7037992	-74.00838676	1
0	6	973	387	40.71273266	-74.0046073	309	40.7149787	-74.013012	2
0	6	1188	385	40.75797322	-73.96603308	2012	40.739445	-73.976806	1
0	6	1008	521	40.75044999	-73.99481051	458	40.751396	-74.005226	2
0	6	42145	300	40.728145	-73.990214	387	40.71273266	-74.0046073	1
0	6	1623	523	40.75466591	-73.99138152	318	40.75320159	-73.9779874	2
0	6	4863	459	40.746745	-74.007756	458	40.751396	-74.005226	1
0	6	53147	546	40.74444921	-73.98303529	357	40.73261787	-73.99158043	1
0	6	618	521	40.75044999	-73.99481051	462	40.74691959	-74.00451887	1
0	6	5023	386	40.71494807	-74.00234482	337	40.7037992	-74.00838676	1
0	6	13171	515	40.76009437	-73.99461843	521	40.75044999	-73.99481051	1
0	6	4131	496	40.73726186	-73.99238967	318	40.75320159	-73.9779874	1
0	6	33534	2022	40.75849116	-73.95920622	402	40.7403432	-73.98955109	1
0	6	42622	150	40.7208736	-73.98085795	539	40.71534825	-73.96024116	1
0	6	1001	369	40.73224119	-74.00026394	306	40.70823502	-74.00530063	1
0	6	11788	521	40.75044999	-73.99481051	435	40.74173969	-73.99415556	2
0	6	1103	523	40.75466591	-73.99138152	522	40.75714758	-73.97207836	1
0	6	869	521	40.75044999	-73.99481051	500	40.76228826	-73.98336183	1
0	6	30279	498	40.74854862	-73.98808416	527	40.74315566	-73.97434726	2
0	6	218	359	40.75510267	-73.97498696	450	40.76227205	-73.98788205	2
0	6	2016	420	40.68764484	-73.96968902	253	40.73543934	-73.99453948	2
0	6	17704	518	40.74780373	-73.9734419	285	40.73454567	-73.99074142	1
0	6	1214	521	40.75044999	-73.99481051	359	40.75510267	-73.97498696	2
0	6	14	499	40.76915505	-73.98191841	352	40.76340613	-73.97722479	1
0	6	1839	433	40.72955361	-73.98057249	458	40.751396	-74.005226	1
0	6	40422	469	40.76344058	-73.98268129	504	40.73221853	-73.98165557	1
0	6	13096	2008	40.70569254	-74.01677685	309	40.7149787	-74.013012	1
0	6	53148	326	40.72953837	-73.98426726	450	40.76227205	-73.98788205	1
0	6	48285	523	40.75466591	-73.99138152	319	40.71336124	-74.00937622	1
0	6	53149	368	40.73038599	-74.00214988	342	40.71739973	-73.98016555	1
0	6	1109	263	40.71729	-73.996375	417	40.71291224	-74.01020234	1
0	6	26991	498	40.74854862	-73.98808416	522	40.75714758	-73.97207836	1
0	6	20684	476	40.74394314	-73.97966069	459	40.746745	-74.007756	1
0	6	22500	521	40.75044999	-73.99481051	472	40.7457121	-73.98194829	1
0	6	1131	405	40.739323	-74.008119	426	40.71754834	-74.01322069	1
0	6	43299	334	40.74238787	-73.99726235	327	40.7153379	-74.01658354	1
0	6	1708	325	40.73624527	-73.98473765	257	40.71939226	-74.00247214	1
0	6	34352	217	40.70277159	-73.99383605	467	40.68312489	-73.97895137	1
0	6	517	478	40.76030096	-73.99884222	490	40.751551	-73.993934	1
0	6	20536	465	40.75513557	-73.98658032	527	40.74315566	-73.97434726	1
0	6	34146	487	40.73314259	-73.97573881	509	40.7454973	-74.00197139	1
0	6	1069	508	40.76341379	-73.99667444	137	40.761628	-73.972924	1
0	6	1864	433	40.72955361	-73.98057249	285	40.73454567	-73.99074142	1
0	6	42521	2021	40.75929124	-73.98859651	137	40.761628	-73.972924	1
0	6	29292	490	40.751551	-73.993934	242	40.69788349	-73.97350332	1
0	6	36294	379	40.749156	-73.9916	517	40.75149263	-73.97798848	1
0	6	24375	447	40.76370739	-73.9851615	442	40.746647	-73.993915	1
0	6	37232	484	40.75500254	-73.98014437	522	40.75714758	-73.97207836	1
0	6	1962	462	40.74691959	-74.00451887	402	40.7403432	-73.98955109	1
0	6	1263	284	40.7390169121	-74.0026376103	352	40.76340613	-73.97722479	1
0	6	44451	478	40.76030096	-73.99884222	510	40.7606597	-73.98042047	1
0	6	42149	302	40.72082834	-73.97793172	347	40.72873888	-74.00748842	1
0	6	47244	160	40.748238	-73.978311	168	40.73971301	-73.99456405	1
0	6	29838	478	40.76030096	-73.99884222	493	40.7568001	-73.98291153	1
0	6	35242	511	40.72938685	-73.97772429	545	40.736502	-73.97809472	1
0	6	10103	433	40.72955361	-73.98057249	297	40.734232	-73.986923	1
0	6	941	290	40.76020258	-73.96478473	527	40.74315566	-73.97434726	1
0	6	23588	326	40.72953837	-73.98426726	251	40.72317958	-73.99480012	1
0	6	12361	345	40.73649403	-73.99704374	504	40.73221853	-73.98165557	1
0	6	40581	247	40.73535398	-74.00483091	334	40.74238787	-73.99726235	1
0	6	30028	328	40.72405549	-74.00965965	519	40.75188406	-73.97770164	1
0	6	1558	332	40.71219906	-73.97948148	260	40.70365182	-74.01167797	1
0	6	2348	515	40.76009437	-73.99461843	486	40.7462009	-73.98855723	1
0	6	31999	379	40.749156	-73.9916	455	40.75001986	-73.96905301	1
0	6	11273	482	40.73935542	-73.99931783	446	40.74487634	-73.99529885	1
0	6	1205	318	40.75320159	-73.9779874	450	40.76227205	-73.98788205	4
0	6	53151	505	40.74901271	-73.98848395	2012	40.739445	-73.976806	1
0	6	33332	2003	40.73416059	-73.98024289	477	40.75640548	-73.9900262	1
0	6	15249	490	40.751551	-73.993934	490	40.751551	-73.993934	1
0	6	50293	152	40.71473993	-74.00910627	500	40.76228826	-73.98336183	1
0	6	18220	339	40.72580614	-73.97422494	361	40.71605866	-73.99190759	1
0	6	8470	410	40.72066442	-73.98517977	251	40.72317958	-73.99480012	1
0	6	22147	531	40.71893904	-73.99266288	265	40.72229346	-73.99147535	1
0	6	35372	152	40.71473993	-74.00910627	469	40.76344058	-73.98268129	1
0	6	1286	310	40.68926942	-73.98912867	417	40.71291224	-74.01020234	1
0	6	1183	360	40.70717936	-74.00887308	309	40.7149787	-74.013012	2
0	6	53152	423	40.76584941	-73.98690506	359	40.75510267	-73.97498696	1
0	6	13456	297	40.734232	-73.986923	375	40.72679454	-73.99695094	1
0	6	3582	465	40.75513557	-73.98658032	472	40.7457121	-73.98194829	1
0	6	33412	2003	40.73416059	-73.98024289	476	40.74394314	-73.97966069	1
0	6	53153	301	40.72217444	-73.98368779	546	40.74444921	-73.98303529	1
0	6	2343	411	40.72228087	-73.97668709	223	40.73781509	-73.99994661	1
0	6	1244	300	40.728145	-73.990214	268	40.71910537	-73.99973337	1
0	6	1436	499	40.76915505	-73.98191841	456	40.7597108	-73.97402311	2
0	6	2408	271	40.68528172	-73.97805813	392	40.695065	-73.987167	1
0	6	12316	433	40.72955361	-73.98057249	483	40.73223272	-73.98889957	1
0	6	834	499	40.76915505	-73.98191841	137	40.761628	-73.972924	2
0	6	1208	546	40.74444921	-73.98303529	522	40.75714758	-73.97207836	1
0	6	27357	523	40.75466591	-73.99138152	348	40.72490985	-74.00154702	1
0	6	605	465	40.75513557	-73.98658032	318	40.75320159	-73.9779874	1
0	6	7322	167	40.7489006	-73.97604882	524	40.75527307	-73.98316936	1
0	6	35276	504	40.73221853	-73.98165557	500	40.76228826	-73.98336183	1
0	6	514	428	40.72467721	-73.98783413	252	40.73226398	-73.99852205	1
0	6	970	469	40.76344058	-73.98268129	499	40.76915505	-73.98191841	1
0	6	3331	465	40.75513557	-73.98658032	305	40.76095756	-73.96724467	1
0	6	29081	266	40.72368361	-73.97574813	411	40.72228087	-73.97668709	1
0	6	53155	470	40.74345335	-74.00004031	510	40.7606597	-73.98042047	1
0	6	1308	352	40.76340613	-73.97722479	359	40.75510267	-73.97498696	1
0	6	1212	368	40.73038599	-74.00214988	327	40.7153379	-74.01658354	1
0	6	12403	128	40.72710258	-74.00297088	285	40.73454567	-73.99074142	1
0	6	53156	243	40.687979	-73.978474	531	40.71893904	-73.99266288	1
0	6	9228	459	40.746745	-74.007756	517	40.75149263	-73.97798848	1
0	6	1199	410	40.72066442	-73.98517977	323	40.69236178	-73.98631746	1
0	6	24610	254	40.73532427	-73.99800419	223	40.73781509	-73.99994661	1
0	6	1143	426	40.71754834	-74.01322069	387	40.71273266	-74.0046073	1
0	6	13783	79	40.71911552	-74.00666661	152	40.71473993	-74.00910627	1
0	6	45274	448	40.75660359	-73.9979009	379	40.749156	-73.9916	1
0	6	1396	417	40.71291224	-74.01020234	329	40.72043411	-74.01020609	1
0	6	20394	523	40.75466591	-73.99138152	486	40.7462009	-73.98855723	1
0	6	1216	459	40.746745	-74.007756	546	40.74444921	-73.98303529	1
0	6	29562	433	40.72955361	-73.98057249	116	40.74177603	-74.00149746	1
0	6	1202	317	40.72453734	-73.98185424	2012	40.739445	-73.976806	1
0	6	14783	127	40.73172428	-74.00674436	470	40.74345335	-74.00004031	1
0	6	20787	297	40.734232	-73.986923	442	40.746647	-73.993915	1
0	6	2580	327	40.7153379	-74.01658354	427	40.70251526	-74.01427023	1
0	6	2681	481	40.71260486	-73.96264403	282	40.70827295	-73.96834101	1
0	6	11685	490	40.751551	-73.993934	493	40.7568001	-73.98291153	1
0	6	24811	545	40.736502	-73.97809472	153	40.752062307	-73.9816324043	1
0	6	13741	303	40.72362738	-73.99949601	521	40.75044999	-73.99481051	1
0	6	42155	328	40.72405549	-74.00965965	359	40.75510267	-73.97498696	1
0	6	17931	490	40.751551	-73.993934	472	40.7457121	-73.98194829	1
0	6	14981	450	40.76227205	-73.98788205	504	40.73221853	-73.98165557	1
0	6	13607	312	40.722055	-73.989111	536	40.74144387	-73.97536082	1
0	6	1596	513	40.768254	-73.988639	352	40.76340613	-73.97722479	1
0	6	42106	275	40.68650065	-73.96563307	279	40.69986937	-73.98271933	1
0	6	24604	361	40.71605866	-73.99190759	351	40.70530954	-74.00612572	1
0	6	24768	243	40.687979	-73.978474	504	40.73221853	-73.98165557	1
0	6	15239	285	40.73454567	-73.99074142	466	40.74395411	-73.99144871	1
0	6	5243	267	40.75097711	-73.98765428	517	40.75149263	-73.97798848	2
0	6	1278	545	40.736502	-73.97809472	345	40.73649403	-73.99704374	1
0	6	2876	195	40.70905623	-74.01043382	337	40.7037992	-74.00838676	1
0	6	42175	423	40.76584941	-73.98690506	474	40.7451677	-73.98683077	1
0	6	24318	512	40.7500727	-73.99839279	405	40.739323	-74.008119	1
0	6	46037	265	40.72229346	-73.99147535	394	40.72521311	-73.97768752	1
0	6	159	450	40.76227205	-73.98788205	496	40.73726186	-73.99238967	1
0	6	7553	523	40.75466591	-73.99138152	442	40.746647	-73.993915	1
0	6	20952	476	40.74394314	-73.97966069	439	40.7262807	-73.98978041	1
0	6	33703	237	40.73047309	-73.98672378	450	40.76227205	-73.98788205	1
0	6	3878	72	40.76727216	-73.99392888	538	40.75795248	-73.97787642	1
0	6	10880	472	40.7457121	-73.98194829	517	40.75149263	-73.97798848	1
0	6	2294	173	40.76064679	-73.98442659	359	40.75510267	-73.97498696	1
0	6	1156	417	40.71291224	-74.01020234	360	40.70717936	-74.00887308	3
0	6	35624	498	40.74854862	-73.98808416	516	40.75206862	-73.96784384	1
0	6	1397	465	40.75513557	-73.98658032	359	40.75510267	-73.97498696	1
0	6	1870	325	40.73624527	-73.98473765	290	40.76020258	-73.96478473	1
0	6	2083	363	40.70834698	-74.01713445	329	40.72043411	-74.01020609	1
0	6	27056	434	40.74317449	-74.00366443	329	40.72043411	-74.01020609	1
0	6	21579	499	40.76915505	-73.98191841	469	40.76344058	-73.98268129	1
0	6	3813	486	40.7462009	-73.98855723	380	40.73401143	-74.00293877	1
0	6	1405	394	40.72521311	-73.97768752	335	40.72903917	-73.99404649	1
0	6	28047	486	40.7462009	-73.98855723	173	40.76064679	-73.98442659	1
0	6	9216	315	40.70355377	-74.00670227	304	40.70463334	-74.01361706	1
0	6	18288	281	40.7643971	-73.97371465	510	40.7606597	-73.98042047	1
0	6	7045	475	40.73524276	-73.98758561	519	40.75188406	-73.97770164	1
0	6	1821	513	40.768254	-73.988639	318	40.75320159	-73.9779874	1
0	6	24398	534	40.70255065	-74.0127234	3002	40.711512	-74.015756	1
0	6	1529	315	40.70355377	-74.00670227	195	40.70905623	-74.01043382	1
0	6	3531	261	40.69474881	-73.98362464	233	40.69246277	-73.98963911	1
0	6	7129	459	40.746745	-74.007756	468	40.7652654	-73.98192338	1
0	6	4528	164	40.75323098	-73.97032517	507	40.73912601	-73.97973776	1
0	6	8617	415	40.7047177	-74.00926027	224	40.71146364	-74.00552427	1
0	6	5528	284	40.7390169121	-74.0026376103	375	40.72679454	-73.99695094	1
0	6	1347	157	40.69089272	-73.99612349	314	40.69424674	-73.99215922	1
0	6	25545	465	40.75513557	-73.98658032	137	40.761628	-73.972924	1
0	6	6497	318	40.75320159	-73.9779874	459	40.746745	-74.007756	1
0	6	7488	475	40.73524276	-73.98758561	504	40.73221853	-73.98165557	1
0	6	9540	462	40.74691959	-74.00451887	446	40.74487634	-73.99529885	1
0	6	6570	318	40.75320159	-73.9779874	469	40.76344058	-73.98268129	1
0	6	1287	519	40.75188406	-73.97770164	525	40.75594159	-74.0021163	1
0	6	1535	487	40.73314259	-73.97573881	228	40.7546011026	-73.971878855	1
0	6	1381	470	40.74345335	-74.00004031	461	40.73587678	-73.98205027	1
0	6	1454	540	40.74147286	-73.98320928	486	40.7462009	-73.98855723	1
0	6	43742	531	40.71893904	-73.99266288	440	40.75255434	-73.97282625	1
0	6	1612	524	40.75527307	-73.98316936	520	40.75992262	-73.97648516	1
0	6	41230	251	40.72317958	-73.99480012	254	40.73532427	-73.99800419	1
0	6	10505	433	40.72955361	-73.98057249	428	40.72467721	-73.98783413	1
0	6	6414	284	40.7390169121	-74.0026376103	293	40.73028666	-73.9907647	1
0	6	19308	531	40.71893904	-73.99266288	195	40.70905623	-74.01043382	1
0	6	5446	388	40.749717753	-74.002950346	442	40.746647	-73.993915	1
0	6	33325	334	40.74238787	-73.99726235	419	40.69580705	-73.97355569	1
0	6	35763	2003	40.73416059	-73.98024289	455	40.75001986	-73.96905301	1
0	6	19921	2021	40.75929124	-73.98859651	444	40.7423543	-73.98915076	1
0	6	1382	493	40.7568001	-73.98291153	450	40.76227205	-73.98788205	1
0	6	1254	323	40.69236178	-73.98631746	302	40.72082834	-73.97793172	1
0	6	2302	511	40.72938685	-73.97772429	476	40.74394314	-73.97966069	1
0	6	20317	168	40.73971301	-73.99456405	456	40.7597108	-73.97402311	1
0	6	4758	527	40.74315566	-73.97434726	379	40.749156	-73.9916	1
0	6	6294	466	40.74395411	-73.99144871	153	40.752062307	-73.9816324043	1
0	6	9108	444	40.7423543	-73.98915076	442	40.746647	-73.993915	1
0	6	33643	395	40.68807003	-73.98410637	416	40.68753406	-73.97265183	1
0	6	53158	264	40.70706456	-74.00731853	291	40.713126	-73.984844	1
0	6	1354	253	40.73543934	-73.99453948	128	40.72710258	-74.00297088	1
0	6	3697	2003	40.73416059	-73.98024289	164	40.75323098	-73.97032517	1
0	6	6030	499	40.76915505	-73.98191841	2023	40.75968085	-73.97031366	1
0	6	1337	389	40.71044554	-73.96525063	539	40.71534825	-73.96024116	1
0	6	35596	160	40.748238	-73.978311	456	40.7597108	-73.97402311	1
0	6	19073	517	40.75149263	-73.97798848	334	40.74238787	-73.99726235	1
0	6	8918	524	40.75527307	-73.98316936	367	40.75828065	-73.97069431	1
0	6	885	515	40.76009437	-73.99461843	505	40.74901271	-73.98848395	1
0	6	1047	267	40.75097711	-73.98765428	484	40.75500254	-73.98014437	1
0	6	27811	433	40.72955361	-73.98057249	238	40.7361967	-74.00859207	1
0	6	8436	447	40.76370739	-73.9851615	359	40.75510267	-73.97498696	1
0	6	4696	2021	40.75929124	-73.98859651	457	40.76695317	-73.98169333	1
0	6	20295	462	40.74691959	-74.00451887	325	40.73624527	-73.98473765	1
0	6	1366	337	40.7037992	-74.00838676	534	40.70255065	-74.0127234	1
0	6	37201	3002	40.711512	-74.015756	257	40.71939226	-74.00247214	1
0	6	49859	487	40.73314259	-73.97573881	301	40.72217444	-73.98368779	1
0	6	24769	128	40.72710258	-74.00297088	116	40.74177603	-74.00149746	1
0	6	12910	402	40.7403432	-73.98955109	458	40.751396	-74.005226	1
0	6	1237	318	40.75320159	-73.9779874	457	40.76695317	-73.98169333	1
0	6	996	347	40.72873888	-74.00748842	426	40.71754834	-74.01322069	1
0	6	17248	524	40.75527307	-73.98316936	522	40.75714758	-73.97207836	1
0	6	2137	359	40.75510267	-73.97498696	352	40.76340613	-73.97722479	1
0	6	6778	147	40.71542197	-74.01121978	320	40.71743998	-74.00583475	1
0	6	13632	146	40.71625008	-74.0091059	151	40.7218158	-73.99720307	1
0	6	3260	546	40.74444921	-73.98303529	519	40.75188406	-73.97770164	1
0	6	18403	478	40.76030096	-73.99884222	484	40.75500254	-73.98014437	1
0	6	36157	387	40.71273266	-74.0046073	152	40.71473993	-74.00910627	1
0	6	1228	360	40.70717936	-74.00887308	259	40.70122128	-74.01234218	1
0	6	27162	461	40.73587678	-73.98205027	402	40.7403432	-73.98955109	1
0	6	30061	498	40.74854862	-73.98808416	538	40.75795248	-73.97787642	1
0	6	4375	237	40.73047309	-73.98672378	403	40.72502876	-73.99069656	1
0	6	25890	267	40.75097711	-73.98765428	520	40.75992262	-73.97648516	1
0	6	10688	334	40.74238787	-73.99726235	497	40.73704984	-73.99009296	1
0	6	24340	448	40.75660359	-73.9979009	422	40.770513	-73.988038	1
0	6	29733	258	40.68940747	-73.96885458	233	40.69246277	-73.98963911	1
0	6	1425	474	40.7451677	-73.98683077	524	40.75527307	-73.98316936	1
0	6	8797	509	40.7454973	-74.00197139	223	40.73781509	-73.99994661	1
0	6	24499	486	40.7462009	-73.98855723	450	40.76227205	-73.98788205	1
0	6	1079	318	40.75320159	-73.9779874	524	40.75527307	-73.98316936	1
0	6	6181	265	40.72229346	-73.99147535	284	40.7390169121	-74.0026376103	1
0	6	24412	2022	40.75849116	-73.95920622	385	40.75797322	-73.96603308	1
0	6	5335	422	40.770513	-73.988038	514	40.76087502	-74.00277668	1
0	6	539	379	40.749156	-73.9916	444	40.7423543	-73.98915076	1
0	6	8341	340	40.71269042	-73.98776323	403	40.72502876	-73.99069656	1
0	6	53160	406	40.69512845	-73.99595065	321	40.69991755	-73.98971773	1
0	6	1232	405	40.739323	-74.008119	284	40.7390169121	-74.0026376103	1
0	6	1981	457	40.76695317	-73.98169333	456	40.7597108	-73.97402311	1
0	6	2885	519	40.75188406	-73.97770164	382	40.73492695	-73.99200509	1
0	6	4161	422	40.770513	-73.988038	228	40.7546011026	-73.971878855	1
0	6	38612	249	40.71870987	-74.0090009	309	40.7149787	-74.013012	1
0	6	28241	334	40.74238787	-73.99726235	469	40.76344058	-73.98268129	1
0	6	35314	409	40.6906495	-73.95643107	343	40.69794	-73.96986848	1
0	6	13082	469	40.76344058	-73.98268129	500	40.76228826	-73.98336183	1
0	6	2437	318	40.75320159	-73.9779874	510	40.7606597	-73.98042047	1
0	6	1608	420	40.68764484	-73.96968902	271	40.68528172	-73.97805813	1
0	6	45481	325	40.73624527	-73.98473765	492	40.75019995	-73.99093085	1
0	6	5098	167	40.7489006	-73.97604882	498	40.74854862	-73.98808416	1
0	6	2237	518	40.74780373	-73.9734419	518	40.74780373	-73.9734419	1
0	6	12873	536	40.74144387	-73.97536082	379	40.749156	-73.9916	1
0	6	14923	280	40.73331967	-73.99510132	445	40.72740794	-73.98142006	1
0	6	4378	479	40.76019252	-73.9912551	480	40.76669671	-73.99061728	1
0	6	13028	461	40.73587678	-73.98205027	475	40.73524276	-73.98758561	1
0	6	1086	332	40.71219906	-73.97948148	307	40.71427487	-73.98990025	1
0	6	18416	473	40.72110063	-73.9919254	307	40.71427487	-73.98990025	1
0	6	3112	480	40.76669671	-73.99061728	447	40.76370739	-73.9851615	1
0	6	25811	320	40.71743998	-74.00583475	276	40.71748752	-74.0104554	1
0	6	26250	500	40.76228826	-73.98336183	486	40.7462009	-73.98855723	1
0	6	24321	281	40.7643971	-73.97371465	173	40.76064679	-73.98442659	1
0	6	1650	448	40.75660359	-73.9979009	490	40.751551	-73.993934	1
0	6	1293	262	40.69178232	-73.97372989	416	40.68753406	-73.97265183	1
0	6	16416	524	40.75527307	-73.98316936	426	40.71754834	-74.01322069	1
0	6	2429	476	40.74394314	-73.97966069	540	40.74147286	-73.98320928	1
0	6	4705	511	40.72938685	-73.97772429	483	40.73223272	-73.98889957	1
0	6	12768	496	40.73726186	-73.99238967	466	40.74395411	-73.99144871	1
0	6	5387	2000	40.70255088	-73.98940236	430	40.7014851	-73.98656928	1
0	6	24453	241	40.68981035	-73.97493121	243	40.687979	-73.978474	1
0	6	27074	471	40.71286844	-73.95698119	285	40.73454567	-73.99074142	1
0	6	651	423	40.76584941	-73.98690506	520	40.75992262	-73.97648516	1
0	6	15934	237	40.73047309	-73.98672378	294	40.73049393	-73.9957214	1
0	6	5779	245	40.69327018	-73.97703874	239	40.69196566	-73.9813018	1
0	6	11095	223	40.73781509	-73.99994661	435	40.74173969	-73.99415556	1
0	6	28964	448	40.75660359	-73.9979009	488	40.75645824	-73.99372222	1
0	6	1107	406	40.69512845	-73.99595065	233	40.69246277	-73.98963911	1
0	6	9027	251	40.72317958	-73.99480012	348	40.72490985	-74.00154702	1
0	6	2034	417	40.71291224	-74.01020234	304	40.70463334	-74.01361706	1
0	6	1269	365	40.68223166	-73.9614583	437	40.6809833854	-73.9500479759	1
0	6	6581	319	40.71336124	-74.00937622	360	40.70717936	-74.00887308	1
0	6	25032	441	40.756014	-73.967416	228	40.7546011026	-73.971878855	1
0	6	35297	486	40.7462009	-73.98855723	546	40.74444921	-73.98303529	1
0	6	40210	291	40.713126	-73.984844	340	40.71269042	-73.98776323	1
0	6	2219	195	40.70905623	-74.01043382	264	40.70706456	-74.00731853	1
0	6	9728	490	40.751551	-73.993934	514	40.76087502	-74.00277668	2
0	6	791	358	40.73291553	-74.00711384	2004	40.724399	-74.004704	1
0	6	53131	323	40.69236178	-73.98631746	455	40.75001986	-73.96905301	1
0	6	14455	2004	40.724399	-74.004704	303	40.72362738	-73.99949601	1
0	6	759	473	40.72110063	-73.9919254	379	40.749156	-73.9916	1
0	6	736	495	40.76269882	-73.99301222	173	40.76064679	-73.98442659	1
0	6	757	477	40.75640548	-73.9900262	167	40.7489006	-73.97604882	2
0	6	16059	345	40.73649403	-73.99704374	511	40.72938685	-73.97772429	1
0	6	829	539	40.71534825	-73.96024116	161	40.72917025	-73.99810231	1
0	6	3364	485	40.75038009	-73.98338988	2017	40.75022392	-73.97121414	1
0	6	8070	485	40.75038009	-73.98338988	472	40.7457121	-73.98194829	1
0	6	3257	523	40.75466591	-73.99138152	459	40.746745	-74.007756	1
0	6	800	477	40.75640548	-73.9900262	359	40.75510267	-73.97498696	4
0	6	8967	477	40.75640548	-73.9900262	486	40.7462009	-73.98855723	1
0	6	753	316	40.70955958	-74.00653609	417	40.71291224	-74.01020234	1
0	6	24996	354	40.69363137	-73.96223558	233	40.69246277	-73.98963911	1
0	6	1242	466	40.74395411	-73.99144871	402	40.7403432	-73.98955109	1
0	6	4396	354	40.69363137	-73.96223558	324	40.689888	-73.981013	1
0	6	41206	2021	40.75929124	-73.98859651	527	40.74315566	-73.97434726	1
0	6	787	379	40.749156	-73.9916	496	40.73726186	-73.99238967	1
0	6	42111	455	40.75001986	-73.96905301	459	40.746745	-74.007756	1
0	6	14959	467	40.68312489	-73.97895137	467	40.68312489	-73.97895137	1
0	6	780	318	40.75320159	-73.9779874	493	40.7568001	-73.98291153	2
0	6	2374	127	40.73172428	-74.00674436	426	40.71754834	-74.01322069	1
0	6	568	477	40.75640548	-73.9900262	456	40.7597108	-73.97402311	3
0	6	820	511	40.72938685	-73.97772429	257	40.71939226	-74.00247214	1
0	6	785	326	40.72953837	-73.98426726	293	40.73028666	-73.9907647	1
0	6	728	519	40.75188406	-73.97770164	401	40.72019576	-73.98997825	1
0	6	7562	379	40.749156	-73.9916	375	40.72679454	-73.99695094	1
0	6	17949	514	40.76087502	-74.00277668	376	40.70862144	-74.00722156	1
0	6	2112	477	40.75640548	-73.9900262	268	40.71910537	-73.99973337	1
0	6	13023	383	40.735238	-74.000271	521	40.75044999	-73.99481051	1
0	6	1493	472	40.7457121	-73.98194829	527	40.74315566	-73.97434726	3
0	6	835	527	40.74315566	-73.97434726	524	40.75527307	-73.98316936	1
0	6	756	238	40.7361967	-74.00859207	459	40.746745	-74.007756	1
0	6	1096	405	40.739323	-74.008119	337	40.7037992	-74.00838676	1
0	6	29715	444	40.7423543	-73.98915076	238	40.7361967	-74.00859207	1
0	6	833	417	40.71291224	-74.01020234	534	40.70255065	-74.0127234	2
0	6	25192	477	40.75640548	-73.9900262	2012	40.739445	-73.976806	2
0	6	23136	478	40.76030096	-73.99884222	2021	40.75929124	-73.98859651	1
0	6	24354	350	40.71559509	-73.9870295	319	40.71336124	-74.00937622	1
0	6	24014	410	40.72066442	-73.98517977	284	40.7390169121	-74.0026376103	1
0	6	1980	492	40.75019995	-73.99093085	510	40.7606597	-73.98042047	1
0	6	24253	461	40.73587678	-73.98205027	351	40.70530954	-74.00612572	1
0	6	6072	435	40.74173969	-73.99415556	545	40.736502	-73.97809472	1
0	6	32772	258	40.68940747	-73.96885458	353	40.68539567	-73.97431458	1
0	6	17504	323	40.69236178	-73.98631746	327	40.7153379	-74.01658354	1
0	6	891	224	40.71146364	-74.00552427	306	40.70823502	-74.00530063	3
0	6	868	264	40.70706456	-74.00731853	309	40.7149787	-74.013012	1
0	6	210	358	40.73291553	-74.00711384	284	40.7390169121	-74.0026376103	2
0	6	812	487	40.73314259	-73.97573881	151	40.7218158	-73.99720307	1
0	6	805	422	40.770513	-73.988038	359	40.75510267	-73.97498696	1
0	6	1509	490	40.751551	-73.993934	520	40.75992262	-73.97648516	1
0	6	769	492	40.75019995	-73.99093085	456	40.7597108	-73.97402311	2
0	6	26006	523	40.75466591	-73.99138152	466	40.74395411	-73.99144871	2
0	6	21830	490	40.751551	-73.993934	525	40.75594159	-74.0021163	1
0	6	53132	322	40.696192	-73.991218	510	40.7606597	-73.98042047	1
0	6	822	379	40.749156	-73.9916	511	40.72938685	-73.97772429	1
0	6	39865	427	40.70251526	-74.01427023	401	40.72019576	-73.98997825	1
0	6	920	480	40.76669671	-73.99061728	510	40.7606597	-73.98042047	2
0	6	9399	521	40.75044999	-73.99481051	478	40.76030096	-73.99884222	1
0	6	865	488	40.75645824	-73.99372222	327	40.7153379	-74.01658354	1
0	6	824	448	40.75660359	-73.9979009	519	40.75188406	-73.97770164	1
0	6	860	521	40.75044999	-73.99481051	212	40.74334935	-74.00681753	1
0	6	754	546	40.74444921	-73.98303529	168	40.73971301	-73.99456405	1
0	6	2660	223	40.73781509	-73.99994661	309	40.7149787	-74.013012	1
0	6	1173	488	40.75645824	-73.99372222	167	40.7489006	-73.97604882	1
0	6	23253	336	40.73047747	-73.99906065	516	40.75206862	-73.96784384	1
0	6	853	492	40.75019995	-73.99093085	511	40.72938685	-73.97772429	1
0	6	23248	517	40.75149263	-73.97798848	527	40.74315566	-73.97434726	2
0	6	843	342	40.71739973	-73.98016555	417	40.71291224	-74.01020234	1
0	6	13258	146	40.71625008	-74.0091059	329	40.72043411	-74.01020609	2
0	6	862	521	40.75044999	-73.99481051	325	40.73624527	-73.98473765	1
0	6	867	477	40.75640548	-73.9900262	484	40.75500254	-73.98014437	1
0	6	42123	527	40.74315566	-73.97434726	486	40.7462009	-73.98855723	1
0	6	13938	368	40.73038599	-74.00214988	151	40.7218158	-73.99720307	1
0	6	35248	478	40.76030096	-73.99884222	450	40.76227205	-73.98788205	1
0	6	890	488	40.75645824	-73.99372222	336	40.73047747	-73.99906065	1
0	6	580	363	40.70834698	-74.01713445	327	40.7153379	-74.01658354	1
0	6	794	492	40.75019995	-73.99093085	527	40.74315566	-73.97434726	2
0	6	12874	410	40.72066442	-73.98517977	285	40.73454567	-73.99074142	1
0	6	1795	477	40.75640548	-73.9900262	173	40.76064679	-73.98442659	1
0	6	117	447	40.76370739	-73.9851615	499	40.76915505	-73.98191841	1
0	6	24149	380	40.73401143	-74.00293877	267	40.75097711	-73.98765428	1
0	6	1831	379	40.749156	-73.9916	2012	40.739445	-73.976806	3
0	6	35956	291	40.713126	-73.984844	312	40.722055	-73.989111	1
0	6	6148	454	40.75455731	-73.96592976	422	40.770513	-73.988038	1
0	6	1826	296	40.71413089	-73.9970468	417	40.71291224	-74.01020234	1
0	6	903	358	40.73291553	-74.00711384	359	40.75510267	-73.97498696	1
0	6	5250	492	40.75019995	-73.99093085	167	40.7489006	-73.97604882	1
0	6	42117	445	40.72740794	-73.98142006	493	40.7568001	-73.98291153	1
0	6	1250	459	40.746745	-74.007756	519	40.75188406	-73.97770164	1
0	6	8427	293	40.73028666	-73.9907647	2010	40.72165481	-74.00234737	1
0	6	649	327	40.7153379	-74.01658354	329	40.72043411	-74.01020609	4
0	6	1306	379	40.749156	-73.9916	546	40.74444921	-73.98303529	1
0	6	20382	492	40.75019995	-73.99093085	459	40.746745	-74.007756	1
0	6	761	502	40.714215	-73.981346	311	40.7172274	-73.98802084	2
0	6	913	345	40.73649403	-73.99704374	345	40.73649403	-73.99704374	1
0	6	1200	490	40.751551	-73.993934	447	40.76370739	-73.9851615	2
0	6	2275	490	40.751551	-73.993934	228	40.7546011026	-73.971878855	2
0	6	1629	160	40.748238	-73.978311	351	40.70530954	-74.00612572	1
0	6	53133	334	40.74238787	-73.99726235	307	40.71427487	-73.98990025	1
0	6	42129	523	40.75466591	-73.99138152	455	40.75001986	-73.96905301	1
0	6	30804	137	40.761628	-73.972924	334	40.74238787	-73.99726235	1
0	6	849	492	40.75019995	-73.99093085	305	40.76095756	-73.96724467	1
0	6	883	492	40.75019995	-73.99093085	538	40.75795248	-73.97787642	1
0	6	22341	453	40.74475148	-73.99915362	212	40.74334935	-74.00681753	1
0	6	2517	280	40.73331967	-73.99510132	382	40.73492695	-73.99200509	2
0	6	1779	428	40.72467721	-73.98783413	519	40.75188406	-73.97770164	1
0	6	35226	236	40.7284186	-73.98713956	325	40.73624527	-73.98473765	1
0	6	53134	394	40.72521311	-73.97768752	225	40.74195138	-74.00803013	1
0	6	53135	387	40.71273266	-74.0046073	352	40.76340613	-73.97722479	1
0	6	21284	394	40.72521311	-73.97768752	291	40.713126	-73.984844	1
0	6	946	515	40.76009437	-73.99461843	359	40.75510267	-73.97498696	2
0	6	881	174	40.7381765	-73.97738662	422	40.770513	-73.988038	1
0	6	758	224	40.71146364	-74.00552427	319	40.71336124	-74.00937622	1
0	6	985	515	40.76009437	-73.99461843	318	40.75320159	-73.9779874	1
0	6	22815	457	40.76695317	-73.98169333	422	40.770513	-73.988038	2
0	6	21461	515	40.76009437	-73.99461843	459	40.746745	-74.007756	2
0	6	899	492	40.75019995	-73.99093085	444	40.7423543	-73.98915076	1
0	6	9725	474	40.7451677	-73.98683077	472	40.7457121	-73.98194829	2
0	6	581	128	40.72710258	-74.00297088	229	40.72743423	-73.99379025	1
0	6	1406	512	40.7500727	-73.99839279	212	40.74334935	-74.00681753	2
0	6	45229	402	40.7403432	-73.98955109	351	40.70530954	-74.00612572	1
0	6	24291	490	40.751551	-73.993934	253	40.73543934	-73.99453948	1
0	6	34078	455	40.75001986	-73.96905301	2022	40.75849116	-73.95920622	1
0	6	846	521	40.75044999	-73.99481051	347	40.72873888	-74.00748842	1
0	6	53136	490	40.751551	-73.993934	516	40.75206862	-73.96784384	1
0	6	7952	285	40.73454567	-73.99074142	128	40.72710258	-74.00297088	1
0	6	33936	82	40.71117416	-74.00016545	447	40.76370739	-73.9851615	1
0	6	11403	476	40.74394314	-73.97966069	379	40.749156	-73.9916	3
0	6	17372	487	40.73314259	-73.97573881	337	40.7037992	-74.00838676	1
0	6	32466	238	40.7361967	-74.00859207	488	40.75645824	-73.99372222	1
0	6	34896	513	40.768254	-73.988639	510	40.7606597	-73.98042047	1
0	6	7154	318	40.75320159	-73.9779874	305	40.76095756	-73.96724467	2
0	6	12038	546	40.74444921	-73.98303529	440	40.75255434	-73.97282625	1
0	6	10887	458	40.751396	-74.005226	458	40.751396	-74.005226	1
0	6	22346	490	40.751551	-73.993934	499	40.76915505	-73.98191841	1
0	6	943	327	40.7153379	-74.01658354	417	40.71291224	-74.01020234	1
0	6	8546	477	40.75640548	-73.9900262	458	40.751396	-74.005226	1
0	6	1911	432	40.72621788	-73.98379855	293	40.73028666	-73.9907647	2
0	6	20362	267	40.75097711	-73.98765428	281	40.7643971	-73.97371465	1
0	6	3587	151	40.7218158	-73.99720307	329	40.72043411	-74.01020609	1
0	6	777	254	40.73532427	-73.99800419	327	40.7153379	-74.01658354	1
0	6	1333	387	40.71273266	-74.0046073	329	40.72043411	-74.01020609	1
0	6	928	348	40.72490985	-74.00154702	435	40.74173969	-73.99415556	1
0	6	49040	2006	40.76590936	-73.97634151	2017	40.75022392	-73.97121414	1
0	6	909	379	40.749156	-73.9916	527	40.74315566	-73.97434726	5
0	6	1048	519	40.75188406	-73.97770164	527	40.74315566	-73.97434726	1
0	6	7388	430	40.7014851	-73.98656928	343	40.69794	-73.96986848	1
0	6	24201	545	40.736502	-73.97809472	524	40.75527307	-73.98316936	1
0	6	951	507	40.73912601	-73.97973776	510	40.7606597	-73.98042047	1
0	6	22505	285	40.73454567	-73.99074142	426	40.71754834	-74.01322069	2
0	6	5957	490	40.751551	-73.993934	450	40.76227205	-73.98788205	1
0	6	1480	503	40.73827428	-73.98751968	475	40.73524276	-73.98758561	1
0	6	905	406	40.69512845	-73.99595065	406	40.69512845	-73.99595065	1
0	6	12814	495	40.76269882	-73.99301222	499	40.76915505	-73.98191841	1
0	6	923	488	40.75645824	-73.99372222	147	40.71542197	-74.01121978	1
0	6	5435	503	40.73827428	-73.98751968	253	40.73543934	-73.99453948	1
0	6	8153	496	40.73726186	-73.99238967	290	40.76020258	-73.96478473	1
0	6	11330	496	40.73726186	-73.99238967	228	40.7546011026	-73.971878855	1
0	6	3706	376	40.70862144	-74.00722156	309	40.7149787	-74.013012	1
0	6	8429	301	40.72217444	-73.98368779	229	40.72743423	-73.99379025	1
0	6	8356	453	40.74475148	-73.99915362	442	40.746647	-73.993915	1
0	6	9857	436	40.68216564	-73.95399026	251	40.72317958	-73.99480012	1
0	6	34543	382	40.73492695	-73.99200509	520	40.75992262	-73.97648516	1
0	6	801	421	40.69573398	-73.97129668	430	40.7014851	-73.98656928	1
0	6	20304	507	40.73912601	-73.97973776	402	40.7403432	-73.98955109	1
0	6	3222	450	40.76227205	-73.98788205	137	40.761628	-73.972924	1
0	6	697	317	40.72453734	-73.98185424	285	40.73454567	-73.99074142	1
0	6	20735	490	40.751551	-73.993934	484	40.75500254	-73.98014437	3
0	6	4066	368	40.73038599	-74.00214988	347	40.72873888	-74.00748842	1
0	6	950	342	40.71739973	-73.98016555	296	40.71413089	-73.9970468	1
0	6	1106	238	40.7361967	-74.00859207	328	40.72405549	-74.00965965	1
0	6	3756	363	40.70834698	-74.01713445	2008	40.70569254	-74.01677685	1
0	6	18326	147	40.71542197	-74.01121978	276	40.71748752	-74.0104554	1
0	6	1085	546	40.74444921	-73.98303529	540	40.74147286	-73.98320928	1
0	6	2551	459	40.746745	-74.007756	488	40.75645824	-73.99372222	1
0	6	1857	523	40.75466591	-73.99138152	497	40.73704984	-73.99009296	1
0	6	1800	477	40.75640548	-73.9900262	281	40.7643971	-73.97371465	1
0	6	1565	515	40.76009437	-73.99461843	508	40.76341379	-73.99667444	1
0	6	26604	285	40.73454567	-73.99074142	497	40.73704984	-73.99009296	1
0	6	34189	433	40.72955361	-73.98057249	494	40.74734825	-73.99723551	1
0	6	983	319	40.71336124	-74.00937622	329	40.72043411	-74.01020609	1
0	6	1361	167	40.7489006	-73.97604882	510	40.7606597	-73.98042047	1
0	6	679	477	40.75640548	-73.9900262	510	40.7606597	-73.98042047	1
0	6	817	320	40.71743998	-74.00583475	417	40.71291224	-74.01020234	1
0	6	947	521	40.75044999	-73.99481051	116	40.74177603	-74.00149746	1
0	6	926	540	40.74147286	-73.98320928	466	40.74395411	-73.99144871	1
0	6	1051	495	40.76269882	-73.99301222	422	40.770513	-73.988038	1
0	6	14514	297	40.734232	-73.986923	127	40.73172428	-74.00674436	1
0	6	10670	459	40.746745	-74.007756	281	40.7643971	-73.97371465	1
0	6	37397	479	40.76019252	-73.9912551	423	40.76584941	-73.98690506	1
0	6	51307	433	40.72955361	-73.98057249	527	40.74315566	-73.97434726	1
0	6	2038	470	40.74345335	-74.00004031	323	40.69236178	-73.98631746	1
0	6	842	477	40.75640548	-73.9900262	352	40.76340613	-73.97722479	3
0	6	35235	306	40.70823502	-74.00530063	525	40.75594159	-74.0021163	1
0	6	29071	345	40.73649403	-73.99704374	253	40.73543934	-73.99453948	1
0	6	1092	511	40.72938685	-73.97772429	497	40.73704984	-73.99009296	1
0	6	977	477	40.75640548	-73.9900262	500	40.76228826	-73.98336183	1
0	6	24307	477	40.75640548	-73.9900262	496	40.73726186	-73.99238967	1
0	6	6601	464	40.75934501	-73.96759673	457	40.76695317	-73.98169333	1
0	6	3039	469	40.76344058	-73.98268129	441	40.756014	-73.967416	1
0	6	821	302	40.72082834	-73.97793172	295	40.71406667	-73.99293911	1
0	6	1326	490	40.751551	-73.993934	508	40.76341379	-73.99667444	5
0	6	29897	450	40.76227205	-73.98788205	433	40.72955361	-73.98057249	1
0	6	4963	497	40.73704984	-73.99009296	519	40.75188406	-73.97770164	1
0	6	994	417	40.71291224	-74.01020234	233	40.69246277	-73.98963911	1
0	6	19243	505	40.74901271	-73.98848395	2021	40.75929124	-73.98859651	1
0	6	53137	212	40.74334935	-74.00681753	527	40.74315566	-73.97434726	1
0	6	19904	394	40.72521311	-73.97768752	483	40.73223272	-73.98889957	1
0	6	53138	438	40.72779126	-73.98564945	173	40.76064679	-73.98442659	1
0	6	9368	168	40.73971301	-73.99456405	461	40.73587678	-73.98205027	1
0	6	1536	523	40.75466591	-73.99138152	496	40.73726186	-73.99238967	1
0	6	3317	237	40.73047309	-73.98672378	497	40.73704984	-73.99009296	1
0	6	1184	477	40.75640548	-73.9900262	444	40.7423543	-73.98915076	1
0	6	537	2021	40.75929124	-73.98859651	499	40.76915505	-73.98191841	1
0	6	6077	384	40.68317813	-73.9659641	313	40.69610226	-73.96751037	1
0	6	925	379	40.749156	-73.9916	153	40.752062307	-73.9816324043	1
0	6	7288	492	40.75019995	-73.99093085	507	40.73912601	-73.97973776	1
0	6	995	329	40.72043411	-74.01020609	521	40.75044999	-73.99481051	1
0	6	10893	426	40.71754834	-74.01322069	427	40.70251526	-74.01427023	1
0	6	1021	445	40.72740794	-73.98142006	293	40.73028666	-73.9907647	2
0	6	1766	346	40.73652889	-74.00618026	147	40.71542197	-74.01121978	1
0	6	37200	477	40.75640548	-73.9900262	267	40.75097711	-73.98765428	1
0	6	24551	342	40.71739973	-73.98016555	195	40.70905623	-74.01043382	1
0	6	991	496	40.73726186	-73.99238967	2012	40.739445	-73.976806	2
0	6	5152	174	40.7381765	-73.97738662	461	40.73587678	-73.98205027	1
0	6	2822	487	40.73314259	-73.97573881	545	40.736502	-73.97809472	2
0	6	267	519	40.75188406	-73.97770164	461	40.73587678	-73.98205027	1
0	6	1241	318	40.75320159	-73.9779874	520	40.75992262	-73.97648516	1
0	6	49472	239	40.69196566	-73.9813018	261	40.69474881	-73.98362464	1
0	6	13153	328	40.72405549	-74.00965965	527	40.74315566	-73.97434726	1
0	6	11224	490	40.751551	-73.993934	458	40.751396	-74.005226	1
0	6	9980	405	40.739323	-74.008119	380	40.73401143	-74.00293877	1
0	6	894	263	40.71729	-73.996375	309	40.7149787	-74.013012	2
0	6	1435	265	40.72229346	-73.99147535	147	40.71542197	-74.01121978	1
0	6	746	480	40.76669671	-73.99061728	499	40.76915505	-73.98191841	1
0	6	36137	477	40.75640548	-73.9900262	516	40.75206862	-73.96784384	1
0	6	24957	151	40.7218158	-73.99720307	415	40.7047177	-74.00926027	1
0	6	2182	477	40.75640548	-73.9900262	228	40.7546011026	-73.971878855	1
0	6	13710	466	40.74395411	-73.99144871	444	40.7423543	-73.98915076	1
0	6	8200	505	40.74901271	-73.98848395	484	40.75500254	-73.98014437	1
0	6	42357	279	40.69986937	-73.98271933	430	40.7014851	-73.98656928	1
0	6	1279	519	40.75188406	-73.97770164	466	40.74395411	-73.99144871	1
0	6	53139	168	40.73971301	-73.99456405	522	40.75714758	-73.97207836	1
0	6	1025	2003	40.73416059	-73.98024289	474	40.7451677	-73.98683077	1
0	6	17138	351	40.70530954	-74.00612572	259	40.70122128	-74.01234218	1
0	6	1138	482	40.73935542	-73.99931783	2012	40.739445	-73.976806	1
0	6	5849	482	40.73935542	-73.99931783	404	40.7405826	-74.00550867	1
0	6	9054	478	40.76030096	-73.99884222	326	40.72953837	-73.98426726	1
0	6	1020	521	40.75044999	-73.99481051	515	40.76009437	-73.99461843	1
0	6	1037	502	40.714215	-73.981346	428	40.72467721	-73.98783413	1
0	6	20841	428	40.72467721	-73.98783413	438	40.72779126	-73.98564945	1
0	6	12786	523	40.75466591	-73.99138152	402	40.7403432	-73.98955109	1
0	6	15461	444	40.7423543	-73.98915076	518	40.74780373	-73.9734419	1
0	6	10276	247	40.73535398	-74.00483091	247	40.73535398	-74.00483091	1
0	6	922	485	40.75038009	-73.98338988	510	40.7606597	-73.98042047	1
0	6	24324	395	40.68807003	-73.98410637	309	40.7149787	-74.013012	1
0	6	1342	453	40.74475148	-73.99915362	462	40.74691959	-74.00451887	1
0	6	593	492	40.75019995	-73.99093085	153	40.752062307	-73.9816324043	1
0	6	53140	406	40.69512845	-73.99595065	447	40.76370739	-73.9851615	1
0	6	2212	488	40.75645824	-73.99372222	402	40.7403432	-73.98955109	1
0	6	15592	367	40.75828065	-73.97069431	510	40.7606597	-73.98042047	1
0	6	24559	512	40.7500727	-73.99839279	147	40.71542197	-74.01121978	1
0	6	32897	335	40.72903917	-73.99404649	486	40.7462009	-73.98855723	1
0	6	24389	258	40.68940747	-73.96885458	426	40.71754834	-74.01322069	1
0	6	1953	241	40.68981035	-73.97493121	324	40.689888	-73.981013	2
0	6	35239	509	40.7454973	-74.00197139	2021	40.75929124	-73.98859651	1
0	6	2673	405	40.739323	-74.008119	328	40.72405549	-74.00965965	1
0	6	53141	265	40.72229346	-73.99147535	417	40.71291224	-74.01020234	1
0	6	1057	293	40.73028666	-73.9907647	445	40.72740794	-73.98142006	1
0	6	1964	161	40.72917025	-73.99810231	426	40.71754834	-74.01322069	1
0	6	1290	2003	40.73416059	-73.98024289	315	40.70355377	-74.00670227	1
0	6	1410	363	40.70834698	-74.01713445	309	40.7149787	-74.013012	2
0	6	851	492	40.75019995	-73.99093085	359	40.75510267	-73.97498696	1
0	6	864	366	40.693261	-73.968896	324	40.689888	-73.981013	1
0	6	9052	2012	40.739445	-73.976806	2003	40.73416059	-73.98024289	1
0	6	1050	270	40.69308257	-73.97178913	239	40.69196566	-73.9813018	1
0	6	24331	259	40.70122128	-74.01234218	311	40.7172274	-73.98802084	1
0	6	23713	350	40.71559509	-73.9870295	251	40.72317958	-73.99480012	1
0	6	38323	212	40.74334935	-74.00681753	346	40.73652889	-74.00618026	1
0	6	1155	428	40.72467721	-73.98783413	116	40.74177603	-74.00149746	1
0	6	902	453	40.74475148	-73.99915362	83	40.68382604	-73.97632328	1
0	6	966	511	40.72938685	-73.97772429	174	40.7381765	-73.97738662	1
0	6	12749	439	40.7262807	-73.98978041	410	40.72066442	-73.98517977	1
0	6	3018	2008	40.70569254	-74.01677685	327	40.7153379	-74.01658354	1
0	6	24194	368	40.73038599	-74.00214988	309	40.7149787	-74.013012	1
0	6	3342	168	40.73971301	-73.99456405	402	40.7403432	-73.98955109	1
0	6	53142	350	40.71559509	-73.9870295	440	40.75255434	-73.97282625	1
0	6	1041	477	40.75640548	-73.9900262	318	40.75320159	-73.9779874	1
0	6	2418	507	40.73912601	-73.97973776	477	40.75640548	-73.9900262	1
0	6	24419	317	40.72453734	-73.98185424	323	40.69236178	-73.98631746	1
0	6	53143	438	40.72779126	-73.98564945	360	40.70717936	-74.00887308	1
0	6	9066	447	40.76370739	-73.9851615	456	40.7597108	-73.97402311	1
0	6	53144	510	40.7606597	-73.98042047	297	40.734232	-73.986923	1
0	6	25500	342	40.71739973	-73.98016555	349	40.71850211	-73.98329859	1
0	6	1833	270	40.69308257	-73.97178913	324	40.689888	-73.981013	2
0	6	4787	442	40.746647	-73.993915	484	40.75500254	-73.98014437	1
0	6	14590	502	40.714215	-73.981346	285	40.73454567	-73.99074142	1
0	6	11448	346	40.73652889	-74.00618026	151	40.7218158	-73.99720307	1
0	6	53145	527	40.74315566	-73.97434726	423	40.76584941	-73.98690506	1
0	6	3165	519	40.75188406	-73.97770164	458	40.751396	-74.005226	1
0	6	24335	417	40.71291224	-74.01020234	367	40.75828065	-73.97069431	1
0	6	36029	319	40.71336124	-74.00937622	359	40.75510267	-73.97498696	2
0	6	1737	393	40.72299208	-73.97995466	293	40.73028666	-73.9907647	1
0	6	11491	347	40.72873888	-74.00748842	459	40.746745	-74.007756	1
0	6	28318	520	40.75992262	-73.97648516	367	40.75828065	-73.97069431	1
0	6	30518	441	40.756014	-73.967416	472	40.7457121	-73.98194829	1
0	6	2204	2021	40.75929124	-73.98859651	510	40.7606597	-73.98042047	1
0	6	53146	389	40.71044554	-73.96525063	466	40.74395411	-73.99144871	1
0	6	10676	505	40.74901271	-73.98848395	137	40.761628	-73.972924	1
0	6	31956	507	40.73912601	-73.97973776	380	40.73401143	-74.00293877	1
0	6	8222	507	40.73912601	-73.97973776	486	40.7462009	-73.98855723	1
0	6	1510	523	40.75466591	-73.99138152	359	40.75510267	-73.97498696	3
0	6	10960	367	40.75828065	-73.97069431	456	40.7597108	-73.97402311	1
0	6	719	521	40.75044999	-73.99481051	457	40.76695317	-73.98169333	1
0	6	844	521	40.75044999	-73.99481051	456	40.7597108	-73.97402311	1
0	6	11602	479	40.76019252	-73.9912551	328	40.72405549	-74.00965965	1
0	6	3540	212	40.74334935	-74.00681753	116	40.74177603	-74.00149746	1
0	6	37326	523	40.75466591	-73.99138152	527	40.74315566	-73.97434726	3
0	6	724	237	40.73047309	-73.98672378	285	40.73454567	-73.99074142	1
0	6	1121	448	40.75660359	-73.9979009	479	40.76019252	-73.9912551	1
0	6	3605	457	40.76695317	-73.98169333	500	40.76228826	-73.98336183	1
0	6	4715	496	40.73726186	-73.99238967	459	40.746745	-74.007756	1
0	6	48062	309	40.7149787	-74.013012	293	40.73028666	-73.9907647	1
0	6	1465	401	40.72019576	-73.98997825	337	40.7037992	-74.00838676	1
0	6	973	387	40.71273266	-74.0046073	309	40.7149787	-74.013012	3
0	6	1188	385	40.75797322	-73.96603308	2012	40.739445	-73.976806	1
0	6	1008	521	40.75044999	-73.99481051	458	40.751396	-74.005226	3
0	6	42145	300	40.728145	-73.990214	387	40.71273266	-74.0046073	1
0	6	35320	328	40.72405549	-74.00965965	484	40.75500254	-73.98014437	1
0	6	1623	523	40.75466591	-73.99138152	318	40.75320159	-73.9779874	2
0	6	4863	459	40.746745	-74.007756	458	40.751396	-74.005226	1
0	6	53147	546	40.74444921	-73.98303529	357	40.73261787	-73.99158043	1
0	6	1198	519	40.75188406	-73.97770164	415	40.7047177	-74.00926027	1
0	6	618	521	40.75044999	-73.99481051	462	40.74691959	-74.00451887	2
0	6	5023	386	40.71494807	-74.00234482	337	40.7037992	-74.00838676	1
0	6	13171	515	40.76009437	-73.99461843	521	40.75044999	-73.99481051	1
0	6	4131	496	40.73726186	-73.99238967	318	40.75320159	-73.9779874	2
0	6	33534	2022	40.75849116	-73.95920622	402	40.7403432	-73.98955109	1
0	6	42622	150	40.7208736	-73.98085795	539	40.71534825	-73.96024116	1
0	6	1001	369	40.73224119	-74.00026394	306	40.70823502	-74.00530063	1
0	6	1194	519	40.75188406	-73.97770164	195	40.70905623	-74.01043382	1
0	6	11788	521	40.75044999	-73.99481051	435	40.74173969	-73.99415556	3
0	6	1103	523	40.75466591	-73.99138152	522	40.75714758	-73.97207836	1
0	6	869	521	40.75044999	-73.99481051	500	40.76228826	-73.98336183	1
0	6	30279	498	40.74854862	-73.98808416	527	40.74315566	-73.97434726	2
0	6	218	359	40.75510267	-73.97498696	450	40.76227205	-73.98788205	2
0	6	2016	420	40.68764484	-73.96968902	253	40.73543934	-73.99453948	2
0	6	17704	518	40.74780373	-73.9734419	285	40.73454567	-73.99074142	1
0	6	1214	521	40.75044999	-73.99481051	359	40.75510267	-73.97498696	2
0	6	14	499	40.76915505	-73.98191841	352	40.76340613	-73.97722479	1
0	6	1839	433	40.72955361	-73.98057249	458	40.751396	-74.005226	1
0	6	1460	457	40.76695317	-73.98169333	367	40.75828065	-73.97069431	1
0	6	40422	469	40.76344058	-73.98268129	504	40.73221853	-73.98165557	1
0	6	13096	2008	40.70569254	-74.01677685	309	40.7149787	-74.013012	1
0	6	53148	326	40.72953837	-73.98426726	450	40.76227205	-73.98788205	1
0	6	48285	523	40.75466591	-73.99138152	319	40.71336124	-74.00937622	1
0	6	53149	368	40.73038599	-74.00214988	342	40.71739973	-73.98016555	1
0	6	1109	263	40.71729	-73.996375	417	40.71291224	-74.01020234	1
0	6	26991	498	40.74854862	-73.98808416	522	40.75714758	-73.97207836	1
0	6	20684	476	40.74394314	-73.97966069	459	40.746745	-74.007756	1
0	6	22500	521	40.75044999	-73.99481051	472	40.7457121	-73.98194829	1
0	6	1131	405	40.739323	-74.008119	426	40.71754834	-74.01322069	1
0	6	43299	334	40.74238787	-73.99726235	327	40.7153379	-74.01658354	1
0	6	1708	325	40.73624527	-73.98473765	257	40.71939226	-74.00247214	1
0	6	34352	217	40.70277159	-73.99383605	467	40.68312489	-73.97895137	1
0	6	18660	480	40.76669671	-73.99061728	127	40.73172428	-74.00674436	1
0	6	517	478	40.76030096	-73.99884222	490	40.751551	-73.993934	1
0	6	20536	465	40.75513557	-73.98658032	527	40.74315566	-73.97434726	1
0	6	34146	487	40.73314259	-73.97573881	509	40.7454973	-74.00197139	1
0	6	53150	416	40.68753406	-73.97265183	440	40.75255434	-73.97282625	1
0	6	1069	508	40.76341379	-73.99667444	137	40.761628	-73.972924	1
0	6	1864	433	40.72955361	-73.98057249	285	40.73454567	-73.99074142	1
0	6	42521	2021	40.75929124	-73.98859651	137	40.761628	-73.972924	1
0	6	29292	490	40.751551	-73.993934	242	40.69788349	-73.97350332	1
0	6	36294	379	40.749156	-73.9916	517	40.75149263	-73.97798848	1
0	6	24375	447	40.76370739	-73.9851615	442	40.746647	-73.993915	1
0	6	37232	484	40.75500254	-73.98014437	522	40.75714758	-73.97207836	1
0	6	1962	462	40.74691959	-74.00451887	402	40.7403432	-73.98955109	1
0	6	1263	284	40.7390169121	-74.0026376103	352	40.76340613	-73.97722479	1
0	6	44451	478	40.76030096	-73.99884222	510	40.7606597	-73.98042047	1
0	6	42149	302	40.72082834	-73.97793172	347	40.72873888	-74.00748842	1
0	6	47244	160	40.748238	-73.978311	168	40.73971301	-73.99456405	1
0	6	29838	478	40.76030096	-73.99884222	493	40.7568001	-73.98291153	1
0	6	35242	511	40.72938685	-73.97772429	545	40.736502	-73.97809472	1
0	6	10103	433	40.72955361	-73.98057249	297	40.734232	-73.986923	1
0	6	7961	426	40.71754834	-74.01322069	375	40.72679454	-73.99695094	1
0	6	941	290	40.76020258	-73.96478473	527	40.74315566	-73.97434726	1
0	6	23588	326	40.72953837	-73.98426726	251	40.72317958	-73.99480012	1
0	6	12361	345	40.73649403	-73.99704374	504	40.73221853	-73.98165557	1
0	6	40581	247	40.73535398	-74.00483091	334	40.74238787	-73.99726235	1
0	6	30028	328	40.72405549	-74.00965965	519	40.75188406	-73.97770164	1
0	6	1558	332	40.71219906	-73.97948148	260	40.70365182	-74.01167797	1
0	6	2348	515	40.76009437	-73.99461843	486	40.7462009	-73.98855723	1
0	6	31999	379	40.749156	-73.9916	455	40.75001986	-73.96905301	1
0	6	11273	482	40.73935542	-73.99931783	446	40.74487634	-73.99529885	1
0	6	1205	318	40.75320159	-73.9779874	450	40.76227205	-73.98788205	4
0	6	2288	376	40.70862144	-74.00722156	173	40.76064679	-73.98442659	1
0	6	53151	505	40.74901271	-73.98848395	2012	40.739445	-73.976806	1
0	6	33332	2003	40.73416059	-73.98024289	477	40.75640548	-73.9900262	1
0	6	15249	490	40.751551	-73.993934	490	40.751551	-73.993934	1
0	6	50293	152	40.71473993	-74.00910627	500	40.76228826	-73.98336183	1
0	6	18220	339	40.72580614	-73.97422494	361	40.71605866	-73.99190759	1
0	6	8470	410	40.72066442	-73.98517977	251	40.72317958	-73.99480012	1
0	6	22147	531	40.71893904	-73.99266288	265	40.72229346	-73.99147535	1
0	6	35372	152	40.71473993	-74.00910627	469	40.76344058	-73.98268129	1
0	6	1286	310	40.68926942	-73.98912867	417	40.71291224	-74.01020234	2
0	6	1183	360	40.70717936	-74.00887308	309	40.7149787	-74.013012	2
0	6	53152	423	40.76584941	-73.98690506	359	40.75510267	-73.97498696	1
0	6	13456	297	40.734232	-73.986923	375	40.72679454	-73.99695094	1
0	6	3582	465	40.75513557	-73.98658032	472	40.7457121	-73.98194829	1
0	6	1496	508	40.76341379	-73.99667444	426	40.71754834	-74.01322069	1
0	6	33412	2003	40.73416059	-73.98024289	476	40.74394314	-73.97966069	1
0	6	53153	301	40.72217444	-73.98368779	546	40.74444921	-73.98303529	1
0	6	2343	411	40.72228087	-73.97668709	223	40.73781509	-73.99994661	1
0	6	1244	300	40.728145	-73.990214	268	40.71910537	-73.99973337	1
0	6	1436	499	40.76915505	-73.98191841	456	40.7597108	-73.97402311	2
0	6	2408	271	40.68528172	-73.97805813	392	40.695065	-73.987167	1
0	6	12316	433	40.72955361	-73.98057249	483	40.73223272	-73.98889957	1
0	6	834	499	40.76915505	-73.98191841	137	40.761628	-73.972924	2
0	6	1208	546	40.74444921	-73.98303529	522	40.75714758	-73.97207836	1
0	6	27357	523	40.75466591	-73.99138152	348	40.72490985	-74.00154702	1
0	6	605	465	40.75513557	-73.98658032	318	40.75320159	-73.9779874	1
0	6	7322	167	40.7489006	-73.97604882	524	40.75527307	-73.98316936	1
0	6	35304	434	40.74317449	-74.00366443	534	40.70255065	-74.0127234	1
0	6	35276	504	40.73221853	-73.98165557	500	40.76228826	-73.98336183	1
0	6	514	428	40.72467721	-73.98783413	252	40.73226398	-73.99852205	1
0	6	53154	448	40.75660359	-73.9979009	249	40.71870987	-74.0090009	1
0	6	970	469	40.76344058	-73.98268129	499	40.76915505	-73.98191841	1
0	6	3331	465	40.75513557	-73.98658032	305	40.76095756	-73.96724467	1
0	6	29081	266	40.72368361	-73.97574813	411	40.72228087	-73.97668709	1
0	6	53155	470	40.74345335	-74.00004031	510	40.7606597	-73.98042047	1
0	6	1308	352	40.76340613	-73.97722479	359	40.75510267	-73.97498696	1
0	6	1212	368	40.73038599	-74.00214988	327	40.7153379	-74.01658354	1
0	6	12403	128	40.72710258	-74.00297088	285	40.73454567	-73.99074142	1
0	6	53156	243	40.687979	-73.978474	531	40.71893904	-73.99266288	1
0	6	9228	459	40.746745	-74.007756	517	40.75149263	-73.97798848	1
0	6	1199	410	40.72066442	-73.98517977	323	40.69236178	-73.98631746	1
0	6	24610	254	40.73532427	-73.99800419	223	40.73781509	-73.99994661	1
0	6	1143	426	40.71754834	-74.01322069	387	40.71273266	-74.0046073	2
0	6	29163	410	40.72066442	-73.98517977	342	40.71739973	-73.98016555	1
0	6	13783	79	40.71911552	-74.00666661	152	40.71473993	-74.00910627	1
0	6	45274	448	40.75660359	-73.9979009	379	40.749156	-73.9916	1
0	6	1396	417	40.71291224	-74.01020234	329	40.72043411	-74.01020609	1
0	6	20394	523	40.75466591	-73.99138152	486	40.7462009	-73.98855723	1
0	6	1216	459	40.746745	-74.007756	546	40.74444921	-73.98303529	1
0	6	29562	433	40.72955361	-73.98057249	116	40.74177603	-74.00149746	1
0	6	1202	317	40.72453734	-73.98185424	2012	40.739445	-73.976806	1
0	6	14783	127	40.73172428	-74.00674436	470	40.74345335	-74.00004031	1
0	6	20787	297	40.734232	-73.986923	442	40.746647	-73.993915	1
0	6	2580	327	40.7153379	-74.01658354	427	40.70251526	-74.01427023	1
0	6	2681	481	40.71260486	-73.96264403	282	40.70827295	-73.96834101	1
0	6	11685	490	40.751551	-73.993934	493	40.7568001	-73.98291153	1
0	6	24811	545	40.736502	-73.97809472	153	40.752062307	-73.9816324043	1
0	6	13741	303	40.72362738	-73.99949601	521	40.75044999	-73.99481051	1
0	6	42155	328	40.72405549	-74.00965965	359	40.75510267	-73.97498696	1
0	6	17931	490	40.751551	-73.993934	472	40.7457121	-73.98194829	1
0	6	14981	450	40.76227205	-73.98788205	504	40.73221853	-73.98165557	1
0	6	13607	312	40.722055	-73.989111	536	40.74144387	-73.97536082	1
0	6	1596	513	40.768254	-73.988639	352	40.76340613	-73.97722479	1
0	6	42106	275	40.68650065	-73.96563307	279	40.69986937	-73.98271933	1
0	6	24604	361	40.71605866	-73.99190759	351	40.70530954	-74.00612572	1
0	6	24768	243	40.687979	-73.978474	504	40.73221853	-73.98165557	1
0	6	15239	285	40.73454567	-73.99074142	466	40.74395411	-73.99144871	1
0	6	5243	267	40.75097711	-73.98765428	517	40.75149263	-73.97798848	2
0	6	1278	545	40.736502	-73.97809472	345	40.73649403	-73.99704374	1
0	6	2876	195	40.70905623	-74.01043382	337	40.7037992	-74.00838676	1
0	6	42175	423	40.76584941	-73.98690506	474	40.7451677	-73.98683077	1
0	6	24318	512	40.7500727	-73.99839279	405	40.739323	-74.008119	1
0	6	46037	265	40.72229346	-73.99147535	394	40.72521311	-73.97768752	1
0	6	159	450	40.76227205	-73.98788205	496	40.73726186	-73.99238967	1
0	6	7553	523	40.75466591	-73.99138152	442	40.746647	-73.993915	1
0	6	42515	354	40.69363137	-73.96223558	401	40.72019576	-73.98997825	1
0	6	20952	476	40.74394314	-73.97966069	439	40.7262807	-73.98978041	1
0	6	33703	237	40.73047309	-73.98672378	450	40.76227205	-73.98788205	1
0	6	35050	173	40.76064679	-73.98442659	305	40.76095756	-73.96724467	1
0	6	3878	72	40.76727216	-73.99392888	538	40.75795248	-73.97787642	1
0	6	10880	472	40.7457121	-73.98194829	517	40.75149263	-73.97798848	1
0	6	41704	477	40.75640548	-73.9900262	439	40.7262807	-73.98978041	1
0	6	2294	173	40.76064679	-73.98442659	359	40.75510267	-73.97498696	1
0	6	1156	417	40.71291224	-74.01020234	360	40.70717936	-74.00887308	3
0	6	35624	498	40.74854862	-73.98808416	516	40.75206862	-73.96784384	1
0	6	1397	465	40.75513557	-73.98658032	359	40.75510267	-73.97498696	1
0	6	14843	238	40.7361967	-74.00859207	496	40.73726186	-73.99238967	1
0	6	1870	325	40.73624527	-73.98473765	290	40.76020258	-73.96478473	1
0	6	2083	363	40.70834698	-74.01713445	329	40.72043411	-74.01020609	1
0	6	27056	434	40.74317449	-74.00366443	329	40.72043411	-74.01020609	1
0	6	21579	499	40.76915505	-73.98191841	469	40.76344058	-73.98268129	1
0	6	3813	486	40.7462009	-73.98855723	380	40.73401143	-74.00293877	1
0	6	1405	394	40.72521311	-73.97768752	335	40.72903917	-73.99404649	1
0	6	28047	486	40.7462009	-73.98855723	173	40.76064679	-73.98442659	1
0	6	9216	315	40.70355377	-74.00670227	304	40.70463334	-74.01361706	1
0	6	18288	281	40.7643971	-73.97371465	510	40.7606597	-73.98042047	1
0	6	7045	475	40.73524276	-73.98758561	519	40.75188406	-73.97770164	1
0	6	1821	513	40.768254	-73.988639	318	40.75320159	-73.9779874	1
0	6	24398	534	40.70255065	-74.0127234	3002	40.711512	-74.015756	1
0	6	1529	315	40.70355377	-74.00670227	195	40.70905623	-74.01043382	1
0	6	3531	261	40.69474881	-73.98362464	233	40.69246277	-73.98963911	1
0	6	7129	459	40.746745	-74.007756	468	40.7652654	-73.98192338	1
0	6	4528	164	40.75323098	-73.97032517	507	40.73912601	-73.97973776	1
0	6	8617	415	40.7047177	-74.00926027	224	40.71146364	-74.00552427	1
0	6	5528	284	40.7390169121	-74.0026376103	375	40.72679454	-73.99695094	1
0	6	17083	441	40.756014	-73.967416	345	40.73649403	-73.99704374	1
0	6	1347	157	40.69089272	-73.99612349	314	40.69424674	-73.99215922	1
0	6	53157	411	40.72228087	-73.97668709	316	40.70955958	-74.00653609	1
0	6	25545	465	40.75513557	-73.98658032	137	40.761628	-73.972924	1
0	6	6497	318	40.75320159	-73.9779874	459	40.746745	-74.007756	1
0	6	7488	475	40.73524276	-73.98758561	504	40.73221853	-73.98165557	1
0	6	9540	462	40.74691959	-74.00451887	446	40.74487634	-73.99529885	1
0	6	6570	318	40.75320159	-73.9779874	469	40.76344058	-73.98268129	1
0	6	1287	519	40.75188406	-73.97770164	525	40.75594159	-74.0021163	1
0	6	1535	487	40.73314259	-73.97573881	228	40.7546011026	-73.971878855	1
0	6	1381	470	40.74345335	-74.00004031	461	40.73587678	-73.98205027	1
0	6	1454	540	40.74147286	-73.98320928	486	40.7462009	-73.98855723	1
0	6	43742	531	40.71893904	-73.99266288	440	40.75255434	-73.97282625	1
0	6	1612	524	40.75527307	-73.98316936	520	40.75992262	-73.97648516	1
0	6	27623	490	40.751551	-73.993934	359	40.75510267	-73.97498696	1
0	6	41230	251	40.72317958	-73.99480012	254	40.73532427	-73.99800419	1
0	6	10505	433	40.72955361	-73.98057249	428	40.72467721	-73.98783413	1
0	6	6414	284	40.7390169121	-74.0026376103	293	40.73028666	-73.9907647	1
0	6	19308	531	40.71893904	-73.99266288	195	40.70905623	-74.01043382	1
0	6	5446	388	40.749717753	-74.002950346	442	40.746647	-73.993915	1
0	6	33325	334	40.74238787	-73.99726235	419	40.69580705	-73.97355569	1
0	6	35763	2003	40.73416059	-73.98024289	455	40.75001986	-73.96905301	1
0	6	19921	2021	40.75929124	-73.98859651	444	40.7423543	-73.98915076	1
0	6	1382	493	40.7568001	-73.98291153	450	40.76227205	-73.98788205	1
0	6	1254	323	40.69236178	-73.98631746	302	40.72082834	-73.97793172	1
0	6	52911	301	40.72217444	-73.98368779	376	40.70862144	-74.00722156	1
0	6	2302	511	40.72938685	-73.97772429	476	40.74394314	-73.97966069	1
0	6	20317	168	40.73971301	-73.99456405	456	40.7597108	-73.97402311	1
0	6	4758	527	40.74315566	-73.97434726	379	40.749156	-73.9916	1
0	6	24350	417	40.71291224	-74.01020234	314	40.69424674	-73.99215922	1
0	6	6294	466	40.74395411	-73.99144871	153	40.752062307	-73.9816324043	1
0	6	9108	444	40.7423543	-73.98915076	442	40.746647	-73.993915	1
0	6	33643	395	40.68807003	-73.98410637	416	40.68753406	-73.97265183	1
0	6	53158	264	40.70706456	-74.00731853	291	40.713126	-73.984844	1
0	6	1354	253	40.73543934	-73.99453948	128	40.72710258	-74.00297088	1
0	6	3697	2003	40.73416059	-73.98024289	164	40.75323098	-73.97032517	1
0	6	2914	312	40.722055	-73.989111	337	40.7037992	-74.00838676	1
0	6	24598	128	40.72710258	-74.00297088	515	40.76009437	-73.99461843	1
0	6	6030	499	40.76915505	-73.98191841	2023	40.75968085	-73.97031366	1
0	6	1337	389	40.71044554	-73.96525063	539	40.71534825	-73.96024116	1
0	6	35596	160	40.748238	-73.978311	456	40.7597108	-73.97402311	1
0	6	19073	517	40.75149263	-73.97798848	334	40.74238787	-73.99726235	1
0	6	8918	524	40.75527307	-73.98316936	367	40.75828065	-73.97069431	1
0	6	52116	357	40.73261787	-73.99158043	311	40.7172274	-73.98802084	1
0	6	885	515	40.76009437	-73.99461843	505	40.74901271	-73.98848395	1
0	6	1047	267	40.75097711	-73.98765428	484	40.75500254	-73.98014437	1
0	6	27811	433	40.72955361	-73.98057249	238	40.7361967	-74.00859207	1
0	6	8436	447	40.76370739	-73.9851615	359	40.75510267	-73.97498696	1
0	6	4696	2021	40.75929124	-73.98859651	457	40.76695317	-73.98169333	1
0	6	20295	462	40.74691959	-74.00451887	325	40.73624527	-73.98473765	1
0	6	33720	127	40.73172428	-74.00674436	427	40.70251526	-74.01427023	1
0	6	1366	337	40.7037992	-74.00838676	534	40.70255065	-74.0127234	1
0	6	37201	3002	40.711512	-74.015756	257	40.71939226	-74.00247214	1
0	6	1508	285	40.73454567	-73.99074142	360	40.70717936	-74.00887308	1
0	6	42400	494	40.74734825	-73.99723551	475	40.73524276	-73.98758561	1
0	6	49859	487	40.73314259	-73.97573881	301	40.72217444	-73.98368779	1
0	6	24769	128	40.72710258	-74.00297088	116	40.74177603	-74.00149746	1
0	6	12910	402	40.7403432	-73.98955109	458	40.751396	-74.005226	1
0	6	1237	318	40.75320159	-73.9779874	457	40.76695317	-73.98169333	2
0	6	996	347	40.72873888	-74.00748842	426	40.71754834	-74.01322069	1
0	6	17248	524	40.75527307	-73.98316936	522	40.75714758	-73.97207836	1
0	6	2137	359	40.75510267	-73.97498696	352	40.76340613	-73.97722479	1
0	6	6778	147	40.71542197	-74.01121978	320	40.71743998	-74.00583475	1
0	6	13632	146	40.71625008	-74.0091059	151	40.7218158	-73.99720307	1
0	6	3260	546	40.74444921	-73.98303529	519	40.75188406	-73.97770164	1
0	6	18403	478	40.76030096	-73.99884222	484	40.75500254	-73.98014437	1
0	6	24436	247	40.73535398	-74.00483091	520	40.75992262	-73.97648516	1
0	6	36157	387	40.71273266	-74.0046073	152	40.71473993	-74.00910627	1
0	6	23177	223	40.73781509	-73.99994661	519	40.75188406	-73.97770164	1
0	6	1228	360	40.70717936	-74.00887308	259	40.70122128	-74.01234218	1
0	6	27162	461	40.73587678	-73.98205027	402	40.7403432	-73.98955109	2
0	6	501	3002	40.711512	-74.015756	79	40.71911552	-74.00666661	1
0	6	1070	508	40.76341379	-73.99667444	224	40.71146364	-74.00552427	1
0	6	53159	349	40.71850211	-73.98329859	319	40.71336124	-74.00937622	1
0	6	30061	498	40.74854862	-73.98808416	538	40.75795248	-73.97787642	1
0	6	4375	237	40.73047309	-73.98672378	403	40.72502876	-73.99069656	1
0	6	4580	521	40.75044999	-73.99481051	137	40.761628	-73.972924	1
0	6	3198	317	40.72453734	-73.98185424	223	40.73781509	-73.99994661	1
0	6	25890	267	40.75097711	-73.98765428	520	40.75992262	-73.97648516	1
0	6	10688	334	40.74238787	-73.99726235	497	40.73704984	-73.99009296	1
0	6	24340	448	40.75660359	-73.9979009	422	40.770513	-73.988038	1
0	6	1298	318	40.75320159	-73.9779874	352	40.76340613	-73.97722479	1
0	6	20073	521	40.75044999	-73.99481051	281	40.7643971	-73.97371465	1
0	6	29733	258	40.68940747	-73.96885458	233	40.69246277	-73.98963911	1
0	6	1425	474	40.7451677	-73.98683077	524	40.75527307	-73.98316936	1
0	6	8797	509	40.7454973	-74.00197139	223	40.73781509	-73.99994661	1
0	6	1309	519	40.75188406	-73.97770164	260	40.70365182	-74.01167797	1
0	6	1334	525	40.75594159	-74.0021163	426	40.71754834	-74.01322069	1
0	6	24499	486	40.7462009	-73.98855723	450	40.76227205	-73.98788205	1
0	6	1079	318	40.75320159	-73.9779874	524	40.75527307	-73.98316936	1
0	6	6181	265	40.72229346	-73.99147535	284	40.7390169121	-74.0026376103	1
0	6	24412	2022	40.75849116	-73.95920622	385	40.75797322	-73.96603308	1
0	6	42333	521	40.75044999	-73.99481051	2022	40.75849116	-73.95920622	1
0	6	5335	422	40.770513	-73.988038	514	40.76087502	-74.00277668	1
0	6	539	379	40.749156	-73.9916	444	40.7423543	-73.98915076	1
0	6	8341	340	40.71269042	-73.98776323	403	40.72502876	-73.99069656	1
0	6	53160	406	40.69512845	-73.99595065	321	40.69991755	-73.98971773	1
0	6	1232	405	40.739323	-74.008119	284	40.7390169121	-74.0026376103	1
0	6	1981	457	40.76695317	-73.98169333	456	40.7597108	-73.97402311	1
0	6	1010	314	40.69424674	-73.99215922	2008	40.70569254	-74.01677685	1
0	6	2885	519	40.75188406	-73.97770164	382	40.73492695	-73.99200509	1
0	6	4161	422	40.770513	-73.988038	228	40.7546011026	-73.971878855	1
0	6	33450	127	40.73172428	-74.00674436	445	40.72740794	-73.98142006	1
0	6	38612	249	40.71870987	-74.0090009	309	40.7149787	-74.013012	1
0	6	28241	334	40.74238787	-73.99726235	469	40.76344058	-73.98268129	1
0	6	14740	498	40.74854862	-73.98808416	520	40.75992262	-73.97648516	1
0	6	35307	2003	40.73416059	-73.98024289	531	40.71893904	-73.99266288	1
0	6	2165	533	40.75299641	-73.98721619	475	40.73524276	-73.98758561	1
0	6	35314	409	40.6906495	-73.95643107	343	40.69794	-73.96986848	1
0	6	732	519	40.75188406	-73.97770164	309	40.7149787	-74.013012	1
0	6	13082	469	40.76344058	-73.98268129	500	40.76228826	-73.98336183	1
0	6	2437	318	40.75320159	-73.9779874	510	40.7606597	-73.98042047	1
0	6	1608	420	40.68764484	-73.96968902	271	40.68528172	-73.97805813	1
0	6	748	490	40.751551	-73.993934	173	40.76064679	-73.98442659	1
0	6	25456	472	40.7457121	-73.98194829	316	40.70955958	-74.00653609	1
0	6	2664	318	40.75320159	-73.9779874	327	40.7153379	-74.01658354	1
0	6	1239	461	40.73587678	-73.98205027	534	40.70255065	-74.0127234	1
0	6	34616	264	40.70706456	-74.00731853	276	40.71748752	-74.0104554	1
0	6	48226	237	40.73047309	-73.98672378	137	40.761628	-73.972924	1
0	6	30432	405	40.739323	-74.008119	147	40.71542197	-74.01121978	1
0	6	1038	479	40.76019252	-73.9912551	2012	40.739445	-73.976806	1
0	6	45481	325	40.73624527	-73.98473765	492	40.75019995	-73.99093085	1
0	6	53161	350	40.71559509	-73.9870295	328	40.72405549	-74.00965965	1
0	6	24843	518	40.74780373	-73.9734419	522	40.75714758	-73.97207836	1
0	6	3145	545	40.736502	-73.97809472	293	40.73028666	-73.9907647	1
0	6	5098	167	40.7489006	-73.97604882	498	40.74854862	-73.98808416	1
0	6	8087	427	40.70251526	-74.01427023	484	40.75500254	-73.98014437	1
0	6	2237	518	40.74780373	-73.9734419	518	40.74780373	-73.9734419	1
0	6	35302	512	40.7500727	-73.99839279	410	40.72066442	-73.98517977	1
0	6	24424	490	40.751551	-73.993934	456	40.7597108	-73.97402311	2
0	6	12873	536	40.74144387	-73.97536082	379	40.749156	-73.9916	1
0	6	14923	280	40.73331967	-73.99510132	445	40.72740794	-73.98142006	1
0	6	4378	479	40.76019252	-73.9912551	480	40.76669671	-73.99061728	1
0	6	13028	461	40.73587678	-73.98205027	475	40.73524276	-73.98758561	1
0	6	1086	332	40.71219906	-73.97948148	307	40.71427487	-73.98990025	1
0	6	44341	502	40.714215	-73.981346	348	40.72490985	-74.00154702	1
0	6	7038	483	40.73223272	-73.98889957	426	40.71754834	-74.01322069	1
0	6	18416	473	40.72110063	-73.9919254	307	40.71427487	-73.98990025	1
0	6	3112	480	40.76669671	-73.99061728	447	40.76370739	-73.9851615	1
0	6	34433	461	40.73587678	-73.98205027	426	40.71754834	-74.01322069	1
0	6	25811	320	40.71743998	-74.00583475	276	40.71748752	-74.0104554	1
0	6	26250	500	40.76228826	-73.98336183	486	40.7462009	-73.98855723	1
0	6	3997	232	40.69597683	-73.99014892	387	40.71273266	-74.0046073	1
0	6	1258	312	40.722055	-73.989111	522	40.75714758	-73.97207836	1
0	6	5077	521	40.75044999	-73.99481051	168	40.73971301	-73.99456405	1
0	6	9774	394	40.72521311	-73.97768752	402	40.7403432	-73.98955109	1
0	6	33088	490	40.751551	-73.993934	2003	40.73416059	-73.98024289	1
0	6	24321	281	40.7643971	-73.97371465	173	40.76064679	-73.98442659	1
0	6	52416	379	40.749156	-73.9916	251	40.72317958	-73.99480012	1
0	6	1650	448	40.75660359	-73.9979009	490	40.751551	-73.993934	1
0	6	1293	262	40.69178232	-73.97372989	416	40.68753406	-73.97265183	1
0	6	2377	527	40.74315566	-73.97434726	523	40.75466591	-73.99138152	1
0	6	20982	348	40.72490985	-74.00154702	504	40.73221853	-73.98165557	1
0	6	51818	366	40.693261	-73.968896	330	40.71450451	-74.00562789	1
0	6	6893	490	40.751551	-73.993934	347	40.72873888	-74.00748842	1
0	6	16416	524	40.75527307	-73.98316936	426	40.71754834	-74.01322069	1
0	6	35272	128	40.72710258	-74.00297088	2012	40.739445	-73.976806	1
0	6	1477	502	40.714215	-73.981346	296	40.71413089	-73.9970468	1
0	6	2429	476	40.74394314	-73.97966069	540	40.74147286	-73.98320928	1
0	6	4705	511	40.72938685	-73.97772429	483	40.73223272	-73.98889957	1
0	6	45281	537	40.74025878	-73.98409214	358	40.73291553	-74.00711384	1
0	6	12768	496	40.73726186	-73.99238967	466	40.74395411	-73.99144871	1
0	6	1728	325	40.73624527	-73.98473765	302	40.72082834	-73.97793172	1
0	6	1402	502	40.714215	-73.981346	402	40.7403432	-73.98955109	1
0	6	1002	521	40.75044999	-73.99481051	527	40.74315566	-73.97434726	1
0	6	14532	495	40.76269882	-73.99301222	490	40.751551	-73.993934	1
0	6	37265	465	40.75513557	-73.98658032	455	40.75001986	-73.96905301	1
0	6	1446	366	40.693261	-73.968896	471	40.71286844	-73.95698119	1
0	6	35313	486	40.7462009	-73.98855723	527	40.74315566	-73.97434726	1
0	6	796	379	40.749156	-73.9916	497	40.73704984	-73.99009296	1
0	6	1281	518	40.74780373	-73.9734419	173	40.76064679	-73.98442659	1
0	6	9300	2009	40.71117444	-73.99682619	2008	40.70569254	-74.01677685	1
0	6	5387	2000	40.70255088	-73.98940236	430	40.7014851	-73.98656928	1
0	6	24453	241	40.68981035	-73.97493121	243	40.687979	-73.978474	1
0	6	27074	471	40.71286844	-73.95698119	285	40.73454567	-73.99074142	1
0	6	24241	515	40.76009437	-73.99461843	2012	40.739445	-73.976806	1
0	6	53162	350	40.71559509	-73.9870295	483	40.73223272	-73.98889957	1
0	6	34371	247	40.73535398	-74.00483091	377	40.72243797	-74.00566443	1
0	6	1568	545	40.736502	-73.97809472	367	40.75828065	-73.97069431	1
0	6	651	423	40.76584941	-73.98690506	520	40.75992262	-73.97648516	1
0	6	7360	477	40.75640548	-73.9900262	435	40.74173969	-73.99415556	1
0	6	15934	237	40.73047309	-73.98672378	294	40.73049393	-73.9957214	1
0	6	5779	245	40.69327018	-73.97703874	239	40.69196566	-73.9813018	1
0	6	18218	128	40.72710258	-74.00297088	249	40.71870987	-74.0090009	1
0	6	35334	328	40.72405549	-74.00965965	306	40.70823502	-74.00530063	1
0	6	1733	174	40.7381765	-73.97738662	440	40.75255434	-73.97282625	1
0	6	11095	223	40.73781509	-73.99994661	435	40.74173969	-73.99415556	1
0	6	53163	243	40.687979	-73.978474	359	40.75510267	-73.97498696	1
0	6	28964	448	40.75660359	-73.9979009	488	40.75645824	-73.99372222	1
0	6	1107	406	40.69512845	-73.99595065	233	40.69246277	-73.98963911	1
0	6	12723	495	40.76269882	-73.99301222	510	40.7606597	-73.98042047	1
0	6	1966	237	40.73047309	-73.98672378	127	40.73172428	-74.00674436	1
0	6	9027	251	40.72317958	-73.99480012	348	40.72490985	-74.00154702	1
0	6	50276	308	40.71307916	-73.99851193	476	40.74394314	-73.97966069	1
0	6	24555	445	40.72740794	-73.98142006	537	40.74025878	-73.98409214	1
0	6	2034	417	40.71291224	-74.01020234	304	40.70463334	-74.01361706	1
0	6	1269	365	40.68223166	-73.9614583	437	40.6809833854	-73.9500479759	1
0	6	38942	490	40.751551	-73.993934	195	40.70905623	-74.01043382	1
0	6	1421	2022	40.75849116	-73.95920622	318	40.75320159	-73.9779874	1
0	6	1438	445	40.72740794	-73.98142006	285	40.73454567	-73.99074142	1
0	6	2958	495	40.76269882	-73.99301222	228	40.7546011026	-73.971878855	1
0	6	18031	499	40.76915505	-73.98191841	496	40.73726186	-73.99238967	1
0	6	22414	368	40.73038599	-74.00214988	462	40.74691959	-74.00451887	2
0	6	6581	319	40.71336124	-74.00937622	360	40.70717936	-74.00887308	1
0	6	53164	356	40.71622644	-73.98261206	538	40.75795248	-73.97787642	1
0	6	2208	546	40.74444921	-73.98303529	306	40.70823502	-74.00530063	1
0	6	1526	493	40.7568001	-73.98291153	456	40.7597108	-73.97402311	1
0	6	12129	490	40.751551	-73.993934	352	40.76340613	-73.97722479	1
0	6	1452	518	40.74780373	-73.9734419	2012	40.739445	-73.976806	1
0	6	45218	243	40.687979	-73.978474	469	40.76344058	-73.98268129	1
0	6	1497	264	40.70706456	-74.00731853	259	40.70122128	-74.01234218	1
0	6	35306	487	40.73314259	-73.97573881	268	40.71910537	-73.99973337	1
0	6	12263	348	40.72490985	-74.00154702	439	40.7262807	-73.98978041	1
0	6	12926	296	40.71413089	-73.9970468	316	40.70955958	-74.00653609	1
0	6	2650	160	40.748238	-73.978311	379	40.749156	-73.9916	1
0	6	1659	346	40.73652889	-74.00618026	328	40.72405549	-74.00965965	1
0	6	42397	242	40.69788349	-73.97350332	239	40.69196566	-73.9813018	1
0	6	25472	340	40.71269042	-73.98776323	517	40.75149263	-73.97798848	1
0	6	24270	253	40.73543934	-73.99453948	486	40.7462009	-73.98855723	2
0	6	25032	441	40.756014	-73.967416	228	40.7546011026	-73.971878855	1
0	6	980	511	40.72938685	-73.97772429	402	40.7403432	-73.98955109	1
0	6	1570	468	40.7652654	-73.98192338	359	40.75510267	-73.97498696	1
0	6	24219	421	40.69573398	-73.97129668	271	40.68528172	-73.97805813	1
0	6	1552	448	40.75660359	-73.9979009	521	40.75044999	-73.99481051	1
0	6	11829	490	40.751551	-73.993934	497	40.73704984	-73.99009296	1
0	6	1368	504	40.73221853	-73.98165557	153	40.752062307	-73.9816324043	1
0	6	28131	518	40.74780373	-73.9734419	2022	40.75849116	-73.95920622	1
0	6	4344	2021	40.75929124	-73.98859651	152	40.71473993	-74.00910627	1
0	6	64	306	40.70823502	-74.00530063	534	40.70255065	-74.0127234	1
0	6	35297	486	40.7462009	-73.98855723	546	40.74444921	-73.98303529	1
0	6	40210	291	40.713126	-73.984844	340	40.71269042	-73.98776323	1
0	6	1540	485	40.75038009	-73.98338988	527	40.74315566	-73.97434726	1
0	6	33895	490	40.751551	-73.993934	475	40.73524276	-73.98758561	1
0	6	10519	167	40.7489006	-73.97604882	461	40.73587678	-73.98205027	1
0	6	24467	486	40.7462009	-73.98855723	489	40.75066386	-74.00176802	1
0	6	9711	521	40.75044999	-73.99481051	499	40.76915505	-73.98191841	1
0	6	3914	517	40.75149263	-73.97798848	538	40.75795248	-73.97787642	1
0	6	1550	499	40.76915505	-73.98191841	500	40.76228826	-73.98336183	1
0	6	24527	521	40.75044999	-73.99481051	484	40.75500254	-73.98014437	1
0	6	2141	511	40.72938685	-73.97772429	2004	40.724399	-74.004704	1
0	6	1840	2022	40.75849116	-73.95920622	510	40.7606597	-73.98042047	1
0	6	45994	376	40.70862144	-74.00722156	304	40.70463334	-74.01361706	1
0	6	3827	490	40.751551	-73.993934	281	40.7643971	-73.97371465	1
0	6	23673	297	40.734232	-73.986923	229	40.72743423	-73.99379025	1
0	6	24480	521	40.75044999	-73.99481051	475	40.73524276	-73.98758561	2
0	6	2731	358	40.73291553	-74.00711384	328	40.72405549	-74.00965965	1
0	6	1323	2009	40.71117444	-73.99682619	527	40.74315566	-73.97434726	1
0	6	15107	520	40.75992262	-73.97648516	510	40.7606597	-73.98042047	1
0	6	8002	356	40.71622644	-73.98261206	527	40.74315566	-73.97434726	1
0	6	24617	320	40.71743998	-74.00583475	249	40.71870987	-74.0090009	1
0	6	859	521	40.75044999	-73.99481051	486	40.7462009	-73.98855723	1
0	6	2219	195	40.70905623	-74.01043382	264	40.70706456	-74.00731853	1
0	6	3511	382	40.73492695	-73.99200509	459	40.746745	-74.007756	1
0	6	12035	515	40.76009437	-73.99461843	529	40.7575699	-73.99098507	1
0	6	50147	2017	40.75022392	-73.97121414	527	40.74315566	-73.97434726	1
0	6	13325	116	40.74177603	-74.00149746	458	40.751396	-74.005226	1
0	6	26494	440	40.75255434	-73.97282625	456	40.7597108	-73.97402311	1
0	6	21425	248	40.72185379	-74.00771779	147	40.71542197	-74.01121978	1
0	6	34093	116	40.74177603	-74.00149746	153	40.752062307	-73.9816324043	1
0	6	16853	380	40.73401143	-74.00293877	318	40.75320159	-73.9779874	1
0	6	9061	294	40.73049393	-73.9957214	285	40.73454567	-73.99074142	1
0	6	2471	448	40.75660359	-73.9979009	466	40.74395411	-73.99144871	1
0	6	16142	447	40.76370739	-73.9851615	450	40.76227205	-73.98788205	1
0	6	25531	382	40.73492695	-73.99200509	153	40.752062307	-73.9816324043	1
0	6	24777	315	40.70355377	-74.00670227	327	40.7153379	-74.01658354	1
0	6	1276	428	40.72467721	-73.98783413	493	40.7568001	-73.98291153	1
0	6	652	368	40.73038599	-74.00214988	229	40.72743423	-73.99379025	1
0	6	19095	517	40.75149263	-73.97798848	510	40.7606597	-73.98042047	1
0	6	5079	456	40.7597108	-73.97402311	499	40.76915505	-73.98191841	1
0	6	1619	417	40.71291224	-74.01020234	257	40.71939226	-74.00247214	1
0	6	38632	450	40.76227205	-73.98788205	229	40.72743423	-73.99379025	1
0	6	1352	316	40.70955958	-74.00653609	309	40.7149787	-74.013012	1
0	6	15341	498	40.74854862	-73.98808416	537	40.74025878	-73.98409214	1
0	6	24575	519	40.75188406	-73.97770164	212	40.74334935	-74.00681753	1
0	6	1591	446	40.74487634	-73.99529885	167	40.7489006	-73.97604882	1
0	6	11060	474	40.7451677	-73.98683077	402	40.7403432	-73.98955109	1
0	6	24247	490	40.751551	-73.993934	167	40.7489006	-73.97604882	1
0	6	5315	469	40.76344058	-73.98268129	337	40.7037992	-74.00838676	1
0	6	28529	479	40.76019252	-73.9912551	326	40.72953837	-73.98426726	1
0	6	24495	537	40.74025878	-73.98409214	538	40.75795248	-73.97787642	1
0	6	3430	521	40.75044999	-73.99481051	464	40.75934501	-73.96759673	1
0	6	24670	515	40.76009437	-73.99461843	444	40.7423543	-73.98915076	1
0	6	34456	297	40.734232	-73.986923	537	40.74025878	-73.98409214	1
0	6	6648	521	40.75044999	-73.99481051	345	40.73649403	-73.99704374	1
