0	3	12528	306	40.70823502	-74.00530063	405	40.739323	-74.008119	1
0	3	26679	458	40.751396	-74.005226	525	40.75594159	-74.0021163	1
0	3	50931	293	40.73028666	-73.9907647	2009	40.71117444	-73.99682619	1
0	3	31551	509	40.7454973	-74.00197139	2009	40.71117444	-73.99682619	1
0	3	50932	300	40.728145	-73.990214	373	40.69331716	-73.95381995	1
0	3	13632	146	40.71625008	-74.0091059	151	40.7218158	-73.99720307	1
0	3	1757	539	40.71534825	-73.96024116	282	40.70827295	-73.96834101	2
0	3	45160	265	40.72229346	-73.99147535	265	40.72229346	-73.99147535	2
0	3	35535	461	40.73587678	-73.98205027	325	40.73624527	-73.98473765	2
0	3	50936	401	40.72019576	-73.98997825	281	40.7643971	-73.97371465	1
0	3	11486	479	40.76019252	-73.9912551	479	40.76019252	-73.9912551	1
0	3	42945	423	40.76584941	-73.98690506	347	40.72873888	-74.00748842	1
0	3	20920	422	40.770513	-73.988038	470	40.74345335	-74.00004031	1
0	3	43529	481	40.71260486	-73.96264403	275	40.68650065	-73.96563307	1
0	3	13660	382	40.73492695	-73.99200509	306	40.70823502	-74.00530063	2
0	3	50938	2021	40.75929124	-73.98859651	401	40.72019576	-73.98997825	1
0	3	32561	448	40.75660359	-73.9979009	257	40.71939226	-74.00247214	1
0	3	32445	466	40.74395411	-73.99144871	442	40.746647	-73.993915	2
0	3	20384	458	40.751396	-74.005226	470	40.74345335	-74.00004031	1
0	3	34979	439	40.7262807	-73.98978041	2022	40.75849116	-73.95920622	1
0	3	45568	284	40.7390169121	-74.0026376103	355	40.71602118	-73.99974372	1
0	3	45346	2017	40.75022392	-73.97121414	450	40.76227205	-73.98788205	1
0	3	50939	296	40.71413089	-73.9970468	247	40.73535398	-74.00483091	1
0	3	49944	386	40.71494807	-74.00234482	483	40.73223272	-73.98889957	1
0	3	10887	458	40.751396	-74.005226	458	40.751396	-74.005226	1
0	3	34549	317	40.72453734	-73.98185424	2021	40.75929124	-73.98859651	1
0	3	32795	508	40.76341379	-73.99667444	476	40.74394314	-73.97966069	1
0	3	50940	432	40.72621788	-73.98379855	247	40.73535398	-74.00483091	1
0	3	5560	236	40.7284186	-73.98713956	444	40.7423543	-73.98915076	1
0	3	10160	348	40.72490985	-74.00154702	265	40.72229346	-73.99147535	1
0	3	50941	242	40.69788349	-73.97350332	282	40.70827295	-73.96834101	1
0	3	48915	532	40.710451	-73.960876	261	40.69474881	-73.98362464	1
0	3	42223	432	40.72621788	-73.98379855	173	40.76064679	-73.98442659	1
0	3	1067	417	40.71291224	-74.01020234	415	40.7047177	-74.00926027	1
0	3	34239	368	40.73038599	-74.00214988	410	40.72066442	-73.98517977	1
0	3	4586	404	40.7405826	-74.00550867	487	40.73314259	-73.97573881	1
0	3	50942	348	40.72490985	-74.00154702	517	40.75149263	-73.97798848	1
0	3	11695	173	40.76064679	-73.98442659	512	40.7500727	-73.99839279	1
0	3	24899	433	40.72955361	-73.98057249	442	40.746647	-73.993915	1
0	3	15717	307	40.71427487	-73.98990025	237	40.73047309	-73.98672378	3
0	3	34914	250	40.72456089	-73.99565293	454	40.75455731	-73.96592976	1
0	3	26774	307	40.71427487	-73.98990025	348	40.72490985	-74.00154702	1
0	3	13263	488	40.75645824	-73.99372222	482	40.73935542	-73.99931783	1
0	3	21303	488	40.75645824	-73.99372222	116	40.74177603	-74.00149746	1
0	3	50944	483	40.73223272	-73.98889957	454	40.75455731	-73.96592976	1
0	3	17756	488	40.75645824	-73.99372222	483	40.73223272	-73.98889957	1
0	3	3778	72	40.76727216	-73.99392888	458	40.751396	-74.005226	1
0	3	43197	358	40.73291553	-74.00711384	512	40.7500727	-73.99839279	1
0	3	9656	444	40.7423543	-73.98915076	444	40.7423543	-73.98915076	1
0	3	29683	128	40.72710258	-74.00297088	432	40.72621788	-73.98379855	1
0	3	50946	236	40.7284186	-73.98713956	434	40.74317449	-74.00366443	1
0	3	5821	482	40.73935542	-73.99931783	335	40.72903917	-73.99404649	1
0	3	18275	388	40.749717753	-74.002950346	334	40.74238787	-73.99726235	1
0	3	36730	438	40.72779126	-73.98564945	160	40.748238	-73.978311	1
0	3	50562	355	40.71602118	-73.99974372	152	40.71473993	-74.00910627	1
0	3	46645	369	40.73224119	-74.00026394	401	40.72019576	-73.98997825	1
0	3	42734	336	40.73047747	-73.99906065	247	40.73535398	-74.00483091	1
0	3	14142	401	40.72019576	-73.98997825	458	40.751396	-74.005226	1
0	3	35007	252	40.73226398	-73.99852205	410	40.72066442	-73.98517977	1
0	3	16524	388	40.749717753	-74.002950346	546	40.74444921	-73.98303529	1
0	3	113	318	40.75320159	-73.9779874	540	40.74147286	-73.98320928	1
0	3	23813	355	40.71602118	-73.99974372	251	40.72317958	-73.99480012	1
0	3	14749	247	40.73535398	-74.00483091	494	40.74734825	-73.99723551	1
0	3	29356	404	40.7405826	-74.00550867	284	40.7390169121	-74.0026376103	1
0	3	14683	265	40.72229346	-73.99147535	482	40.73935542	-73.99931783	4
0	3	26767	448	40.75660359	-73.9979009	434	40.74317449	-74.00366443	1
0	3	23110	251	40.72317958	-73.99480012	326	40.72953837	-73.98426726	1
0	3	32472	252	40.73226398	-73.99852205	434	40.74317449	-74.00366443	1
0	3	10590	265	40.72229346	-73.99147535	151	40.7218158	-73.99720307	1
0	3	39990	195	40.70905623	-74.01043382	312	40.722055	-73.989111	1
0	3	14689	457	40.76695317	-73.98169333	2023	40.75968085	-73.97031366	1
0	3	50947	347	40.72873888	-74.00748842	454	40.75455731	-73.96592976	1
0	3	24007	236	40.7284186	-73.98713956	301	40.72217444	-73.98368779	1
0	3	14073	457	40.76695317	-73.98169333	305	40.76095756	-73.96724467	1
0	3	4575	151	40.7218158	-73.99720307	375	40.72679454	-73.99695094	1
0	3	31383	500	40.76228826	-73.98336183	518	40.74780373	-73.9734419	1
0	3	13836	326	40.72953837	-73.98426726	394	40.72521311	-73.97768752	1
0	3	33855	498	40.74854862	-73.98808416	357	40.73261787	-73.99158043	1
0	3	20841	428	40.72467721	-73.98783413	438	40.72779126	-73.98564945	1
0	3	48181	268	40.71910537	-73.99973337	439	40.7262807	-73.98978041	1
0	3	26142	531	40.71893904	-73.99266288	428	40.72467721	-73.98783413	1
0	3	6155	2012	40.739445	-73.976806	161	40.72917025	-73.99810231	1
0	3	9247	2010	40.72165481	-74.00234737	161	40.72917025	-73.99810231	1
0	3	2445	410	40.72066442	-73.98517977	531	40.71893904	-73.99266288	1
0	3	42613	282	40.70827295	-73.96834101	443	40.70853074	-73.96408963	1
0	3	2371	410	40.72066442	-73.98517977	545	40.736502	-73.97809472	1
0	3	20176	531	40.71893904	-73.99266288	507	40.73912601	-73.97973776	1
0	3	32559	459	40.746745	-74.007756	326	40.72953837	-73.98426726	1
0	3	50948	297	40.734232	-73.986923	334	40.74238787	-73.99726235	1
0	3	50949	508	40.76341379	-73.99667444	536	40.74144387	-73.97536082	1
0	3	11961	293	40.73028666	-73.9907647	474	40.7451677	-73.98683077	1
0	3	11918	2002	40.716887	-73.963198	532	40.710451	-73.960876	1
0	3	7262	167	40.7489006	-73.97604882	479	40.76019252	-73.9912551	1
0	3	36672	473	40.72110063	-73.9919254	355	40.71602118	-73.99974372	1
0	3	2731	358	40.73291553	-74.00711384	328	40.72405549	-74.00965965	1
0	3	50950	247	40.73535398	-74.00483091	376	40.70862144	-74.00722156	1
0	3	50951	358	40.73291553	-74.00711384	536	40.74144387	-73.97536082	1
0	3	50952	460	40.71285887	-73.96590294	312	40.722055	-73.989111	2
0	3	3659	223	40.73781509	-73.99994661	422	40.770513	-73.988038	1
0	3	22312	432	40.72621788	-73.98379855	294	40.73049393	-73.9957214	1
0	3	22793	297	40.734232	-73.986923	488	40.75645824	-73.99372222	2
0	3	11774	489	40.75066386	-74.00176802	334	40.74238787	-73.99726235	1
0	3	2304	415	40.7047177	-74.00926027	264	40.70706456	-74.00731853	1
0	3	13179	334	40.74238787	-73.99726235	461	40.73587678	-73.98205027	1
0	3	21900	335	40.72903917	-73.99404649	236	40.7284186	-73.98713956	1
0	3	47781	334	40.74238787	-73.99726235	510	40.7606597	-73.98042047	1
0	3	22941	161	40.72917025	-73.99810231	308	40.71307916	-73.99851193	1
0	3	431	477	40.75640548	-73.9900262	495	40.76269882	-73.99301222	1
0	3	34716	2010	40.72165481	-74.00234737	268	40.71910537	-73.99973337	1
0	3	50953	334	40.74238787	-73.99726235	276	40.71748752	-74.0104554	1
0	3	8933	410	40.72066442	-73.98517977	295	40.71406667	-73.99293911	1
0	3	40904	329	40.72043411	-74.01020609	476	40.74394314	-73.97966069	1
0	3	2588	382	40.73492695	-73.99200509	336	40.73047747	-73.99906065	1
0	3	33837	365	40.68223166	-73.9614583	399	40.68851534	-73.9647628	1
0	3	22409	261	40.69474881	-73.98362464	313	40.69610226	-73.96751037	1
0	3	534	408	40.71076228	-73.99400398	412	40.7158155	-73.99422366	1
0	3	236	237	40.73047309	-73.98672378	531	40.71893904	-73.99266288	1
0	3	2469	539	40.71534825	-73.96024116	460	40.71285887	-73.96590294	2
0	3	21560	307	40.71427487	-73.98990025	517	40.75149263	-73.97798848	1
0	3	34399	2002	40.716887	-73.963198	311	40.7172274	-73.98802084	1
0	3	5480	307	40.71427487	-73.98990025	326	40.72953837	-73.98426726	1
0	3	14014	490	40.751551	-73.993934	426	40.71754834	-74.01322069	1
0	3	50954	2009	40.71117444	-73.99682619	293	40.73028666	-73.9907647	1
0	3	50955	439	40.7262807	-73.98978041	419	40.69580705	-73.97355569	2
0	3	30640	281	40.7643971	-73.97371465	380	40.73401143	-74.00293877	1
0	3	50956	265	40.72229346	-73.99147535	458	40.751396	-74.005226	1
0	3	29662	388	40.749717753	-74.002950346	514	40.76087502	-74.00277668	1
0	3	27860	539	40.71534825	-73.96024116	2002	40.716887	-73.963198	1
0	3	50744	265	40.72229346	-73.99147535	450	40.76227205	-73.98788205	1
0	3	29837	465	40.75513557	-73.98658032	480	40.76669671	-73.99061728	1
0	3	12004	540	40.74147286	-73.98320928	469	40.76344058	-73.98268129	2
0	3	47149	265	40.72229346	-73.99147535	428	40.72467721	-73.98783413	1
0	3	50957	282	40.70827295	-73.96834101	354	40.69363137	-73.96223558	2
0	3	20916	173	40.76064679	-73.98442659	412	40.7158155	-73.99422366	1
0	3	27043	404	40.7405826	-74.00550867	265	40.72229346	-73.99147535	1
0	3	33175	449	40.76461837	-73.98789473	334	40.74238787	-73.99726235	1
0	3	34688	539	40.71534825	-73.96024116	271	40.68528172	-73.97805813	1
0	3	15338	521	40.75044999	-73.99481051	461	40.73587678	-73.98205027	1
0	3	26447	281	40.7643971	-73.97371465	447	40.76370739	-73.9851615	1
0	3	23423	438	40.72779126	-73.98564945	254	40.73532427	-73.99800419	1
0	3	46406	361	40.71605866	-73.99190759	127	40.73172428	-74.00674436	1
0	3	46231	2009	40.71117444	-73.99682619	450	40.76227205	-73.98788205	1
0	3	5544	366	40.693261	-73.968896	2000	40.70255088	-73.98940236	1
0	3	3167	305	40.76095756	-73.96724467	385	40.75797322	-73.96603308	1
0	3	7631	361	40.71605866	-73.99190759	507	40.73912601	-73.97973776	1
0	3	814	2002	40.716887	-73.963198	195	40.70905623	-74.01043382	1
0	3	17190	415	40.7047177	-74.00926027	546	40.74444921	-73.98303529	1
0	3	6092	305	40.76095756	-73.96724467	469	40.76344058	-73.98268129	1
0	3	33294	2002	40.716887	-73.963198	271	40.68528172	-73.97805813	1
0	3	42469	346	40.73652889	-74.00618026	520	40.75992262	-73.97648516	1
0	3	1090	394	40.72521311	-73.97768752	293	40.73028666	-73.9907647	1
0	3	3321	312	40.722055	-73.989111	195	40.70905623	-74.01043382	1
0	3	621	499	40.76915505	-73.98191841	305	40.76095756	-73.96724467	1
0	3	21744	537	40.74025878	-73.98409214	325	40.73624527	-73.98473765	1
0	3	18619	459	40.746745	-74.007756	325	40.73624527	-73.98473765	1
0	3	50958	420	40.68764484	-73.96968902	386	40.71494807	-74.00234482	1
0	3	19624	285	40.73454567	-73.99074142	300	40.728145	-73.990214	1
0	3	50959	268	40.71910537	-73.99973337	436	40.68216564	-73.95399026	1
0	3	50960	295	40.71406667	-73.99293911	526	40.74765947	-73.98490707	1
0	3	24613	439	40.7262807	-73.98978041	472	40.7457121	-73.98194829	2
0	3	221	237	40.73047309	-73.98672378	2010	40.72165481	-74.00234737	1
0	3	267	519	40.75188406	-73.97770164	461	40.73587678	-73.98205027	1
0	3	6216	519	40.75188406	-73.97770164	476	40.74394314	-73.97966069	1
0	3	18870	379	40.749156	-73.9916	476	40.74394314	-73.97966069	1
0	3	22687	311	40.7172274	-73.98802084	432	40.72621788	-73.98379855	1
0	3	6675	243	40.687979	-73.978474	173	40.76064679	-73.98442659	1
0	3	50961	357	40.73261787	-73.99158043	534	40.70255065	-74.0127234	1
0	3	11592	308	40.71307916	-73.99851193	268	40.71910537	-73.99973337	1
0	3	12287	500	40.76228826	-73.98336183	457	40.76695317	-73.98169333	1
0	3	4329	358	40.73291553	-74.00711384	388	40.749717753	-74.002950346	3
0	3	35820	539	40.71534825	-73.96024116	151	40.7218158	-73.99720307	1
0	3	23293	382	40.73492695	-73.99200509	297	40.734232	-73.986923	1
0	3	49103	445	40.72740794	-73.98142006	433	40.72955361	-73.98057249	1
0	3	31483	2010	40.72165481	-74.00234737	355	40.71602118	-73.99974372	1
0	3	34999	394	40.72521311	-73.97768752	296	40.71413089	-73.9970468	1
0	3	1082	505	40.74901271	-73.98848395	173	40.76064679	-73.98442659	1
0	3	40991	380	40.73401143	-74.00293877	223	40.73781509	-73.99994661	1
0	3	15857	237	40.73047309	-73.98672378	394	40.72521311	-73.97768752	1
0	3	35012	383	40.735238	-74.000271	361	40.71605866	-73.99190759	1
0	3	19192	300	40.728145	-73.990214	336	40.73047747	-73.99906065	1
0	3	11476	414	40.70281858	-73.98765762	314	40.69424674	-73.99215922	1
0	3	35166	447	40.76370739	-73.9851615	449	40.76461837	-73.98789473	1
0	3	38302	404	40.7405826	-74.00550867	476	40.74394314	-73.97966069	1
0	3	36632	465	40.75513557	-73.98658032	243	40.687979	-73.978474	1
0	3	5935	382	40.73492695	-73.99200509	475	40.73524276	-73.98758561	1
0	3	2474	346	40.73652889	-74.00618026	368	40.73038599	-74.00214988	1
0	3	34922	2004	40.724399	-74.004704	401	40.72019576	-73.98997825	1
0	3	30741	446	40.74487634	-73.99529885	426	40.71754834	-74.01322069	1
0	3	30748	2017	40.75022392	-73.97121414	334	40.74238787	-73.99726235	1
0	3	22321	528	40.74290902	-73.97706058	317	40.72453734	-73.98185424	1
0	3	10438	329	40.72043411	-74.01020609	304	40.70463334	-74.01361706	2
0	3	48978	267	40.75097711	-73.98765428	488	40.75645824	-73.99372222	1
0	3	5091	462	40.74691959	-74.00451887	461	40.73587678	-73.98205027	2
0	3	11982	369	40.73224119	-74.00026394	147	40.71542197	-74.01121978	1
0	3	39751	276	40.71748752	-74.0104554	146	40.71625008	-74.0091059	1
0	3	9890	137	40.761628	-73.972924	515	40.76009437	-73.99461843	1
0	3	24079	401	40.72019576	-73.98997825	439	40.7262807	-73.98978041	1
0	3	25590	504	40.73221853	-73.98165557	116	40.74177603	-74.00149746	1
0	3	50962	312	40.722055	-73.989111	480	40.76669671	-73.99061728	1
0	3	11659	477	40.75640548	-73.9900262	477	40.75640548	-73.9900262	1
0	3	50963	507	40.73912601	-73.97973776	458	40.751396	-74.005226	2
0	3	17267	512	40.7500727	-73.99839279	450	40.76227205	-73.98788205	1
0	3	44593	312	40.722055	-73.989111	405	40.739323	-74.008119	1
0	3	38952	324	40.689888	-73.981013	261	40.69474881	-73.98362464	1
0	3	16500	324	40.689888	-73.981013	270	40.69308257	-73.97178913	1
0	3	50968	508	40.76341379	-73.99667444	537	40.74025878	-73.98409214	1
0	3	12802	404	40.7405826	-74.00550867	301	40.72217444	-73.98368779	1
0	3	14570	402	40.7403432	-73.98955109	402	40.7403432	-73.98955109	1
0	3	6652	151	40.7218158	-73.99720307	328	40.72405549	-74.00965965	1
0	3	36224	450	40.76227205	-73.98788205	116	40.74177603	-74.00149746	1
0	3	1562	428	40.72467721	-73.98783413	174	40.7381765	-73.97738662	1
0	3	34655	450	40.76227205	-73.98788205	174	40.7381765	-73.97738662	1
0	3	8869	2002	40.716887	-73.963198	2002	40.716887	-73.963198	1
0	3	14337	263	40.71729	-73.996375	263	40.71729	-73.996375	1
0	3	34354	467	40.68312489	-73.97895137	436	40.68216564	-73.95399026	1
0	3	12390	498	40.74854862	-73.98808416	243	40.687979	-73.978474	1
0	3	28605	404	40.7405826	-74.00550867	250	40.72456089	-73.99565293	1
0	3	1861	167	40.7489006	-73.97604882	488	40.75645824	-73.99372222	1
0	3	9588	293	40.73028666	-73.9907647	128	40.72710258	-74.00297088	1
0	3	20377	2002	40.716887	-73.963198	481	40.71260486	-73.96264403	4
0	3	20574	335	40.72903917	-73.99404649	507	40.73912601	-73.97973776	1
0	3	30880	500	40.76228826	-73.98336183	168	40.73971301	-73.99456405	1
0	3	1119	521	40.75044999	-73.99481051	463	40.74206539	-74.00443172	1
0	3	12351	428	40.72467721	-73.98783413	504	40.73221853	-73.98165557	1
0	3	6279	423	40.76584941	-73.98690506	508	40.76341379	-73.99667444	1
0	3	10557	168	40.73971301	-73.99456405	254	40.73532427	-73.99800419	1
0	3	2593	254	40.73532427	-73.99800419	504	40.73221853	-73.98165557	1
0	3	26848	428	40.72467721	-73.98783413	355	40.71602118	-73.99974372	1
0	3	7797	489	40.75066386	-74.00176802	494	40.74734825	-73.99723551	1
0	3	50971	489	40.75066386	-74.00176802	357	40.73261787	-73.99158043	1
0	3	15860	481	40.71260486	-73.96264403	481	40.71260486	-73.96264403	1
0	3	50972	449	40.76461837	-73.98789473	2022	40.75849116	-73.95920622	1
0	3	19785	263	40.71729	-73.996375	331	40.71173107	-73.99193043	1
0	3	7924	432	40.72621788	-73.98379855	483	40.73223272	-73.98889957	1
0	3	43295	533	40.75299641	-73.98721619	448	40.75660359	-73.9979009	1
0	3	33278	250	40.72456089	-73.99565293	369	40.73224119	-74.00026394	1
0	3	11833	444	40.7423543	-73.98915076	285	40.73454567	-73.99074142	1
0	3	41162	320	40.71743998	-74.00583475	336	40.73047747	-73.99906065	1
0	3	18510	251	40.72317958	-73.99480012	297	40.734232	-73.986923	1
0	3	22170	393	40.72299208	-73.97995466	237	40.73047309	-73.98672378	1
0	3	5674	489	40.75066386	-74.00176802	463	40.74206539	-74.00443172	1
0	3	8910	317	40.72453734	-73.98185424	393	40.72299208	-73.97995466	1
0	3	37874	529	40.7575699	-73.99098507	488	40.75645824	-73.99372222	1
0	3	4575	151	40.7218158	-73.99720307	375	40.72679454	-73.99695094	1
0	3	31383	500	40.76228826	-73.98336183	518	40.74780373	-73.9734419	1
0	3	13836	326	40.72953837	-73.98426726	394	40.72521311	-73.97768752	1
0	3	33855	498	40.74854862	-73.98808416	357	40.73261787	-73.99158043	1
0	3	20841	428	40.72467721	-73.98783413	438	40.72779126	-73.98564945	1
0	3	48181	268	40.71910537	-73.99973337	439	40.7262807	-73.98978041	1
0	3	26142	531	40.71893904	-73.99266288	428	40.72467721	-73.98783413	1
0	3	6155	2012	40.739445	-73.976806	161	40.72917025	-73.99810231	1
0	3	9247	2010	40.72165481	-74.00234737	161	40.72917025	-73.99810231	1
0	3	15717	307	40.71427487	-73.98990025	237	40.73047309	-73.98672378	2
0	3	2445	410	40.72066442	-73.98517977	531	40.71893904	-73.99266288	1
0	3	42613	282	40.70827295	-73.96834101	443	40.70853074	-73.96408963	1
0	3	2371	410	40.72066442	-73.98517977	545	40.736502	-73.97809472	1
0	3	20176	531	40.71893904	-73.99266288	507	40.73912601	-73.97973776	1
0	3	32559	459	40.746745	-74.007756	326	40.72953837	-73.98426726	1
0	3	50948	297	40.734232	-73.986923	334	40.74238787	-73.99726235	1
0	3	50949	508	40.76341379	-73.99667444	536	40.74144387	-73.97536082	2
0	3	11961	293	40.73028666	-73.9907647	474	40.7451677	-73.98683077	1
0	3	11918	2002	40.716887	-73.963198	532	40.710451	-73.960876	1
0	3	7262	167	40.7489006	-73.97604882	479	40.76019252	-73.9912551	1
0	3	36672	473	40.72110063	-73.9919254	355	40.71602118	-73.99974372	1
0	3	2731	358	40.73291553	-74.00711384	328	40.72405549	-74.00965965	1
0	3	50950	247	40.73535398	-74.00483091	376	40.70862144	-74.00722156	1
0	3	50951	358	40.73291553	-74.00711384	536	40.74144387	-73.97536082	1
0	3	50952	460	40.71285887	-73.96590294	312	40.722055	-73.989111	2
0	3	3659	223	40.73781509	-73.99994661	422	40.770513	-73.988038	1
0	3	22312	432	40.72621788	-73.98379855	294	40.73049393	-73.9957214	1
0	3	22793	297	40.734232	-73.986923	488	40.75645824	-73.99372222	2
0	3	14683	265	40.72229346	-73.99147535	482	40.73935542	-73.99931783	3
0	3	11774	489	40.75066386	-74.00176802	334	40.74238787	-73.99726235	1
0	3	2304	415	40.7047177	-74.00926027	264	40.70706456	-74.00731853	1
0	3	13179	334	40.74238787	-73.99726235	461	40.73587678	-73.98205027	1
0	3	21900	335	40.72903917	-73.99404649	236	40.7284186	-73.98713956	1
0	3	47781	334	40.74238787	-73.99726235	510	40.7606597	-73.98042047	1
0	3	22941	161	40.72917025	-73.99810231	308	40.71307916	-73.99851193	1
0	3	431	477	40.75640548	-73.9900262	495	40.76269882	-73.99301222	1
0	3	34716	2010	40.72165481	-74.00234737	268	40.71910537	-73.99973337	1
0	3	50953	334	40.74238787	-73.99726235	276	40.71748752	-74.0104554	1
0	3	8933	410	40.72066442	-73.98517977	295	40.71406667	-73.99293911	1
0	3	40904	329	40.72043411	-74.01020609	476	40.74394314	-73.97966069	1
0	3	2588	382	40.73492695	-73.99200509	336	40.73047747	-73.99906065	1
0	3	33837	365	40.68223166	-73.9614583	399	40.68851534	-73.9647628	1
0	3	22409	261	40.69474881	-73.98362464	313	40.69610226	-73.96751037	1
0	3	534	408	40.71076228	-73.99400398	412	40.7158155	-73.99422366	1
0	3	236	237	40.73047309	-73.98672378	531	40.71893904	-73.99266288	1
0	3	2469	539	40.71534825	-73.96024116	460	40.71285887	-73.96590294	2
0	3	21560	307	40.71427487	-73.98990025	517	40.75149263	-73.97798848	1
0	3	34399	2002	40.716887	-73.963198	311	40.7172274	-73.98802084	1
0	3	5480	307	40.71427487	-73.98990025	326	40.72953837	-73.98426726	1
0	3	14014	490	40.751551	-73.993934	426	40.71754834	-74.01322069	1
0	3	50954	2009	40.71117444	-73.99682619	293	40.73028666	-73.9907647	1
0	3	50955	439	40.7262807	-73.98978041	419	40.69580705	-73.97355569	2
0	3	30640	281	40.7643971	-73.97371465	380	40.73401143	-74.00293877	1
0	3	50956	265	40.72229346	-73.99147535	458	40.751396	-74.005226	1
0	3	29662	388	40.749717753	-74.002950346	514	40.76087502	-74.00277668	1
0	3	27860	539	40.71534825	-73.96024116	2002	40.716887	-73.963198	1
0	3	50744	265	40.72229346	-73.99147535	450	40.76227205	-73.98788205	1
0	3	29837	465	40.75513557	-73.98658032	480	40.76669671	-73.99061728	1
0	3	12004	540	40.74147286	-73.98320928	469	40.76344058	-73.98268129	2
0	3	47149	265	40.72229346	-73.99147535	428	40.72467721	-73.98783413	1
0	3	50957	282	40.70827295	-73.96834101	354	40.69363137	-73.96223558	2
0	3	20916	173	40.76064679	-73.98442659	412	40.7158155	-73.99422366	1
0	3	27043	404	40.7405826	-74.00550867	265	40.72229346	-73.99147535	1
0	3	33175	449	40.76461837	-73.98789473	334	40.74238787	-73.99726235	1
0	3	34688	539	40.71534825	-73.96024116	271	40.68528172	-73.97805813	1
0	3	15338	521	40.75044999	-73.99481051	461	40.73587678	-73.98205027	1
0	3	26447	281	40.7643971	-73.97371465	447	40.76370739	-73.9851615	1
0	3	23423	438	40.72779126	-73.98564945	254	40.73532427	-73.99800419	1
0	3	46406	361	40.71605866	-73.99190759	127	40.73172428	-74.00674436	1
0	3	46231	2009	40.71117444	-73.99682619	450	40.76227205	-73.98788205	1
0	3	5544	366	40.693261	-73.968896	2000	40.70255088	-73.98940236	1
0	3	3167	305	40.76095756	-73.96724467	385	40.75797322	-73.96603308	1
0	3	7631	361	40.71605866	-73.99190759	507	40.73912601	-73.97973776	1
0	3	814	2002	40.716887	-73.963198	195	40.70905623	-74.01043382	1
0	3	17190	415	40.7047177	-74.00926027	546	40.74444921	-73.98303529	1
0	3	6092	305	40.76095756	-73.96724467	469	40.76344058	-73.98268129	1
0	3	33294	2002	40.716887	-73.963198	271	40.68528172	-73.97805813	1
0	3	42469	346	40.73652889	-74.00618026	520	40.75992262	-73.97648516	1
0	3	1090	394	40.72521311	-73.97768752	293	40.73028666	-73.9907647	1
0	3	3321	312	40.722055	-73.989111	195	40.70905623	-74.01043382	1
0	3	621	499	40.76915505	-73.98191841	305	40.76095756	-73.96724467	1
0	3	21744	537	40.74025878	-73.98409214	325	40.73624527	-73.98473765	1
0	3	18619	459	40.746745	-74.007756	325	40.73624527	-73.98473765	1
0	3	50958	420	40.68764484	-73.96968902	386	40.71494807	-74.00234482	1
0	3	19624	285	40.73454567	-73.99074142	300	40.728145	-73.990214	1
0	3	50959	268	40.71910537	-73.99973337	436	40.68216564	-73.95399026	1
0	3	50960	295	40.71406667	-73.99293911	526	40.74765947	-73.98490707	1
0	3	24613	439	40.7262807	-73.98978041	472	40.7457121	-73.98194829	2
0	3	221	237	40.73047309	-73.98672378	2010	40.72165481	-74.00234737	1
0	3	267	519	40.75188406	-73.97770164	461	40.73587678	-73.98205027	1
0	3	6216	519	40.75188406	-73.97770164	476	40.74394314	-73.97966069	1
0	3	18870	379	40.749156	-73.9916	476	40.74394314	-73.97966069	1
0	3	22687	311	40.7172274	-73.98802084	432	40.72621788	-73.98379855	1
0	3	6675	243	40.687979	-73.978474	173	40.76064679	-73.98442659	1
0	3	50961	357	40.73261787	-73.99158043	534	40.70255065	-74.0127234	1
0	3	11592	308	40.71307916	-73.99851193	268	40.71910537	-73.99973337	1
0	3	12287	500	40.76228826	-73.98336183	457	40.76695317	-73.98169333	1
0	3	4329	358	40.73291553	-74.00711384	388	40.749717753	-74.002950346	3
0	3	35820	539	40.71534825	-73.96024116	151	40.7218158	-73.99720307	1
0	3	23293	382	40.73492695	-73.99200509	297	40.734232	-73.986923	1
0	3	49103	445	40.72740794	-73.98142006	433	40.72955361	-73.98057249	1
0	3	31483	2010	40.72165481	-74.00234737	355	40.71602118	-73.99974372	1
0	3	34999	394	40.72521311	-73.97768752	296	40.71413089	-73.9970468	1
0	3	1082	505	40.74901271	-73.98848395	173	40.76064679	-73.98442659	1
0	3	40991	380	40.73401143	-74.00293877	223	40.73781509	-73.99994661	1
0	3	15857	237	40.73047309	-73.98672378	394	40.72521311	-73.97768752	1
0	3	35012	383	40.735238	-74.000271	361	40.71605866	-73.99190759	1
0	3	19192	300	40.728145	-73.990214	336	40.73047747	-73.99906065	1
0	3	11476	414	40.70281858	-73.98765762	314	40.69424674	-73.99215922	1
0	3	35166	447	40.76370739	-73.9851615	449	40.76461837	-73.98789473	1
0	3	38302	404	40.7405826	-74.00550867	476	40.74394314	-73.97966069	1
0	3	36632	465	40.75513557	-73.98658032	243	40.687979	-73.978474	1
0	3	5935	382	40.73492695	-73.99200509	475	40.73524276	-73.98758561	1
0	3	2474	346	40.73652889	-74.00618026	368	40.73038599	-74.00214988	1
0	3	34922	2004	40.724399	-74.004704	401	40.72019576	-73.98997825	1
0	3	30741	446	40.74487634	-73.99529885	426	40.71754834	-74.01322069	1
0	3	30748	2017	40.75022392	-73.97121414	334	40.74238787	-73.99726235	1
0	3	22321	528	40.74290902	-73.97706058	317	40.72453734	-73.98185424	1
0	3	10438	329	40.72043411	-74.01020609	304	40.70463334	-74.01361706	2
0	3	48978	267	40.75097711	-73.98765428	488	40.75645824	-73.99372222	1
0	3	5091	462	40.74691959	-74.00451887	461	40.73587678	-73.98205027	2
0	3	11982	369	40.73224119	-74.00026394	147	40.71542197	-74.01121978	1
0	3	39751	276	40.71748752	-74.0104554	146	40.71625008	-74.0091059	1
0	3	9890	137	40.761628	-73.972924	515	40.76009437	-73.99461843	1
0	3	24079	401	40.72019576	-73.98997825	439	40.7262807	-73.98978041	1
0	3	25125	461	40.73587678	-73.98205027	388	40.749717753	-74.002950346	1
0	3	25590	504	40.73221853	-73.98165557	116	40.74177603	-74.00149746	1
0	3	50962	312	40.722055	-73.989111	480	40.76669671	-73.99061728	1
0	3	11659	477	40.75640548	-73.9900262	477	40.75640548	-73.9900262	1
0	3	50963	507	40.73912601	-73.97973776	458	40.751396	-74.005226	2
0	3	50964	432	40.72621788	-73.98379855	479	40.76019252	-73.9912551	1
0	3	33971	477	40.75640548	-73.9900262	322	40.696192	-73.991218	1
0	3	17267	512	40.7500727	-73.99839279	450	40.76227205	-73.98788205	1
0	3	50965	433	40.72955361	-73.98057249	289	40.6845683	-73.95881081	1
0	3	50966	447	40.76370739	-73.9851615	325	40.73624527	-73.98473765	1
0	3	44593	312	40.722055	-73.989111	405	40.739323	-74.008119	1
0	3	38952	324	40.689888	-73.981013	261	40.69474881	-73.98362464	1
0	3	16500	324	40.689888	-73.981013	270	40.69308257	-73.97178913	1
0	3	50967	460	40.71285887	-73.96590294	161	40.72917025	-73.99810231	1
0	3	50968	508	40.76341379	-73.99667444	537	40.74025878	-73.98409214	1
0	3	12802	404	40.7405826	-74.00550867	301	40.72217444	-73.98368779	1
0	3	14570	402	40.7403432	-73.98955109	402	40.7403432	-73.98955109	1
0	3	50969	270	40.69308257	-73.97178913	325	40.73624527	-73.98473765	1
0	3	6652	151	40.7218158	-73.99720307	328	40.72405549	-74.00965965	1
0	3	36224	450	40.76227205	-73.98788205	116	40.74177603	-74.00149746	1
0	3	1562	428	40.72467721	-73.98783413	174	40.7381765	-73.97738662	1
0	3	34655	450	40.76227205	-73.98788205	174	40.7381765	-73.97738662	1
0	3	8869	2002	40.716887	-73.963198	2002	40.716887	-73.963198	1
0	3	14337	263	40.71729	-73.996375	263	40.71729	-73.996375	1
0	3	34354	467	40.68312489	-73.97895137	436	40.68216564	-73.95399026	1
0	3	12390	498	40.74854862	-73.98808416	243	40.687979	-73.978474	1
0	3	28605	404	40.7405826	-74.00550867	250	40.72456089	-73.99565293	1
0	3	1861	167	40.7489006	-73.97604882	488	40.75645824	-73.99372222	1
0	3	9588	293	40.73028666	-73.9907647	128	40.72710258	-74.00297088	1
0	3	20377	2002	40.716887	-73.963198	481	40.71260486	-73.96264403	4
0	3	32165	531	40.71893904	-73.99266288	120	40.68676793	-73.95928168	1
0	3	20574	335	40.72903917	-73.99404649	507	40.73912601	-73.97973776	1
0	3	30880	500	40.76228826	-73.98336183	168	40.73971301	-73.99456405	1
0	3	1119	521	40.75044999	-73.99481051	463	40.74206539	-74.00443172	1
0	3	12351	428	40.72467721	-73.98783413	504	40.73221853	-73.98165557	1
0	3	6279	423	40.76584941	-73.98690506	508	40.76341379	-73.99667444	1
0	3	25770	361	40.71605866	-73.99190759	426	40.71754834	-74.01322069	1
0	3	10557	168	40.73971301	-73.99456405	254	40.73532427	-73.99800419	1
0	3	2593	254	40.73532427	-73.99800419	504	40.73221853	-73.98165557	1
0	3	50970	448	40.75660359	-73.9979009	2003	40.73416059	-73.98024289	1
0	3	26848	428	40.72467721	-73.98783413	355	40.71602118	-73.99974372	1
0	3	7797	489	40.75066386	-74.00176802	494	40.74734825	-73.99723551	1
0	3	10728	434	40.74317449	-74.00366443	151	40.7218158	-73.99720307	1
0	3	50971	489	40.75066386	-74.00176802	357	40.73261787	-73.99158043	1
0	3	4506	508	40.76341379	-73.99667444	442	40.746647	-73.993915	1
0	3	15860	481	40.71260486	-73.96264403	481	40.71260486	-73.96264403	1
0	3	50972	449	40.76461837	-73.98789473	2022	40.75849116	-73.95920622	1
0	3	19785	263	40.71729	-73.996375	331	40.71173107	-73.99193043	1
0	3	50973	386	40.71494807	-74.00234482	470	40.74345335	-74.00004031	1
0	3	7924	432	40.72621788	-73.98379855	483	40.73223272	-73.98889957	1
0	3	22015	412	40.7158155	-73.99422366	143	40.69239502	-73.99337909	2
0	3	50974	460	40.71285887	-73.96590294	317	40.72453734	-73.98185424	1
0	3	43295	533	40.75299641	-73.98721619	448	40.75660359	-73.9979009	1
0	3	3214	463	40.74206539	-74.00443172	238	40.7361967	-74.00859207	1
0	3	33278	250	40.72456089	-73.99565293	369	40.73224119	-74.00026394	1
0	3	11833	444	40.7423543	-73.98915076	285	40.73454567	-73.99074142	1
0	3	43776	428	40.72467721	-73.98783413	518	40.74780373	-73.9734419	1
0	3	41162	320	40.71743998	-74.00583475	336	40.73047747	-73.99906065	1
0	3	50975	329	40.72043411	-74.01020609	229	40.72743423	-73.99379025	1
0	3	18510	251	40.72317958	-73.99480012	297	40.734232	-73.986923	1
0	3	22170	393	40.72299208	-73.97995466	237	40.73047309	-73.98672378	1
0	3	50976	242	40.69788349	-73.97350332	260	40.70365182	-74.01167797	1
0	3	21253	251	40.72317958	-73.99480012	127	40.73172428	-74.00674436	1
0	3	40303	481	40.71260486	-73.96264403	317	40.72453734	-73.98185424	1
0	3	28202	434	40.74317449	-74.00366443	499	40.76915505	-73.98191841	1
0	3	21100	223	40.73781509	-73.99994661	504	40.73221853	-73.98165557	1
0	3	31487	469	40.76344058	-73.98268129	438	40.72779126	-73.98564945	1
0	3	5674	489	40.75066386	-74.00176802	463	40.74206539	-74.00443172	1
0	3	8991	147	40.71542197	-74.01121978	363	40.70834698	-74.01713445	1
0	3	20886	508	40.76341379	-73.99667444	388	40.749717753	-74.002950346	1
0	3	50977	82	40.71117416	-74.00016545	472	40.7457121	-73.98194829	1
0	3	8910	317	40.72453734	-73.98185424	393	40.72299208	-73.97995466	1
0	3	50978	481	40.71260486	-73.96264403	433	40.72955361	-73.98057249	3
0	3	7960	294	40.73049393	-73.9957214	483	40.73223272	-73.98889957	1
0	3	14385	432	40.72621788	-73.98379855	297	40.734232	-73.986923	1
0	3	47028	481	40.71260486	-73.96264403	2012	40.739445	-73.976806	1
0	3	50979	224	40.71146364	-74.00552427	316	40.70955958	-74.00653609	1
0	3	50980	410	40.72066442	-73.98517977	366	40.693261	-73.968896	1
0	3	14852	304	40.70463334	-74.01361706	306	40.70823502	-74.00530063	1
0	3	8120	404	40.7405826	-74.00550867	348	40.72490985	-74.00154702	1
0	3	37874	529	40.7575699	-73.99098507	488	40.75645824	-73.99372222	1
0	3	24469	304	40.70463334	-74.01361706	268	40.71910537	-73.99973337	1
0	3	11355	375	40.72679454	-73.99695094	380	40.73401143	-74.00293877	1
0	3	35419	394	40.72521311	-73.97768752	504	40.73221853	-73.98165557	1
0	3	7192	473	40.72110063	-73.9919254	473	40.72110063	-73.9919254	1
0	3	17669	508	40.76341379	-73.99667444	380	40.73401143	-74.00293877	1
0	3	9164	499	40.76915505	-73.98191841	499	40.76915505	-73.98191841	1
0	3	4178	366	40.693261	-73.968896	539	40.71534825	-73.96024116	1
0	3	7139	2012	40.739445	-73.976806	153	40.752062307	-73.9816324043	2
0	3	1853	150	40.7208736	-73.98085795	293	40.73028666	-73.9907647	1
0	3	21919	539	40.71534825	-73.96024116	313	40.69610226	-73.96751037	1
0	3	12878	489	40.75066386	-74.00176802	434	40.74317449	-74.00366443	2
0	3	18617	489	40.75066386	-74.00176802	309	40.7149787	-74.013012	1
0	3	22521	365	40.68223166	-73.9614583	354	40.69363137	-73.96223558	1
0	3	39569	489	40.75066386	-74.00176802	311	40.7172274	-73.98802084	1
