0	6	611	300	40.728145	-73.990214	173	40.76064679	-73.98442659	1
0	6	24223	487	40.73314259	-73.97573881	173	40.76064679	-73.98442659	1
0	6	24245	438	40.72779126	-73.98564945	267	40.75097711	-73.98765428	1
0	6	21196	247	40.73535398	-74.00483091	482	40.73935542	-73.99931783	1
0	6	8980	336	40.73047747	-73.99906065	511	40.72938685	-73.97772429	1
0	6	25227	380	40.73401143	-74.00293877	387	40.71273266	-74.0046073	1
0	6	74311	406	40.69512845	-73.99595065	383	40.735238	-74.000271	1
0	6	24105	529	40.7575699	-73.99098507	293	40.73028666	-73.9907647	1
0	6	34549	317	40.72453734	-73.98185424	2021	40.75929124	-73.98859651	1
0	6	57137	289	40.6845683	-73.95881081	262	40.69178232	-73.97372989	1
0	6	33323	464	40.75934501	-73.96759673	513	40.768254	-73.988639	1
0	6	60354	264	40.70706456	-74.00731853	440	40.75255434	-73.97282625	1
0	6	9000	407	40.700469	-73.991454	310	40.68926942	-73.98912867	1
0	6	35220	509	40.7454973	-74.00197139	173	40.76064679	-73.98442659	1
0	6	738	325	40.73624527	-73.98473765	228	40.7546011026	-73.971878855	1
0	6	2047	477	40.75640548	-73.9900262	522	40.75714758	-73.97207836	3
0	6	687	466	40.74395411	-73.99144871	520	40.75992262	-73.97648516	1
0	6	4852	490	40.751551	-73.993934	457	40.76695317	-73.98169333	2
0	6	748	490	40.751551	-73.993934	173	40.76064679	-73.98442659	2
0	6	32863	492	40.75019995	-73.99093085	487	40.73314259	-73.97573881	1
0	6	25893	361	40.71605866	-73.99190759	444	40.7423543	-73.98915076	1
0	6	751	271	40.68528172	-73.97805813	2000	40.70255088	-73.98940236	1
0	6	15781	517	40.75149263	-73.97798848	498	40.74854862	-73.98808416	1
0	6	35212	529	40.7575699	-73.99098507	2022	40.75849116	-73.95920622	1
0	6	11739	312	40.722055	-73.989111	254	40.73532427	-73.99800419	1
0	6	2394	368	40.73038599	-74.00214988	435	40.74173969	-73.99415556	1
0	6	735	492	40.75019995	-73.99093085	464	40.75934501	-73.96759673	1
0	6	1101	488	40.75645824	-73.99372222	440	40.75255434	-73.97282625	1
0	6	747	477	40.75640548	-73.9900262	497	40.73704984	-73.99009296	1
0	6	521	492	40.75019995	-73.99093085	526	40.74765947	-73.98490707	1
0	6	1761	490	40.751551	-73.993934	522	40.75714758	-73.97207836	1
0	6	1829	278	40.69766564	-73.98476437	430	40.7014851	-73.98656928	1
0	6	22604	243	40.687979	-73.978474	518	40.74780373	-73.9734419	1
0	6	1113	127	40.73172428	-74.00674436	522	40.75714758	-73.97207836	1
0	6	741	478	40.76030096	-73.99884222	173	40.76064679	-73.98442659	1
0	6	35764	492	40.75019995	-73.99093085	2012	40.739445	-73.976806	1
0	6	8546	477	40.75640548	-73.9900262	458	40.751396	-74.005226	1
0	6	1892	492	40.75019995	-73.99093085	137	40.761628	-73.972924	1
0	6	4647	237	40.73047309	-73.98672378	517	40.75149263	-73.97798848	1
0	6	2915	433	40.72955361	-73.98057249	497	40.73704984	-73.99009296	1
0	6	8570	434	40.74317449	-74.00366443	477	40.75640548	-73.9900262	1
0	6	733	454	40.75455731	-73.96592976	520	40.75992262	-73.97648516	1
0	6	1080	2003	40.73416059	-73.98024289	440	40.75255434	-73.97282625	1
0	6	20153	494	40.74734825	-73.99723551	458	40.751396	-74.005226	1
0	6	53130	284	40.7390169121	-74.0026376103	538	40.75795248	-73.97787642	1
0	6	34828	2021	40.75929124	-73.98859651	518	40.74780373	-73.9734419	1
0	6	24136	490	40.751551	-73.993934	440	40.75255434	-73.97282625	1
0	6	42684	473	40.72110063	-73.9919254	442	40.746647	-73.993915	1
0	6	1800	477	40.75640548	-73.9900262	281	40.7643971	-73.97371465	1
0	6	27597	228	40.7546011026	-73.971878855	2006	40.76590936	-73.97634151	1
0	6	1340	529	40.7575699	-73.99098507	536	40.74144387	-73.97536082	1
0	6	27795	152	40.71473993	-74.00910627	334	40.74238787	-73.99726235	1
0	6	2569	358	40.73291553	-74.00711384	347	40.72873888	-74.00748842	2
0	6	762	485	40.75038009	-73.98338988	281	40.7643971	-73.97371465	1
0	6	3054	327	40.7153379	-74.01658354	387	40.71273266	-74.0046073	2
0	6	1609	281	40.7643971	-73.97371465	474	40.7451677	-73.98683077	1
0	6	717	237	40.73047309	-73.98672378	167	40.7489006	-73.97604882	1
0	6	41176	368	40.73038599	-74.00214988	267	40.75097711	-73.98765428	1
0	6	758	224	40.71146364	-74.00552427	319	40.71336124	-74.00937622	1
0	6	14336	502	40.714215	-73.981346	531	40.71893904	-73.99266288	2
0	6	1257	325	40.73624527	-73.98473765	536	40.74144387	-73.97536082	2
0	6	639	368	40.73038599	-74.00214988	383	40.735238	-74.000271	1
0	6	64599	458	40.751396	-74.005226	250	40.72456089	-73.99565293	1
0	6	25057	151	40.7218158	-73.99720307	249	40.71870987	-74.0090009	1
0	6	10279	375	40.72679454	-73.99695094	285	40.73454567	-73.99074142	2
0	6	686	529	40.7575699	-73.99098507	305	40.76095756	-73.96724467	1
0	6	56659	477	40.75640548	-73.9900262	487	40.73314259	-73.97573881	1
0	6	757	477	40.75640548	-73.9900262	167	40.7489006	-73.97604882	2
0	6	2769	515	40.76009437	-73.99461843	352	40.76340613	-73.97722479	1
0	6	15950	528	40.74290902	-73.97706058	450	40.76227205	-73.98788205	1
0	6	30471	334	40.74238787	-73.99726235	348	40.72490985	-74.00154702	1
0	6	800	477	40.75640548	-73.9900262	359	40.75510267	-73.97498696	2
0	6	23075	529	40.7575699	-73.99098507	422	40.770513	-73.988038	2
0	6	1164	529	40.7575699	-73.99098507	519	40.75188406	-73.97770164	2
0	6	42121	2003	40.73416059	-73.98024289	516	40.75206862	-73.96784384	1
0	6	503	477	40.75640548	-73.9900262	519	40.75188406	-73.97770164	1
0	6	786	488	40.75645824	-73.99372222	536	40.74144387	-73.97536082	1
0	6	69931	520	40.75992262	-73.97648516	511	40.72938685	-73.97772429	1
0	6	1980	492	40.75019995	-73.99093085	510	40.7606597	-73.98042047	2
0	6	1008	521	40.75044999	-73.99481051	458	40.751396	-74.005226	2
0	6	1802	492	40.75019995	-73.99093085	475	40.73524276	-73.98758561	1
0	6	7563	382	40.73492695	-73.99200509	545	40.736502	-73.97809472	1
0	6	25903	275	40.68650065	-73.96563307	344	40.6851443	-73.95380904	1
0	6	4127	521	40.75044999	-73.99481051	153	40.752062307	-73.9816324043	1
0	6	545	328	40.72405549	-74.00965965	309	40.7149787	-74.013012	1
0	6	13258	146	40.71625008	-74.0091059	329	40.72043411	-74.01020609	1
0	6	17491	320	40.71743998	-74.00583475	304	40.70463334	-74.01361706	1
0	6	30660	422	40.770513	-73.988038	536	40.74144387	-73.97536082	1
0	6	697	317	40.72453734	-73.98185424	285	40.73454567	-73.99074142	2
0	6	754	546	40.74444921	-73.98303529	168	40.73971301	-73.99456405	1
0	6	10954	510	40.7606597	-73.98042047	468	40.7652654	-73.98192338	1
0	6	53127	356	40.71622644	-73.98261206	116	40.74177603	-74.00149746	1
0	6	10670	459	40.746745	-74.007756	281	40.7643971	-73.97371465	1
0	6	32531	482	40.73935542	-73.99931783	357	40.73261787	-73.99158043	1
0	6	24238	376	40.70862144	-74.00722156	260	40.70365182	-74.01167797	1
0	6	1844	318	40.75320159	-73.9779874	426	40.71754834	-74.01322069	1
0	6	24755	301	40.72217444	-73.98368779	2012	40.739445	-73.976806	1
0	6	8455	264	40.70706456	-74.00731853	152	40.71473993	-74.00910627	1
0	6	43848	312	40.722055	-73.989111	369	40.73224119	-74.00026394	1
0	6	36473	128	40.72710258	-74.00297088	456	40.7597108	-73.97402311	1
0	6	3830	297	40.734232	-73.986923	348	40.72490985	-74.00154702	1
0	6	654	325	40.73624527	-73.98473765	388	40.749717753	-74.002950346	1
0	6	839	521	40.75044999	-73.99481051	337	40.7037992	-74.00838676	1
0	6	7128	521	40.75044999	-73.99481051	404	40.7405826	-74.00550867	1
0	6	9883	297	40.734232	-73.986923	486	40.7462009	-73.98855723	1
0	6	35775	492	40.75019995	-73.99093085	455	40.75001986	-73.96905301	1
0	6	22979	521	40.75044999	-73.99481051	528	40.74290902	-73.97706058	2
0	6	31521	368	40.73038599	-74.00214988	326	40.72953837	-73.98426726	1
0	6	1786	492	40.75019995	-73.99093085	352	40.76340613	-73.97722479	1
0	6	624	529	40.7575699	-73.99098507	456	40.7597108	-73.97402311	1
0	6	936	513	40.768254	-73.988639	499	40.76915505	-73.98191841	1
0	6	36792	502	40.714215	-73.981346	532	40.710451	-73.960876	1
0	6	19287	494	40.74734825	-73.99723551	426	40.71754834	-74.01322069	1
0	6	36785	2003	40.73416059	-73.98024289	441	40.756014	-73.967416	1
0	6	851	492	40.75019995	-73.99093085	359	40.75510267	-73.97498696	2
0	6	25048	492	40.75019995	-73.99093085	236	40.7284186	-73.98713956	1
0	6	21119	528	40.74290902	-73.97706058	325	40.73624527	-73.98473765	1
0	6	5957	490	40.751551	-73.993934	450	40.76227205	-73.98788205	2
0	6	8912	334	40.74238787	-73.99726235	334	40.74238787	-73.99726235	1
0	6	1119	521	40.75044999	-73.99481051	463	40.74206539	-74.00443172	2
0	6	62196	326	40.72953837	-73.98426726	455	40.75001986	-73.96905301	1
0	6	2731	358	40.73291553	-74.00711384	328	40.72405549	-74.00965965	1
0	6	860	521	40.75044999	-73.99481051	212	40.74334935	-74.00681753	1
0	6	9444	152	40.71473993	-74.00910627	2004	40.724399	-74.004704	1
0	6	890	488	40.75645824	-73.99372222	336	40.73047747	-73.99906065	1
0	6	774	492	40.75019995	-73.99093085	536	40.74144387	-73.97536082	2
0	6	842	477	40.75640548	-73.9900262	352	40.76340613	-73.97722479	3
0	6	24166	296	40.71413089	-73.9970468	412	40.7158155	-73.99422366	1
0	6	19029	504	40.73221853	-73.98165557	382	40.73492695	-73.99200509	1
0	6	1033	168	40.73971301	-73.99456405	510	40.7606597	-73.98042047	1
0	6	1953	241	40.68981035	-73.97493121	324	40.689888	-73.981013	4
0	6	24277	485	40.75038009	-73.98338988	402	40.7403432	-73.98955109	1
0	6	836	514	40.76087502	-74.00277668	459	40.746745	-74.007756	1
0	6	9369	2006	40.76590936	-73.97634151	2006	40.76590936	-73.97634151	1
0	6	36524	441	40.756014	-73.967416	173	40.76064679	-73.98442659	1
0	6	20100	498	40.74854862	-73.98808416	173	40.76064679	-73.98442659	1
0	6	25025	2003	40.73416059	-73.98024289	417	40.71291224	-74.01020234	1
0	6	5249	529	40.7575699	-73.99098507	458	40.751396	-74.005226	1
0	6	862	521	40.75044999	-73.99481051	325	40.73624527	-73.98473765	1
0	6	17038	334	40.74238787	-73.99726235	459	40.746745	-74.007756	1
0	6	23664	490	40.751551	-73.993934	327	40.7153379	-74.01658354	1
0	6	883	492	40.75019995	-73.99093085	538	40.75795248	-73.97787642	2
0	6	1200	490	40.751551	-73.993934	447	40.76370739	-73.9851615	2
0	6	2890	3002	40.711512	-74.015756	534	40.70255065	-74.0127234	1
0	6	59253	490	40.751551	-73.993934	330	40.71450451	-74.00562789	1
0	6	799	434	40.74317449	-74.00366443	284	40.7390169121	-74.0026376103	1
0	6	1226	318	40.75320159	-73.9779874	405	40.739323	-74.008119	1
0	6	7443	546	40.74444921	-73.98303529	490	40.751551	-73.993934	1
0	6	6621	492	40.75019995	-73.99093085	493	40.7568001	-73.98291153	1
0	6	29573	358	40.73291553	-74.00711384	484	40.75500254	-73.98014437	1
0	6	24751	408	40.71076228	-73.99400398	259	40.70122128	-74.01234218	1
0	6	843	342	40.71739973	-73.98016555	417	40.71291224	-74.01020234	1
0	6	24820	492	40.75019995	-73.99093085	521	40.75044999	-73.99481051	1
0	6	3364	485	40.75038009	-73.98338988	2017	40.75022392	-73.97121414	1
0	6	1147	224	40.71146364	-74.00552427	534	40.70255065	-74.0127234	1
0	6	838	346	40.73652889	-74.00618026	426	40.71754834	-74.01322069	1
0	6	837	492	40.75019995	-73.99093085	318	40.75320159	-73.9779874	2
0	6	2275	490	40.751551	-73.993934	228	40.7546011026	-73.971878855	2
0	6	35956	291	40.713126	-73.984844	312	40.722055	-73.989111	1
0	6	827	521	40.75044999	-73.99481051	228	40.7546011026	-73.971878855	1
0	6	807	341	40.71782143	-73.97628939	311	40.7172274	-73.98802084	1
0	6	4229	173	40.76064679	-73.98442659	492	40.75019995	-73.99093085	1
0	6	877	487	40.73314259	-73.97573881	537	40.74025878	-73.98409214	1
0	6	689	492	40.75019995	-73.99093085	472	40.7457121	-73.98194829	1
0	6	74313	2002	40.716887	-73.963198	520	40.75992262	-73.97648516	1
0	6	63810	405	40.739323	-74.008119	538	40.75795248	-73.97787642	1
0	6	817	320	40.71743998	-74.00583475	417	40.71291224	-74.01020234	1
0	6	649	327	40.7153379	-74.01658354	329	40.72043411	-74.01020609	6
0	6	2374	127	40.73172428	-74.00674436	426	40.71754834	-74.01322069	1
0	6	12898	488	40.75645824	-73.99372222	525	40.75594159	-74.0021163	1
0	6	25215	488	40.75645824	-73.99372222	435	40.74173969	-73.99415556	1
0	6	865	488	40.75645824	-73.99372222	327	40.7153379	-74.01658354	1
0	6	38167	308	40.71307916	-73.99851193	309	40.7149787	-74.013012	1
0	6	43864	454	40.75455731	-73.96592976	2023	40.75968085	-73.97031366	1
0	6	1265	504	40.73221853	-73.98165557	297	40.734232	-73.986923	1
0	6	8967	477	40.75640548	-73.9900262	486	40.7462009	-73.98855723	2
0	6	593	492	40.75019995	-73.99093085	153	40.752062307	-73.9816324043	2
0	6	25192	477	40.75640548	-73.9900262	2012	40.739445	-73.976806	1
0	6	846	521	40.75044999	-73.99481051	347	40.72873888	-74.00748842	1
0	6	28045	521	40.75044999	-73.99481051	493	40.7568001	-73.98291153	1
0	6	54757	529	40.7575699	-73.99098507	516	40.75206862	-73.96784384	1
0	6	13916	428	40.72467721	-73.98783413	293	40.73028666	-73.9907647	1
0	6	11635	521	40.75044999	-73.99481051	450	40.76227205	-73.98788205	1
0	6	1227	488	40.75645824	-73.99372222	444	40.7423543	-73.98915076	1
0	6	25538	387	40.71273266	-74.0046073	264	40.70706456	-74.00731853	1
0	6	868	264	40.70706456	-74.00731853	309	40.7149787	-74.013012	1
0	6	641	515	40.76009437	-73.99461843	510	40.7606597	-73.98042047	1
0	6	20522	488	40.75645824	-73.99372222	264	40.70706456	-74.00731853	1
0	6	65332	351	40.70530954	-74.00612572	440	40.75255434	-73.97282625	1
0	6	21643	529	40.7575699	-73.99098507	449	40.76461837	-73.98789473	1
0	6	276	529	40.7575699	-73.99098507	529	40.7575699	-73.99098507	1
0	6	12351	428	40.72467721	-73.98783413	504	40.73221853	-73.98165557	1
0	6	32060	302	40.72082834	-73.97793172	307	40.71427487	-73.98990025	1
0	6	40921	350	40.71559509	-73.9870295	457	40.76695317	-73.98169333	1
0	6	19581	458	40.751396	-74.005226	334	40.74238787	-73.99726235	1
0	6	7561	519	40.75188406	-73.97770164	528	40.74290902	-73.97706058	1
0	6	696	349	40.71850211	-73.98329859	537	40.74025878	-73.98409214	1
0	6	22362	380	40.73401143	-74.00293877	405	40.739323	-74.008119	1
0	6	1716	477	40.75640548	-73.9900262	504	40.73221853	-73.98165557	1
0	6	28257	315	40.70355377	-74.00670227	387	40.71273266	-74.0046073	1
0	6	1361	167	40.7489006	-73.97604882	510	40.7606597	-73.98042047	1
0	6	3005	529	40.7575699	-73.99098507	538	40.75795248	-73.97787642	1
0	6	2668	477	40.75640548	-73.9900262	440	40.75255434	-73.97282625	1
0	6	8054	521	40.75044999	-73.99481051	536	40.74144387	-73.97536082	3
0	6	42129	523	40.75466591	-73.99138152	455	40.75001986	-73.96905301	1
0	6	617	477	40.75640548	-73.9900262	164	40.75323098	-73.97032517	1
0	6	376	504	40.73221853	-73.98165557	545	40.736502	-73.97809472	1
0	6	8926	167	40.7489006	-73.97604882	457	40.76695317	-73.98169333	1
0	6	595	521	40.75044999	-73.99481051	459	40.746745	-74.007756	2
0	6	14574	393	40.72299208	-73.97995466	300	40.728145	-73.990214	1
0	6	22346	490	40.751551	-73.993934	499	40.76915505	-73.98191841	1
0	6	59038	471	40.71286844	-73.95698119	455	40.75001986	-73.96905301	1
0	6	679	477	40.75640548	-73.9900262	510	40.7606597	-73.98042047	1
0	6	16065	459	40.746745	-74.007756	477	40.75640548	-73.9900262	1
0	6	12721	301	40.72217444	-73.98368779	251	40.72317958	-73.99480012	1
0	6	1162	523	40.75466591	-73.99138152	501	40.744219	-73.97121214	2
0	6	872	518	40.74780373	-73.9734419	472	40.7457121	-73.98194829	2
0	6	28909	522	40.75714758	-73.97207836	385	40.75797322	-73.96603308	1
0	6	14130	477	40.75640548	-73.9900262	493	40.7568001	-73.98291153	1
0	6	24419	317	40.72453734	-73.98185424	323	40.69236178	-73.98631746	1
0	6	951	507	40.73912601	-73.97973776	510	40.7606597	-73.98042047	1
0	6	947	521	40.75044999	-73.99481051	116	40.74177603	-74.00149746	1
0	6	1005	529	40.7575699	-73.99098507	267	40.75097711	-73.98765428	1
0	6	803	521	40.75044999	-73.99481051	367	40.75828065	-73.97069431	1
0	6	31214	362	40.75172632	-73.98753523	128	40.72710258	-74.00297088	1
0	6	530	490	40.751551	-73.993934	478	40.76030096	-73.99884222	1
0	6	18194	492	40.75019995	-73.99093085	540	40.74147286	-73.98320928	1
0	6	53147	546	40.74444921	-73.98303529	357	40.73261787	-73.99158043	1
0	6	2128	492	40.75019995	-73.99093085	290	40.76020258	-73.96478473	1
0	6	1333	387	40.71273266	-74.0046073	329	40.72043411	-74.01020609	1
0	6	5717	490	40.751551	-73.993934	305	40.76095756	-73.96724467	1
0	6	1857	523	40.75466591	-73.99138152	497	40.73704984	-73.99009296	1
0	6	57155	529	40.7575699	-73.99098507	367	40.75828065	-73.97069431	1
0	6	766	334	40.74238787	-73.99726235	253	40.73543934	-73.99453948	1
0	6	7232	492	40.75019995	-73.99093085	253	40.73543934	-73.99453948	1
0	6	36825	492	40.75019995	-73.99093085	516	40.75206862	-73.96784384	1
0	6	49428	369	40.73224119	-74.00026394	116	40.74177603	-74.00149746	1
0	6	40618	366	40.693261	-73.968896	233	40.69246277	-73.98963911	1
0	6	26368	492	40.75019995	-73.99093085	72	40.76727216	-73.99392888	1
0	6	3152	537	40.74025878	-73.98409214	435	40.74173969	-73.99415556	1
0	6	117	447	40.76370739	-73.9851615	499	40.76915505	-73.98191841	1
0	6	1352	316	40.70955958	-74.00653609	309	40.7149787	-74.013012	1
0	6	25662	270	40.69308257	-73.97178913	416	40.68753406	-73.97265183	1
0	6	9620	361	40.71605866	-73.99190759	361	40.71605866	-73.99190759	1
0	6	1795	477	40.75640548	-73.9900262	173	40.76064679	-73.98442659	1
0	6	642	483	40.73223272	-73.98889957	301	40.72217444	-73.98368779	1
0	6	718	318	40.75320159	-73.9779874	488	40.75645824	-73.99372222	1
0	6	60261	250	40.72456089	-73.99565293	536	40.74144387	-73.97536082	1
0	6	6974	492	40.75019995	-73.99093085	474	40.7451677	-73.98683077	1
0	6	777	254	40.73532427	-73.99800419	327	40.7153379	-74.01658354	1
0	6	1255	79	40.71911552	-74.00666661	347	40.72873888	-74.00748842	1
0	6	43758	285	40.73454567	-73.99074142	72	40.76727216	-73.99392888	1
0	6	999	483	40.73223272	-73.98889957	253	40.73543934	-73.99453948	1
0	6	517	478	40.76030096	-73.99884222	490	40.751551	-73.993934	2
0	6	16584	335	40.72903917	-73.99404649	438	40.72779126	-73.98564945	1
0	6	23454	236	40.7284186	-73.98713956	507	40.73912601	-73.97973776	1
0	6	18641	405	40.739323	-74.008119	459	40.746745	-74.007756	1
0	6	18605	318	40.75320159	-73.9779874	290	40.76020258	-73.96478473	1
0	6	3218	517	40.75149263	-73.97798848	528	40.74290902	-73.97706058	1
0	6	8586	488	40.75645824	-73.99372222	480	40.76669671	-73.99061728	1
0	6	1065	521	40.75044999	-73.99481051	525	40.75594159	-74.0021163	2
0	6	852	357	40.73261787	-73.99158043	402	40.7403432	-73.98955109	1
0	6	975	2008	40.70569254	-74.01677685	304	40.70463334	-74.01361706	1
0	6	6513	490	40.751551	-73.993934	468	40.7652654	-73.98192338	1
0	6	2313	521	40.75044999	-73.99481051	309	40.7149787	-74.013012	1
0	6	901	238	40.7361967	-74.00859207	327	40.7153379	-74.01658354	1
0	6	1097	477	40.75640548	-73.9900262	536	40.74144387	-73.97536082	2
0	6	63270	537	40.74025878	-73.98409214	417	40.71291224	-74.01020234	1
0	6	59822	523	40.75466591	-73.99138152	83	40.68382604	-73.97632328	1
0	6	6540	290	40.76020258	-73.96478473	164	40.75323098	-73.97032517	1
0	6	1649	79	40.71911552	-74.00666661	146	40.71625008	-74.0091059	1
0	6	20735	490	40.751551	-73.993934	484	40.75500254	-73.98014437	2
0	6	900	492	40.75019995	-73.99093085	537	40.74025878	-73.98409214	1
0	6	3511	382	40.73492695	-73.99200509	459	40.746745	-74.007756	1
0	6	990	531	40.71893904	-73.99266288	417	40.71291224	-74.01020234	1
0	6	55087	403	40.72502876	-73.99069656	318	40.75320159	-73.9779874	1
0	6	15382	442	40.746647	-73.993915	405	40.739323	-74.008119	1
0	6	9744	519	40.75188406	-73.97770164	83	40.68382604	-73.97632328	1
0	6	1479	523	40.75466591	-73.99138152	439	40.7262807	-73.98978041	1
0	6	11607	151	40.7218158	-73.99720307	293	40.73028666	-73.9907647	1
0	6	2437	318	40.75320159	-73.9779874	510	40.7606597	-73.98042047	2
0	6	732	519	40.75188406	-73.97770164	309	40.7149787	-74.013012	1
0	6	54753	469	40.76344058	-73.98268129	545	40.736502	-73.97809472	1
0	6	1079	318	40.75320159	-73.9779874	524	40.75527307	-73.98316936	1
0	6	64122	363	40.70834698	-74.01713445	367	40.75828065	-73.97069431	1
0	6	10095	459	40.746745	-74.007756	417	40.71291224	-74.01020234	1
0	6	54755	529	40.7575699	-73.99098507	304	40.70463334	-74.01361706	1
0	6	556	447	40.76370739	-73.9851615	510	40.7606597	-73.98042047	1
0	6	906	358	40.73291553	-74.00711384	426	40.71754834	-74.01322069	1
0	6	8760	151	40.7218158	-73.99720307	229	40.72743423	-73.99379025	1
0	6	1668	540	40.74147286	-73.98320928	426	40.71754834	-74.01322069	1
0	6	53171	521	40.75044999	-73.99481051	2012	40.739445	-73.976806	1
0	6	46930	83	40.68382604	-73.97632328	2002	40.716887	-73.963198	1
0	6	12028	469	40.76344058	-73.98268129	472	40.7457121	-73.98194829	1
0	6	42008	456	40.7597108	-73.97402311	455	40.75001986	-73.96905301	1
0	6	25494	526	40.74765947	-73.98490707	472	40.7457121	-73.98194829	1
0	6	54762	522	40.75714758	-73.97207836	516	40.75206862	-73.96784384	1
0	6	985	515	40.76009437	-73.99461843	318	40.75320159	-73.9779874	1
0	6	34734	488	40.75645824	-73.99372222	528	40.74290902	-73.97706058	2
0	6	3165	519	40.75188406	-73.97770164	458	40.751396	-74.005226	1
0	6	1908	422	40.770513	-73.988038	195	40.70905623	-74.01043382	1
0	6	24316	504	40.73221853	-73.98165557	474	40.7451677	-73.98683077	1
0	6	24314	325	40.73624527	-73.98473765	264	40.70706456	-74.00731853	1
0	6	2172	325	40.73624527	-73.98473765	167	40.7489006	-73.97604882	1
0	6	21461	515	40.76009437	-73.99461843	459	40.746745	-74.007756	1
0	6	3465	523	40.75466591	-73.99138152	444	40.7423543	-73.98915076	1
0	6	950	342	40.71739973	-73.98016555	296	40.71413089	-73.9970468	1
0	6	24578	521	40.75044999	-73.99481051	351	40.70530954	-74.00612572	1
0	6	983	319	40.71336124	-74.00937622	329	40.72043411	-74.01020609	1
0	6	1072	318	40.75320159	-73.9779874	422	40.770513	-73.988038	1
0	6	1231	529	40.7575699	-73.99098507	450	40.76227205	-73.98788205	2
0	6	507	478	40.76030096	-73.99884222	529	40.7575699	-73.99098507	1
0	6	248	344	40.6851443	-73.95380904	364	40.68900443	-73.96023854	1
0	6	19015	168	40.73971301	-73.99456405	507	40.73912601	-73.97973776	1
0	6	44561	237	40.73047309	-73.98672378	317	40.72453734	-73.98185424	1
0	6	8193	435	40.74173969	-73.99415556	458	40.751396	-74.005226	1
0	6	25223	498	40.74854862	-73.98808416	493	40.7568001	-73.98291153	1
0	6	1201	529	40.7575699	-73.99098507	500	40.76228826	-73.98336183	1
0	6	29350	153	40.752062307	-73.9816324043	281	40.7643971	-73.97371465	1
0	6	676	519	40.75188406	-73.97770164	475	40.73524276	-73.98758561	1
0	6	724	237	40.73047309	-73.98672378	285	40.73454567	-73.99074142	1
0	6	35202	432	40.72621788	-73.98379855	337	40.7037992	-74.00838676	1
0	6	23006	483	40.73223272	-73.98889957	285	40.73454567	-73.99074142	1
0	6	35450	361	40.71605866	-73.99190759	536	40.74144387	-73.97536082	1
0	6	780	318	40.75320159	-73.9779874	493	40.7568001	-73.98291153	1
0	6	12448	528	40.74290902	-73.97706058	497	40.73704984	-73.99009296	1
0	6	13248	257	40.71939226	-74.00247214	329	40.72043411	-74.01020609	1
0	6	12592	507	40.73912601	-73.97973776	442	40.746647	-73.993915	1
0	6	42705	483	40.73223272	-73.98889957	447	40.76370739	-73.9851615	1
0	6	23159	316	40.70955958	-74.00653609	387	40.71273266	-74.0046073	1
0	6	11853	490	40.751551	-73.993934	515	40.76009437	-73.99461843	1
0	6	18198	290	40.76020258	-73.96478473	475	40.73524276	-73.98758561	1
0	6	973	387	40.71273266	-74.0046073	309	40.7149787	-74.013012	3
0	6	1037	502	40.714215	-73.981346	428	40.72467721	-73.98783413	1
0	6	1009	492	40.75019995	-73.99093085	522	40.75714758	-73.97207836	1
0	6	26169	317	40.72453734	-73.98185424	519	40.75188406	-73.97770164	1
0	6	12341	472	40.7457121	-73.98194829	521	40.75044999	-73.99481051	1
0	6	568	477	40.75640548	-73.9900262	456	40.7597108	-73.97402311	1
0	6	20313	513	40.768254	-73.988639	441	40.756014	-73.967416	1
0	6	801	421	40.69573398	-73.97129668	430	40.7014851	-73.98656928	1
0	6	1016	492	40.75019995	-73.99093085	367	40.75828065	-73.97069431	1
0	6	23099	164	40.75323098	-73.97032517	505	40.74901271	-73.98848395	1
0	6	51237	259	40.70122128	-74.01234218	2012	40.739445	-73.976806	1
0	6	33314	492	40.75019995	-73.99093085	528	40.74290902	-73.97706058	1
0	6	24332	477	40.75640548	-73.9900262	517	40.75149263	-73.97798848	1
0	6	1117	358	40.73291553	-74.00711384	402	40.7403432	-73.98955109	1
0	6	5959	488	40.75645824	-73.99372222	168	40.73971301	-73.99456405	1
0	6	664	529	40.7575699	-73.99098507	352	40.76340613	-73.97722479	1
0	6	781	443	40.70853074	-73.96408963	384	40.68317813	-73.9659641	1
0	6	32469	251	40.72317958	-73.99480012	229	40.72743423	-73.99379025	1
0	6	1041	477	40.75640548	-73.9900262	318	40.75320159	-73.9779874	2
0	6	2763	521	40.75044999	-73.99481051	329	40.72043411	-74.01020609	2
0	6	1564	380	40.73401143	-74.00293877	301	40.72217444	-73.98368779	1
0	6	1170	518	40.74780373	-73.9734419	463	40.74206539	-74.00443172	1
0	6	44886	408	40.71076228	-73.99400398	307	40.71427487	-73.98990025	1
0	6	4288	514	40.76087502	-74.00277668	524	40.75527307	-73.98316936	1
0	6	16532	168	40.73971301	-73.99456405	359	40.75510267	-73.97498696	1
0	6	210	358	40.73291553	-74.00711384	284	40.7390169121	-74.0026376103	2
0	6	25356	347	40.72873888	-74.00748842	319	40.71336124	-74.00937622	1
0	6	70614	534	40.70255065	-74.0127234	502	40.714215	-73.981346	1
0	6	46587	450	40.76227205	-73.98788205	445	40.72740794	-73.98142006	1
0	6	35513	497	40.73704984	-73.99009296	484	40.75500254	-73.98014437	1
0	6	1055	404	40.7405826	-74.00550867	328	40.72405549	-74.00965965	1
0	6	13250	490	40.751551	-73.993934	528	40.74290902	-73.97706058	2
0	6	496	340	40.71269042	-73.98776323	351	40.70530954	-74.00612572	1
0	6	2456	468	40.7652654	-73.98192338	456	40.7597108	-73.97402311	1
0	6	514	428	40.72467721	-73.98783413	252	40.73226398	-73.99852205	1
0	6	42192	128	40.72710258	-74.00297088	352	40.76340613	-73.97722479	1
0	6	4855	507	40.73912601	-73.97973776	472	40.7457121	-73.98194829	1
0	6	62301	411	40.72228087	-73.97668709	415	40.7047177	-74.00926027	1
0	6	44453	244	40.69196035	-73.96536851	274	40.68691865	-73.976682	1
0	6	1326	490	40.751551	-73.993934	508	40.76341379	-73.99667444	2
0	6	785	326	40.72953837	-73.98426726	293	40.73028666	-73.9907647	1
0	6	10276	247	40.73535398	-74.00483091	247	40.73535398	-74.00483091	1
0	6	24888	316	40.70955958	-74.00653609	260	40.70365182	-74.01167797	1
0	6	35750	375	40.72679454	-73.99695094	518	40.74780373	-73.9734419	1
0	6	27861	464	40.75934501	-73.96759673	456	40.7597108	-73.97402311	1
0	6	4055	296	40.71413089	-73.9970468	304	40.70463334	-74.01361706	1
0	6	24307	477	40.75640548	-73.9900262	496	40.73726186	-73.99238967	1
0	6	618	521	40.75044999	-73.99481051	462	40.74691959	-74.00451887	1
0	6	1833	270	40.69308257	-73.97178913	324	40.689888	-73.981013	2
0	6	2067	419	40.69580705	-73.97355569	239	40.69196566	-73.9813018	1
0	6	51427	349	40.71850211	-73.98329859	309	40.7149787	-74.013012	1
0	6	17529	346	40.73652889	-74.00618026	284	40.7390169121	-74.0026376103	1
0	6	1941	403	40.72502876	-73.99069656	504	40.73221853	-73.98165557	1
0	6	613	488	40.75645824	-73.99372222	458	40.751396	-74.005226	2
0	6	36040	265	40.72229346	-73.99147535	426	40.71754834	-74.01322069	1
0	6	35241	488	40.75645824	-73.99372222	529	40.7575699	-73.99098507	1
0	6	1424	499	40.76915505	-73.98191841	538	40.75795248	-73.97787642	1
0	6	52992	490	40.751551	-73.993934	2012	40.739445	-73.976806	1
0	6	910	521	40.75044999	-73.99481051	253	40.73543934	-73.99453948	2
0	6	18018	249	40.71870987	-74.0090009	417	40.71291224	-74.01020234	1
0	6	1069	508	40.76341379	-73.99667444	137	40.761628	-73.972924	1
0	6	12985	521	40.75044999	-73.99481051	495	40.76269882	-73.99301222	1
0	6	18254	450	40.76227205	-73.98788205	479	40.76019252	-73.9912551	1
0	6	9986	510	40.7606597	-73.98042047	318	40.75320159	-73.9779874	1
0	6	826	367	40.75828065	-73.97069431	426	40.71754834	-74.01322069	1
0	6	60815	432	40.72621788	-73.98379855	533	40.75299641	-73.98721619	1
0	6	73846	460	40.71285887	-73.96590294	83	40.68382604	-73.97632328	1
0	6	15406	328	40.72405549	-74.00965965	347	40.72873888	-74.00748842	1
0	6	35350	487	40.73314259	-73.97573881	345	40.73649403	-73.99704374	1
0	6	7506	521	40.75044999	-73.99481051	497	40.73704984	-73.99009296	1
0	6	26835	442	40.746647	-73.993915	463	40.74206539	-74.00443172	1
0	6	5148	492	40.75019995	-73.99093085	517	40.75149263	-73.97798848	2
0	6	1076	421	40.69573398	-73.97129668	420	40.68764484	-73.96968902	1
0	6	1983	258	40.68940747	-73.96885458	324	40.689888	-73.981013	1
0	6	42101	495	40.76269882	-73.99301222	468	40.7652654	-73.98192338	1
0	6	34376	400	40.71926081	-73.98178024	295	40.71406667	-73.99293911	1
0	6	36978	502	40.714215	-73.981346	339	40.72580614	-73.97422494	1
0	6	22752	515	40.76009437	-73.99461843	422	40.770513	-73.988038	1
0	6	70434	532	40.710451	-73.960876	364	40.68900443	-73.96023854	1
0	6	1318	2009	40.71117444	-73.99682619	360	40.70717936	-74.00887308	1
0	6	831	477	40.75640548	-73.9900262	528	40.74290902	-73.97706058	1
0	6	3706	376	40.70862144	-74.00722156	309	40.7149787	-74.013012	2
0	6	42963	345	40.73649403	-73.99704374	320	40.71743998	-74.00583475	1
0	6	1141	477	40.75640548	-73.9900262	2022	40.75849116	-73.95920622	1
0	6	1771	422	40.770513	-73.988038	510	40.7606597	-73.98042047	1
0	6	42576	349	40.71850211	-73.98329859	224	40.71146364	-74.00552427	1
0	6	2068	477	40.75640548	-73.9900262	468	40.7652654	-73.98192338	1
0	6	11916	174	40.7381765	-73.97738662	444	40.7423543	-73.98915076	1
0	6	21206	276	40.71748752	-74.0104554	387	40.71273266	-74.0046073	1
0	6	10103	433	40.72955361	-73.98057249	297	40.734232	-73.986923	1
0	6	42175	423	40.76584941	-73.98690506	474	40.7451677	-73.98683077	1
0	6	13219	252	40.73226398	-73.99852205	151	40.7218158	-73.99720307	2
0	6	10088	445	40.72740794	-73.98142006	404	40.7405826	-74.00550867	1
0	6	8577	152	40.71473993	-74.00910627	309	40.7149787	-74.013012	1
0	6	22330	422	40.770513	-73.988038	490	40.751551	-73.993934	1
0	6	4409	242	40.69788349	-73.97350332	430	40.7014851	-73.98656928	1
0	6	63359	489	40.75066386	-74.00176802	493	40.7568001	-73.98291153	1
0	6	21130	497	40.73704984	-73.99009296	504	40.73221853	-73.98165557	1
0	6	2262	502	40.714215	-73.981346	337	40.7037992	-74.00838676	1
0	6	19656	82	40.71117416	-74.00016545	387	40.71273266	-74.0046073	1
0	6	13938	368	40.73038599	-74.00214988	151	40.7218158	-73.99720307	1
0	6	12773	487	40.73314259	-73.97573881	253	40.73543934	-73.99453948	1
0	6	35259	289	40.6845683	-73.95881081	271	40.68528172	-73.97805813	1
0	6	17704	518	40.74780373	-73.9734419	285	40.73454567	-73.99074142	1
0	6	24359	453	40.74475148	-73.99915362	510	40.7606597	-73.98042047	1
0	6	1049	438	40.72779126	-73.98564945	375	40.72679454	-73.99695094	1
0	6	12215	450	40.76227205	-73.98788205	490	40.751551	-73.993934	1
0	6	39041	284	40.7390169121	-74.0026376103	517	40.75149263	-73.97798848	1
0	6	50047	470	40.74345335	-74.00004031	499	40.76915505	-73.98191841	1
0	6	31320	174	40.7381765	-73.97738662	432	40.72621788	-73.98379855	1
0	6	22263	515	40.76009437	-73.99461843	519	40.75188406	-73.97770164	1
0	6	1087	290	40.76020258	-73.96478473	440	40.75255434	-73.97282625	1
0	6	218	359	40.75510267	-73.97498696	450	40.76227205	-73.98788205	2
0	6	27883	531	40.71893904	-73.99266288	394	40.72521311	-73.97768752	1
0	6	35419	394	40.72521311	-73.97768752	504	40.73221853	-73.98165557	1
0	6	4099	513	40.768254	-73.988639	367	40.75828065	-73.97069431	1
0	6	1090	394	40.72521311	-73.97768752	293	40.73028666	-73.9907647	1
0	6	2798	2008	40.70569254	-74.01677685	329	40.72043411	-74.01020609	1
0	6	1263	284	40.7390169121	-74.0026376103	352	40.76340613	-73.97722479	1
0	6	24371	415	40.7047177	-74.00926027	534	40.70255065	-74.0127234	1
0	6	24681	487	40.73314259	-73.97573881	540	40.74147286	-73.98320928	1
0	6	3248	537	40.74025878	-73.98409214	446	40.74487634	-73.99529885	1
0	6	1110	426	40.71754834	-74.01322069	329	40.72043411	-74.01020609	1
0	6	2366	509	40.7454973	-74.00197139	497	40.73704984	-73.99009296	1
0	6	907	345	40.73649403	-73.99704374	225	40.74195138	-74.00803013	1
0	6	16298	326	40.72953837	-73.98426726	229	40.72743423	-73.99379025	1
0	6	14106	72	40.76727216	-73.99392888	465	40.75513557	-73.98658032	1
0	6	17651	459	40.746745	-74.007756	305	40.76095756	-73.96724467	1
0	6	1157	271	40.68528172	-73.97805813	261	40.69474881	-73.98362464	1
0	6	3593	326	40.72953837	-73.98426726	440	40.75255434	-73.97282625	1
0	6	24361	437	40.6809833854	-73.9500479759	391	40.69760127	-73.99344559	1
0	6	51827	290	40.76020258	-73.96478473	493	40.7568001	-73.98291153	1
0	6	6429	293	40.73028666	-73.9907647	521	40.75044999	-73.99481051	1
0	6	24340	448	40.75660359	-73.9979009	422	40.770513	-73.988038	1
0	6	32354	423	40.76584941	-73.98690506	137	40.761628	-73.972924	1
0	6	4128	223	40.73781509	-73.99994661	328	40.72405549	-74.00965965	1
0	6	1251	488	40.75645824	-73.99372222	284	40.7390169121	-74.0026376103	1
0	6	1172	470	40.74345335	-74.00004031	284	40.7390169121	-74.0026376103	1
0	6	34983	405	40.739323	-74.008119	254	40.73532427	-73.99800419	1
0	6	2306	497	40.73704984	-73.99009296	2012	40.739445	-73.976806	1
0	6	43583	2021	40.75929124	-73.98859651	546	40.74444921	-73.98303529	1
0	6	1302	529	40.7575699	-73.99098507	480	40.76669671	-73.99061728	1
0	6	31479	504	40.73221853	-73.98165557	455	40.75001986	-73.96905301	1
0	6	33147	271	40.68528172	-73.97805813	431	40.68864636	-73.98263429	1
0	6	23202	324	40.689888	-73.981013	354	40.69363137	-73.96223558	1
0	6	740	477	40.75640548	-73.9900262	367	40.75828065	-73.97069431	2
0	6	24848	361	40.71605866	-73.99190759	265	40.72229346	-73.99147535	1
0	6	4078	529	40.7575699	-73.99098507	486	40.7462009	-73.98855723	2
0	6	4515	462	40.74691959	-74.00451887	449	40.76461837	-73.98789473	1
0	6	5919	167	40.7489006	-73.97604882	492	40.75019995	-73.99093085	1
0	6	32871	472	40.7457121	-73.98194829	382	40.73492695	-73.99200509	1
0	6	755	515	40.76009437	-73.99461843	267	40.75097711	-73.98765428	1
0	6	12814	495	40.76269882	-73.99301222	499	40.76915505	-73.98191841	1
0	6	5163	490	40.751551	-73.993934	517	40.75149263	-73.97798848	2
0	6	25569	318	40.75320159	-73.9779874	355	40.71602118	-73.99974372	1
0	6	7368	523	40.75466591	-73.99138152	334	40.74238787	-73.99726235	1
0	6	45506	127	40.73172428	-74.00674436	519	40.75188406	-73.97770164	1
0	6	43603	519	40.75188406	-73.97770164	516	40.75206862	-73.96784384	1
0	6	6936	490	40.751551	-73.993934	536	40.74144387	-73.97536082	1
0	6	56416	276	40.71748752	-74.0104554	128	40.72710258	-74.00297088	1
0	6	31921	264	40.70706456	-74.00731853	327	40.7153379	-74.01658354	1
0	6	1126	167	40.7489006	-73.97604882	318	40.75320159	-73.9779874	1
0	6	1118	492	40.75019995	-73.99093085	484	40.75500254	-73.98014437	1
0	6	848	403	40.72502876	-73.99069656	417	40.71291224	-74.01020234	1
0	6	26469	500	40.76228826	-73.98336183	524	40.75527307	-73.98316936	1
0	6	1173	488	40.75645824	-73.99372222	167	40.7489006	-73.97604882	1
0	6	32517	512	40.7500727	-73.99839279	348	40.72490985	-74.00154702	1
0	6	1237	318	40.75320159	-73.9779874	457	40.76695317	-73.98169333	1
0	6	293	529	40.7575699	-73.99098507	466	40.74395411	-73.99144871	1
0	6	685	523	40.75466591	-73.99138152	167	40.7489006	-73.97604882	1
0	6	57179	512	40.7500727	-73.99839279	500	40.76228826	-73.98336183	1
0	6	30503	472	40.7457121	-73.98194829	456	40.7597108	-73.97402311	1
0	6	68258	526	40.74765947	-73.98490707	376	40.70862144	-74.00722156	1
0	6	986	284	40.7390169121	-74.0026376103	402	40.7403432	-73.98955109	1
0	6	53136	490	40.751551	-73.993934	516	40.75206862	-73.96784384	1
0	6	24408	450	40.76227205	-73.98788205	456	40.7597108	-73.97402311	1
0	6	1886	519	40.75188406	-73.97770164	444	40.7423543	-73.98915076	1
0	6	4252	488	40.75645824	-73.99372222	497	40.73704984	-73.99009296	1
0	6	6520	492	40.75019995	-73.99093085	546	40.74444921	-73.98303529	1
0	6	10469	164	40.75323098	-73.97032517	137	40.761628	-73.972924	1
0	6	1256	300	40.728145	-73.990214	383	40.735238	-74.000271	1
0	6	24226	529	40.7575699	-73.99098507	137	40.761628	-73.972924	1
0	6	5845	418	40.70224	-73.982578	430	40.7014851	-73.98656928	1
0	6	2470	450	40.76227205	-73.98788205	267	40.75097711	-73.98765428	1
0	6	23430	305	40.76095756	-73.96724467	528	40.74290902	-73.97706058	1
0	6	12254	482	40.73935542	-73.99931783	128	40.72710258	-74.00297088	1
0	6	1864	433	40.72955361	-73.98057249	285	40.73454567	-73.99074142	1
0	6	35299	509	40.7454973	-74.00197139	524	40.75527307	-73.98316936	1
0	6	9461	2008	40.70569254	-74.01677685	2008	40.70569254	-74.01677685	1
0	6	6161	505	40.74901271	-73.98848395	465	40.75513557	-73.98658032	1
0	6	1826	296	40.71413089	-73.9970468	417	40.71291224	-74.01020234	1
0	6	26840	477	40.75640548	-73.9900262	479	40.76019252	-73.9912551	1
0	6	58	435	40.74173969	-73.99415556	462	40.74691959	-74.00451887	1
0	6	20490	513	40.768254	-73.988639	459	40.746745	-74.007756	1
0	6	1214	521	40.75044999	-73.99481051	359	40.75510267	-73.97498696	2
0	6	1138	482	40.73935542	-73.99931783	2012	40.739445	-73.976806	1
0	6	2781	352	40.76340613	-73.97722479	465	40.75513557	-73.98658032	1
0	6	40019	523	40.75466591	-73.99138152	297	40.734232	-73.986923	1
0	6	8918	524	40.75527307	-73.98316936	367	40.75828065	-73.97069431	1
0	6	35265	237	40.73047309	-73.98672378	323	40.69236178	-73.98631746	1
0	6	60415	342	40.71739973	-73.98016555	386	40.71494807	-74.00234482	1
0	6	26639	507	40.73912601	-73.97973776	318	40.75320159	-73.9779874	1
0	6	1269	365	40.68223166	-73.9614583	437	40.6809833854	-73.9500479759	1
0	6	42150	405	40.739323	-74.008119	517	40.75149263	-73.97798848	1
0	6	1244	300	40.728145	-73.990214	268	40.71910537	-73.99973337	1
0	6	2355	477	40.75640548	-73.9900262	518	40.74780373	-73.9734419	1
0	6	1122	462	40.74691959	-74.00451887	329	40.72043411	-74.01020609	1
0	6	35239	509	40.7454973	-74.00197139	2021	40.75929124	-73.98859651	1
0	6	805	422	40.770513	-73.988038	359	40.75510267	-73.97498696	1
0	6	14806	522	40.75714758	-73.97207836	417	40.71291224	-74.01020234	1
0	6	1156	417	40.71291224	-74.01020234	360	40.70717936	-74.00887308	3
0	6	27623	490	40.751551	-73.993934	359	40.75510267	-73.97498696	1
0	6	5794	447	40.76370739	-73.9851615	465	40.75513557	-73.98658032	1
0	6	1183	360	40.70717936	-74.00887308	309	40.7149787	-74.013012	1
0	6	3223	511	40.72938685	-73.97772429	435	40.74173969	-73.99415556	1
0	6	1529	315	40.70355377	-74.00670227	195	40.70905623	-74.01043382	1
0	6	49085	127	40.73172428	-74.00674436	195	40.70905623	-74.01043382	1
0	6	8312	490	40.751551	-73.993934	318	40.75320159	-73.9779874	1
0	6	5804	495	40.76269882	-73.99301222	305	40.76095756	-73.96724467	1
0	6	1347	157	40.69089272	-73.99612349	314	40.69424674	-73.99215922	1
0	6	769	492	40.75019995	-73.99093085	456	40.7597108	-73.97402311	1
0	6	946	515	40.76009437	-73.99461843	359	40.75510267	-73.97498696	1
0	6	9296	485	40.75038009	-73.98338988	497	40.73704984	-73.99009296	1
0	6	42534	445	40.72740794	-73.98142006	2012	40.739445	-73.976806	1
0	6	3685	243	40.687979	-73.978474	2012	40.739445	-73.976806	1
0	6	3415	410	40.72066442	-73.98517977	345	40.73649403	-73.99704374	1
0	6	1397	465	40.75513557	-73.98658032	359	40.75510267	-73.97498696	1
0	6	1350	422	40.770513	-73.988038	128	40.72710258	-74.00297088	1
0	6	1410	363	40.70834698	-74.01713445	309	40.7149787	-74.013012	1
0	6	69572	449	40.76461837	-73.98789473	433	40.72955361	-73.98057249	1
0	6	1287	519	40.75188406	-73.97770164	525	40.75594159	-74.0021163	1
0	6	6291	519	40.75188406	-73.97770164	463	40.74206539	-74.00443172	1
0	6	18707	2010	40.72165481	-74.00234737	2010	40.72165481	-74.00234737	1
0	6	53722	480	40.76669671	-73.99061728	484	40.75500254	-73.98014437	1
0	6	8253	536	40.74144387	-73.97536082	497	40.73704984	-73.99009296	1
0	6	24713	545	40.736502	-73.97809472	456	40.7597108	-73.97402311	1
0	6	601	450	40.76227205	-73.98788205	538	40.75795248	-73.97787642	1
0	6	51731	410	40.72066442	-73.98517977	470	40.74345335	-74.00004031	1
0	6	1436	499	40.76915505	-73.98191841	456	40.7597108	-73.97402311	1
0	6	874	482	40.73935542	-73.99931783	459	40.746745	-74.007756	1
0	6	1476	380	40.73401143	-74.00293877	459	40.746745	-74.007756	1
0	6	19145	517	40.75149263	-73.97798848	485	40.75038009	-73.98338988	1
0	6	29104	341	40.71782143	-73.97628939	349	40.71850211	-73.98329859	1
0	6	2822	487	40.73314259	-73.97573881	545	40.736502	-73.97809472	1
0	6	1368	504	40.73221853	-73.98165557	153	40.752062307	-73.9816324043	1
0	6	42278	496	40.73726186	-73.99238967	450	40.76227205	-73.98788205	1
0	6	995	329	40.72043411	-74.01020609	521	40.75044999	-73.99481051	1
0	6	2083	363	40.70834698	-74.01713445	329	40.72043411	-74.01020609	1
0	6	40197	478	40.76030096	-73.99884222	499	40.76915505	-73.98191841	1
0	6	1125	513	40.768254	-73.988639	500	40.76228826	-73.98336183	1
0	6	12127	468	40.7652654	-73.98192338	367	40.75828065	-73.97069431	1
0	6	1416	450	40.76227205	-73.98788205	510	40.7606597	-73.98042047	1
0	6	4580	521	40.75044999	-73.99481051	137	40.761628	-73.972924	1
0	6	13719	488	40.75645824	-73.99372222	509	40.7454973	-74.00197139	1
0	6	10661	445	40.72740794	-73.98142006	497	40.73704984	-73.99009296	1
0	6	10006	472	40.7457121	-73.98194829	444	40.7423543	-73.98915076	1
0	6	43235	516	40.75206862	-73.96784384	510	40.7606597	-73.98042047	1
0	6	24499	486	40.7462009	-73.98855723	450	40.76227205	-73.98788205	1
0	6	6589	488	40.75645824	-73.99372222	388	40.749717753	-74.002950346	1
0	6	5164	417	40.71291224	-74.01020234	337	40.7037992	-74.00838676	1
0	6	30370	521	40.75044999	-73.99481051	518	40.74780373	-73.9734419	1
0	6	891	224	40.71146364	-74.00552427	306	40.70823502	-74.00530063	1
0	6	19994	382	40.73492695	-73.99200509	440	40.75255434	-73.97282625	1
0	6	1461	479	40.76019252	-73.9912551	173	40.76064679	-73.98442659	1
0	6	9017	444	40.7423543	-73.98915076	325	40.73624527	-73.98473765	1
0	6	24503	410	40.72066442	-73.98517977	351	40.70530954	-74.00612572	1
0	6	41324	520	40.75992262	-73.97648516	545	40.736502	-73.97809472	1
0	6	9754	490	40.751551	-73.993934	444	40.7423543	-73.98915076	1
0	6	2745	521	40.75044999	-73.99481051	444	40.7423543	-73.98915076	2
0	6	14404	479	40.76019252	-73.9912551	520	40.75992262	-73.97648516	1
0	6	1298	318	40.75320159	-73.9779874	352	40.76340613	-73.97722479	1
0	6	1006	521	40.75044999	-73.99481051	447	40.76370739	-73.9851615	1
0	6	28241	334	40.74238787	-73.99726235	469	40.76344058	-73.98268129	1
0	6	55182	328	40.72405549	-74.00965965	195	40.70905623	-74.01043382	1
0	6	554	355	40.71602118	-73.99974372	329	40.72043411	-74.01020609	1
0	6	10619	360	40.70717936	-74.00887308	337	40.7037992	-74.00838676	1
0	6	1280	462	40.74691959	-74.00451887	526	40.74765947	-73.98490707	2
0	6	26940	405	40.739323	-74.008119	212	40.74334935	-74.00681753	1
0	6	14958	428	40.72467721	-73.98783413	326	40.72953837	-73.98426726	1
0	6	1345	83	40.68382604	-73.97632328	324	40.689888	-73.981013	1
0	6	20879	521	40.75044999	-73.99481051	498	40.74854862	-73.98808416	1
0	6	35293	317	40.72453734	-73.98185424	254	40.73532427	-73.99800419	1
0	6	605	465	40.75513557	-73.98658032	318	40.75320159	-73.9779874	1
0	6	4080	320	40.71743998	-74.00583475	309	40.7149787	-74.013012	1
0	6	1205	318	40.75320159	-73.9779874	450	40.76227205	-73.98788205	1
0	6	7154	318	40.75320159	-73.9779874	305	40.76095756	-73.96724467	1
0	6	8797	509	40.7454973	-74.00197139	223	40.73781509	-73.99994661	1
0	6	1406	512	40.7500727	-73.99839279	212	40.74334935	-74.00681753	1
0	6	1196	363	40.70834698	-74.01713445	360	40.70717936	-74.00887308	1
0	6	2588	382	40.73492695	-73.99200509	336	40.73047747	-73.99906065	1
0	6	1405	394	40.72521311	-73.97768752	335	40.72903917	-73.99404649	1
0	6	2006	407	40.700469	-73.991454	2000	40.70255088	-73.98940236	1
0	6	33537	502	40.714215	-73.981346	323	40.69236178	-73.98631746	1
0	6	16987	453	40.74475148	-73.99915362	490	40.751551	-73.993934	1
0	6	1456	358	40.73291553	-74.00711384	293	40.73028666	-73.9907647	1
0	6	123	479	40.76019252	-73.9912551	450	40.76227205	-73.98788205	1
0	6	27843	380	40.73401143	-74.00293877	540	40.74147286	-73.98320928	1
0	6	35352	423	40.76584941	-73.98690506	484	40.75500254	-73.98014437	1
0	6	1293	262	40.69178232	-73.97372989	416	40.68753406	-73.97265183	1
0	6	1411	127	40.73172428	-74.00674436	521	40.75044999	-73.99481051	1
0	6	2238	497	40.73704984	-73.99009296	537	40.74025878	-73.98409214	1
0	6	11563	497	40.73704984	-73.99009296	509	40.7454973	-74.00197139	1
0	6	5496	284	40.7390169121	-74.0026376103	212	40.74334935	-74.00681753	1
0	6	27190	521	40.75044999	-73.99481051	485	40.75038009	-73.98338988	1
0	6	13587	488	40.75645824	-73.99372222	512	40.7500727	-73.99839279	1
0	6	22783	212	40.74334935	-74.00681753	463	40.74206539	-74.00443172	1
0	6	17847	345	40.73649403	-73.99704374	405	40.739323	-74.008119	1
0	6	4705	511	40.72938685	-73.97772429	483	40.73223272	-73.98889957	1
0	6	1232	405	40.739323	-74.008119	284	40.7390169121	-74.0026376103	1
0	6	3829	546	40.74444921	-73.98303529	536	40.74144387	-73.97536082	1
0	6	1514	406	40.69512845	-73.99595065	391	40.69760127	-73.99344559	1
0	6	2900	383	40.735238	-74.000271	303	40.72362738	-73.99949601	1
0	6	505	417	40.71291224	-74.01020234	79	40.71911552	-74.00666661	1
0	6	25073	276	40.71748752	-74.0104554	309	40.7149787	-74.013012	1
0	6	51080	116	40.74177603	-74.00149746	238	40.7361967	-74.00859207	1
0	6	584	417	40.71291224	-74.01020234	327	40.7153379	-74.01658354	1
0	6	1602	329	40.72043411	-74.01020609	195	40.70905623	-74.01043382	1
0	6	36367	516	40.75206862	-73.96784384	454	40.75455731	-73.96592976	1
0	6	3604	497	40.73704984	-73.99009296	493	40.7568001	-73.98291153	1
0	6	8222	507	40.73912601	-73.97973776	486	40.7462009	-73.98855723	1
0	6	1460	457	40.76695317	-73.98169333	367	40.75828065	-73.97069431	1
0	6	833	417	40.71291224	-74.01020234	534	40.70255065	-74.0127234	1
0	6	1261	380	40.73401143	-74.00293877	212	40.74334935	-74.00681753	1
0	6	2034	417	40.71291224	-74.01020234	304	40.70463334	-74.01361706	1
0	6	43656	486	40.7462009	-73.98855723	528	40.74290902	-73.97706058	1
0	6	1604	524	40.75527307	-73.98316936	318	40.75320159	-73.9779874	1
0	6	8759	319	40.71336124	-74.00937622	327	40.7153379	-74.01658354	1
0	6	2019	345	40.73649403	-73.99704374	463	40.74206539	-74.00443172	1
0	6	587	247	40.73535398	-74.00483091	127	40.73172428	-74.00674436	1
0	6	20628	521	40.75044999	-73.99481051	489	40.75066386	-74.00176802	1
0	6	23408	447	40.76370739	-73.9851615	520	40.75992262	-73.97648516	1
0	6	2000	509	40.7454973	-74.00197139	212	40.74334935	-74.00681753	1
0	6	2499	408	40.71076228	-73.99400398	331	40.71173107	-73.99193043	1
0	6	4400	153	40.752062307	-73.9816324043	519	40.75188406	-73.97770164	1
0	6	13141	228	40.7546011026	-73.971878855	228	40.7546011026	-73.971878855	1
0	6	34828	2021	40.75929124	-73.98859651	518	40.74780373	-73.9734419	1
0	6	24136	490	40.751551	-73.993934	440	40.75255434	-73.97282625	1
0	6	42684	473	40.72110063	-73.9919254	442	40.746647	-73.993915	1
0	6	1800	477	40.75640548	-73.9900262	281	40.7643971	-73.97371465	1
0	6	27597	228	40.7546011026	-73.971878855	2006	40.76590936	-73.97634151	1
0	6	1340	529	40.7575699	-73.99098507	536	40.74144387	-73.97536082	1
0	6	27795	152	40.71473993	-74.00910627	334	40.74238787	-73.99726235	1
0	6	2569	358	40.73291553	-74.00711384	347	40.72873888	-74.00748842	2
0	6	762	485	40.75038009	-73.98338988	281	40.7643971	-73.97371465	1
0	6	3054	327	40.7153379	-74.01658354	387	40.71273266	-74.0046073	2
0	6	1609	281	40.7643971	-73.97371465	474	40.7451677	-73.98683077	1
0	6	717	237	40.73047309	-73.98672378	167	40.7489006	-73.97604882	1
0	6	41176	368	40.73038599	-74.00214988	267	40.75097711	-73.98765428	1
0	6	758	224	40.71146364	-74.00552427	319	40.71336124	-74.00937622	1
0	6	14336	502	40.714215	-73.981346	531	40.71893904	-73.99266288	2
0	6	1257	325	40.73624527	-73.98473765	536	40.74144387	-73.97536082	2
0	6	639	368	40.73038599	-74.00214988	383	40.735238	-74.000271	1
0	6	64599	458	40.751396	-74.005226	250	40.72456089	-73.99565293	1
0	6	25057	151	40.7218158	-73.99720307	249	40.71870987	-74.0090009	1
0	6	10279	375	40.72679454	-73.99695094	285	40.73454567	-73.99074142	2
0	6	686	529	40.7575699	-73.99098507	305	40.76095756	-73.96724467	2
0	6	56659	477	40.75640548	-73.9900262	487	40.73314259	-73.97573881	1
0	6	757	477	40.75640548	-73.9900262	167	40.7489006	-73.97604882	2
0	6	2769	515	40.76009437	-73.99461843	352	40.76340613	-73.97722479	1
0	6	15950	528	40.74290902	-73.97706058	450	40.76227205	-73.98788205	1
0	6	30471	334	40.74238787	-73.99726235	348	40.72490985	-74.00154702	1
0	6	800	477	40.75640548	-73.9900262	359	40.75510267	-73.97498696	2
0	6	23075	529	40.7575699	-73.99098507	422	40.770513	-73.988038	2
0	6	1164	529	40.7575699	-73.99098507	519	40.75188406	-73.97770164	2
0	6	42121	2003	40.73416059	-73.98024289	516	40.75206862	-73.96784384	1
0	6	503	477	40.75640548	-73.9900262	519	40.75188406	-73.97770164	1
0	6	786	488	40.75645824	-73.99372222	536	40.74144387	-73.97536082	1
0	6	69931	520	40.75992262	-73.97648516	511	40.72938685	-73.97772429	1
0	6	1980	492	40.75019995	-73.99093085	510	40.7606597	-73.98042047	2
0	6	1008	521	40.75044999	-73.99481051	458	40.751396	-74.005226	2
0	6	1802	492	40.75019995	-73.99093085	475	40.73524276	-73.98758561	1
0	6	7563	382	40.73492695	-73.99200509	545	40.736502	-73.97809472	1
0	6	25903	275	40.68650065	-73.96563307	344	40.6851443	-73.95380904	1
0	6	4127	521	40.75044999	-73.99481051	153	40.752062307	-73.9816324043	1
0	6	545	328	40.72405549	-74.00965965	309	40.7149787	-74.013012	1
0	6	13258	146	40.71625008	-74.0091059	329	40.72043411	-74.01020609	1
0	6	17491	320	40.71743998	-74.00583475	304	40.70463334	-74.01361706	1
0	6	30660	422	40.770513	-73.988038	536	40.74144387	-73.97536082	1
0	6	697	317	40.72453734	-73.98185424	285	40.73454567	-73.99074142	2
0	6	754	546	40.74444921	-73.98303529	168	40.73971301	-73.99456405	1
0	6	10954	510	40.7606597	-73.98042047	468	40.7652654	-73.98192338	1
0	6	53127	356	40.71622644	-73.98261206	116	40.74177603	-74.00149746	1
0	6	10670	459	40.746745	-74.007756	281	40.7643971	-73.97371465	1
0	6	32531	482	40.73935542	-73.99931783	357	40.73261787	-73.99158043	1
0	6	24238	376	40.70862144	-74.00722156	260	40.70365182	-74.01167797	1
0	6	1844	318	40.75320159	-73.9779874	426	40.71754834	-74.01322069	1
0	6	24755	301	40.72217444	-73.98368779	2012	40.739445	-73.976806	1
0	6	8455	264	40.70706456	-74.00731853	152	40.71473993	-74.00910627	1
0	6	43848	312	40.722055	-73.989111	369	40.73224119	-74.00026394	1
0	6	36473	128	40.72710258	-74.00297088	456	40.7597108	-73.97402311	1
0	6	3830	297	40.734232	-73.986923	348	40.72490985	-74.00154702	1
0	6	654	325	40.73624527	-73.98473765	388	40.749717753	-74.002950346	1
0	6	839	521	40.75044999	-73.99481051	337	40.7037992	-74.00838676	1
0	6	7128	521	40.75044999	-73.99481051	404	40.7405826	-74.00550867	1
0	6	9883	297	40.734232	-73.986923	486	40.7462009	-73.98855723	1
0	6	35775	492	40.75019995	-73.99093085	455	40.75001986	-73.96905301	1
0	6	22979	521	40.75044999	-73.99481051	528	40.74290902	-73.97706058	2
0	6	31521	368	40.73038599	-74.00214988	326	40.72953837	-73.98426726	1
0	6	1786	492	40.75019995	-73.99093085	352	40.76340613	-73.97722479	1
0	6	624	529	40.7575699	-73.99098507	456	40.7597108	-73.97402311	1
0	6	936	513	40.768254	-73.988639	499	40.76915505	-73.98191841	1
0	6	36792	502	40.714215	-73.981346	532	40.710451	-73.960876	1
0	6	19287	494	40.74734825	-73.99723551	426	40.71754834	-74.01322069	1
0	6	36785	2003	40.73416059	-73.98024289	441	40.756014	-73.967416	1
0	6	851	492	40.75019995	-73.99093085	359	40.75510267	-73.97498696	2
0	6	25048	492	40.75019995	-73.99093085	236	40.7284186	-73.98713956	1
0	6	21119	528	40.74290902	-73.97706058	325	40.73624527	-73.98473765	1
0	6	5957	490	40.751551	-73.993934	450	40.76227205	-73.98788205	2
0	6	4852	490	40.751551	-73.993934	457	40.76695317	-73.98169333	1
0	6	8912	334	40.74238787	-73.99726235	334	40.74238787	-73.99726235	1
0	6	1119	521	40.75044999	-73.99481051	463	40.74206539	-74.00443172	2
0	6	62196	326	40.72953837	-73.98426726	455	40.75001986	-73.96905301	1
0	6	2731	358	40.73291553	-74.00711384	328	40.72405549	-74.00965965	1
0	6	860	521	40.75044999	-73.99481051	212	40.74334935	-74.00681753	1
0	6	9444	152	40.71473993	-74.00910627	2004	40.724399	-74.004704	1
0	6	890	488	40.75645824	-73.99372222	336	40.73047747	-73.99906065	1
0	6	774	492	40.75019995	-73.99093085	536	40.74144387	-73.97536082	2
0	6	842	477	40.75640548	-73.9900262	352	40.76340613	-73.97722479	3
0	6	24166	296	40.71413089	-73.9970468	412	40.7158155	-73.99422366	1
0	6	19029	504	40.73221853	-73.98165557	382	40.73492695	-73.99200509	1
0	6	1033	168	40.73971301	-73.99456405	510	40.7606597	-73.98042047	1
0	6	1953	241	40.68981035	-73.97493121	324	40.689888	-73.981013	4
0	6	24277	485	40.75038009	-73.98338988	402	40.7403432	-73.98955109	1
0	6	836	514	40.76087502	-74.00277668	459	40.746745	-74.007756	1
0	6	9369	2006	40.76590936	-73.97634151	2006	40.76590936	-73.97634151	1
0	6	36524	441	40.756014	-73.967416	173	40.76064679	-73.98442659	1
0	6	20100	498	40.74854862	-73.98808416	173	40.76064679	-73.98442659	1
0	6	25025	2003	40.73416059	-73.98024289	417	40.71291224	-74.01020234	1
0	6	5249	529	40.7575699	-73.99098507	458	40.751396	-74.005226	1
0	6	862	521	40.75044999	-73.99481051	325	40.73624527	-73.98473765	1
0	6	17038	334	40.74238787	-73.99726235	459	40.746745	-74.007756	1
0	6	23664	490	40.751551	-73.993934	327	40.7153379	-74.01658354	1
0	6	883	492	40.75019995	-73.99093085	538	40.75795248	-73.97787642	2
0	6	1200	490	40.751551	-73.993934	447	40.76370739	-73.9851615	2
0	6	2890	3002	40.711512	-74.015756	534	40.70255065	-74.0127234	1
0	6	59253	490	40.751551	-73.993934	330	40.71450451	-74.00562789	1
0	6	799	434	40.74317449	-74.00366443	284	40.7390169121	-74.0026376103	1
0	6	1226	318	40.75320159	-73.9779874	405	40.739323	-74.008119	1
0	6	7443	546	40.74444921	-73.98303529	490	40.751551	-73.993934	1
0	6	6621	492	40.75019995	-73.99093085	493	40.7568001	-73.98291153	1
0	6	29573	358	40.73291553	-74.00711384	484	40.75500254	-73.98014437	1
0	6	24751	408	40.71076228	-73.99400398	259	40.70122128	-74.01234218	1
0	6	843	342	40.71739973	-73.98016555	417	40.71291224	-74.01020234	1
0	6	24820	492	40.75019995	-73.99093085	521	40.75044999	-73.99481051	1
0	6	3364	485	40.75038009	-73.98338988	2017	40.75022392	-73.97121414	1
0	6	1147	224	40.71146364	-74.00552427	534	40.70255065	-74.0127234	1
0	6	838	346	40.73652889	-74.00618026	426	40.71754834	-74.01322069	1
0	6	837	492	40.75019995	-73.99093085	318	40.75320159	-73.9779874	2
0	6	2275	490	40.751551	-73.993934	228	40.7546011026	-73.971878855	2
0	6	35956	291	40.713126	-73.984844	312	40.722055	-73.989111	1
0	6	827	521	40.75044999	-73.99481051	228	40.7546011026	-73.971878855	1
0	6	807	341	40.71782143	-73.97628939	311	40.7172274	-73.98802084	1
0	6	4229	173	40.76064679	-73.98442659	492	40.75019995	-73.99093085	1
0	6	877	487	40.73314259	-73.97573881	537	40.74025878	-73.98409214	1
0	6	689	492	40.75019995	-73.99093085	472	40.7457121	-73.98194829	1
0	6	74313	2002	40.716887	-73.963198	520	40.75992262	-73.97648516	1
0	6	63810	405	40.739323	-74.008119	538	40.75795248	-73.97787642	1
0	6	817	320	40.71743998	-74.00583475	417	40.71291224	-74.01020234	1
0	6	649	327	40.7153379	-74.01658354	329	40.72043411	-74.01020609	6
0	6	2374	127	40.73172428	-74.00674436	426	40.71754834	-74.01322069	1
0	6	12898	488	40.75645824	-73.99372222	525	40.75594159	-74.0021163	1
0	6	25215	488	40.75645824	-73.99372222	435	40.74173969	-73.99415556	1
0	6	865	488	40.75645824	-73.99372222	327	40.7153379	-74.01658354	1
0	6	38167	308	40.71307916	-73.99851193	309	40.7149787	-74.013012	1
0	6	43864	454	40.75455731	-73.96592976	2023	40.75968085	-73.97031366	1
0	6	1265	504	40.73221853	-73.98165557	297	40.734232	-73.986923	1
0	6	8967	477	40.75640548	-73.9900262	486	40.7462009	-73.98855723	2
0	6	593	492	40.75019995	-73.99093085	153	40.752062307	-73.9816324043	2
0	6	25192	477	40.75640548	-73.9900262	2012	40.739445	-73.976806	1
0	6	846	521	40.75044999	-73.99481051	347	40.72873888	-74.00748842	1
0	6	28045	521	40.75044999	-73.99481051	493	40.7568001	-73.98291153	1
0	6	54757	529	40.7575699	-73.99098507	516	40.75206862	-73.96784384	1
0	6	13916	428	40.72467721	-73.98783413	293	40.73028666	-73.9907647	1
0	6	11635	521	40.75044999	-73.99481051	450	40.76227205	-73.98788205	1
0	6	1227	488	40.75645824	-73.99372222	444	40.7423543	-73.98915076	1
0	6	25538	387	40.71273266	-74.0046073	264	40.70706456	-74.00731853	1
0	6	868	264	40.70706456	-74.00731853	309	40.7149787	-74.013012	1
0	6	641	515	40.76009437	-73.99461843	510	40.7606597	-73.98042047	1
0	6	20522	488	40.75645824	-73.99372222	264	40.70706456	-74.00731853	1
0	6	65332	351	40.70530954	-74.00612572	440	40.75255434	-73.97282625	1
0	6	21643	529	40.7575699	-73.99098507	449	40.76461837	-73.98789473	1
0	6	276	529	40.7575699	-73.99098507	529	40.7575699	-73.99098507	1
0	6	12351	428	40.72467721	-73.98783413	504	40.73221853	-73.98165557	1
0	6	32060	302	40.72082834	-73.97793172	307	40.71427487	-73.98990025	1
0	6	40921	350	40.71559509	-73.9870295	457	40.76695317	-73.98169333	1
0	6	19581	458	40.751396	-74.005226	334	40.74238787	-73.99726235	1
0	6	7561	519	40.75188406	-73.97770164	528	40.74290902	-73.97706058	1
0	6	696	349	40.71850211	-73.98329859	537	40.74025878	-73.98409214	1
0	6	22362	380	40.73401143	-74.00293877	405	40.739323	-74.008119	1
0	6	1716	477	40.75640548	-73.9900262	504	40.73221853	-73.98165557	1
0	6	28257	315	40.70355377	-74.00670227	387	40.71273266	-74.0046073	1
0	6	1361	167	40.7489006	-73.97604882	510	40.7606597	-73.98042047	1
0	6	3005	529	40.7575699	-73.99098507	538	40.75795248	-73.97787642	1
0	6	2668	477	40.75640548	-73.9900262	440	40.75255434	-73.97282625	1
0	6	8054	521	40.75044999	-73.99481051	536	40.74144387	-73.97536082	3
0	6	42129	523	40.75466591	-73.99138152	455	40.75001986	-73.96905301	1
0	6	617	477	40.75640548	-73.9900262	164	40.75323098	-73.97032517	1
0	6	376	504	40.73221853	-73.98165557	545	40.736502	-73.97809472	1
0	6	8926	167	40.7489006	-73.97604882	457	40.76695317	-73.98169333	1
0	6	595	521	40.75044999	-73.99481051	459	40.746745	-74.007756	3
0	6	14574	393	40.72299208	-73.97995466	300	40.728145	-73.990214	1
0	6	22346	490	40.751551	-73.993934	499	40.76915505	-73.98191841	1
0	6	59038	471	40.71286844	-73.95698119	455	40.75001986	-73.96905301	1
0	6	679	477	40.75640548	-73.9900262	510	40.7606597	-73.98042047	1
0	6	16065	459	40.746745	-74.007756	477	40.75640548	-73.9900262	1
0	6	12721	301	40.72217444	-73.98368779	251	40.72317958	-73.99480012	1
0	6	1162	523	40.75466591	-73.99138152	501	40.744219	-73.97121214	2
0	6	872	518	40.74780373	-73.9734419	472	40.7457121	-73.98194829	2
0	6	28909	522	40.75714758	-73.97207836	385	40.75797322	-73.96603308	1
0	6	14130	477	40.75640548	-73.9900262	493	40.7568001	-73.98291153	1
0	6	24419	317	40.72453734	-73.98185424	323	40.69236178	-73.98631746	1
0	6	951	507	40.73912601	-73.97973776	510	40.7606597	-73.98042047	1
0	6	947	521	40.75044999	-73.99481051	116	40.74177603	-74.00149746	1
0	6	1005	529	40.7575699	-73.99098507	267	40.75097711	-73.98765428	1
0	6	803	521	40.75044999	-73.99481051	367	40.75828065	-73.97069431	1
0	6	31214	362	40.75172632	-73.98753523	128	40.72710258	-74.00297088	1
0	6	530	490	40.751551	-73.993934	478	40.76030096	-73.99884222	1
0	6	18194	492	40.75019995	-73.99093085	540	40.74147286	-73.98320928	1
0	6	53147	546	40.74444921	-73.98303529	357	40.73261787	-73.99158043	1
0	6	2128	492	40.75019995	-73.99093085	290	40.76020258	-73.96478473	1
0	6	1333	387	40.71273266	-74.0046073	329	40.72043411	-74.01020609	1
0	6	5717	490	40.751551	-73.993934	305	40.76095756	-73.96724467	1
0	6	1857	523	40.75466591	-73.99138152	497	40.73704984	-73.99009296	1
0	6	57155	529	40.7575699	-73.99098507	367	40.75828065	-73.97069431	1
0	6	766	334	40.74238787	-73.99726235	253	40.73543934	-73.99453948	1
0	6	7232	492	40.75019995	-73.99093085	253	40.73543934	-73.99453948	1
0	6	36825	492	40.75019995	-73.99093085	516	40.75206862	-73.96784384	1
0	6	49428	369	40.73224119	-74.00026394	116	40.74177603	-74.00149746	1
0	6	40618	366	40.693261	-73.968896	233	40.69246277	-73.98963911	1
0	6	26368	492	40.75019995	-73.99093085	72	40.76727216	-73.99392888	1
0	6	3152	537	40.74025878	-73.98409214	435	40.74173969	-73.99415556	1
0	6	117	447	40.76370739	-73.9851615	499	40.76915505	-73.98191841	1
0	6	1352	316	40.70955958	-74.00653609	309	40.7149787	-74.013012	1
0	6	25662	270	40.69308257	-73.97178913	416	40.68753406	-73.97265183	1
0	6	9620	361	40.71605866	-73.99190759	361	40.71605866	-73.99190759	1
0	6	1795	477	40.75640548	-73.9900262	173	40.76064679	-73.98442659	1
0	6	2047	477	40.75640548	-73.9900262	522	40.75714758	-73.97207836	1
0	6	642	483	40.73223272	-73.98889957	301	40.72217444	-73.98368779	1
0	6	718	318	40.75320159	-73.9779874	488	40.75645824	-73.99372222	1
0	6	60261	250	40.72456089	-73.99565293	536	40.74144387	-73.97536082	1
0	6	6974	492	40.75019995	-73.99093085	474	40.7451677	-73.98683077	1
0	6	777	254	40.73532427	-73.99800419	327	40.7153379	-74.01658354	1
0	6	1255	79	40.71911552	-74.00666661	347	40.72873888	-74.00748842	1
0	6	43758	285	40.73454567	-73.99074142	72	40.76727216	-73.99392888	1
0	6	999	483	40.73223272	-73.98889957	253	40.73543934	-73.99453948	1
0	6	517	478	40.76030096	-73.99884222	490	40.751551	-73.993934	2
0	6	16584	335	40.72903917	-73.99404649	438	40.72779126	-73.98564945	1
0	6	23454	236	40.7284186	-73.98713956	507	40.73912601	-73.97973776	1
0	6	18641	405	40.739323	-74.008119	459	40.746745	-74.007756	1
0	6	18605	318	40.75320159	-73.9779874	290	40.76020258	-73.96478473	1
0	6	3218	517	40.75149263	-73.97798848	528	40.74290902	-73.97706058	1
0	6	8586	488	40.75645824	-73.99372222	480	40.76669671	-73.99061728	1
0	6	1065	521	40.75044999	-73.99481051	525	40.75594159	-74.0021163	2
0	6	852	357	40.73261787	-73.99158043	402	40.7403432	-73.98955109	1
0	6	975	2008	40.70569254	-74.01677685	304	40.70463334	-74.01361706	1
0	6	6513	490	40.751551	-73.993934	468	40.7652654	-73.98192338	1
0	6	2313	521	40.75044999	-73.99481051	309	40.7149787	-74.013012	1
0	6	901	238	40.7361967	-74.00859207	327	40.7153379	-74.01658354	1
0	6	1097	477	40.75640548	-73.9900262	536	40.74144387	-73.97536082	2
0	6	63270	537	40.74025878	-73.98409214	417	40.71291224	-74.01020234	1
0	6	59822	523	40.75466591	-73.99138152	83	40.68382604	-73.97632328	1
0	6	6540	290	40.76020258	-73.96478473	164	40.75323098	-73.97032517	1
0	6	1649	79	40.71911552	-74.00666661	146	40.71625008	-74.0091059	1
0	6	20735	490	40.751551	-73.993934	484	40.75500254	-73.98014437	2
0	6	900	492	40.75019995	-73.99093085	537	40.74025878	-73.98409214	1
0	6	3511	382	40.73492695	-73.99200509	459	40.746745	-74.007756	1
0	6	990	531	40.71893904	-73.99266288	417	40.71291224	-74.01020234	1
0	6	55087	403	40.72502876	-73.99069656	318	40.75320159	-73.9779874	1
0	6	15382	442	40.746647	-73.993915	405	40.739323	-74.008119	1
0	6	9744	519	40.75188406	-73.97770164	83	40.68382604	-73.97632328	1
0	6	1479	523	40.75466591	-73.99138152	439	40.7262807	-73.98978041	1
0	6	11607	151	40.7218158	-73.99720307	293	40.73028666	-73.9907647	1
0	6	2437	318	40.75320159	-73.9779874	510	40.7606597	-73.98042047	2
0	6	732	519	40.75188406	-73.97770164	309	40.7149787	-74.013012	1
0	6	54753	469	40.76344058	-73.98268129	545	40.736502	-73.97809472	1
0	6	1079	318	40.75320159	-73.9779874	524	40.75527307	-73.98316936	2
0	6	64122	363	40.70834698	-74.01713445	367	40.75828065	-73.97069431	1
0	6	10095	459	40.746745	-74.007756	417	40.71291224	-74.01020234	1
0	6	54755	529	40.7575699	-73.99098507	304	40.70463334	-74.01361706	1
0	6	556	447	40.76370739	-73.9851615	510	40.7606597	-73.98042047	1
0	6	906	358	40.73291553	-74.00711384	426	40.71754834	-74.01322069	1
0	6	8760	151	40.7218158	-73.99720307	229	40.72743423	-73.99379025	1
0	6	1668	540	40.74147286	-73.98320928	426	40.71754834	-74.01322069	1
0	6	53171	521	40.75044999	-73.99481051	2012	40.739445	-73.976806	2
0	6	46930	83	40.68382604	-73.97632328	2002	40.716887	-73.963198	1
0	6	12028	469	40.76344058	-73.98268129	472	40.7457121	-73.98194829	1
0	6	42008	456	40.7597108	-73.97402311	455	40.75001986	-73.96905301	1
0	6	25494	526	40.74765947	-73.98490707	472	40.7457121	-73.98194829	1
0	6	54762	522	40.75714758	-73.97207836	516	40.75206862	-73.96784384	1
0	6	985	515	40.76009437	-73.99461843	318	40.75320159	-73.9779874	1
0	6	34734	488	40.75645824	-73.99372222	528	40.74290902	-73.97706058	2
0	6	3165	519	40.75188406	-73.97770164	458	40.751396	-74.005226	1
0	6	1908	422	40.770513	-73.988038	195	40.70905623	-74.01043382	1
0	6	24316	504	40.73221853	-73.98165557	474	40.7451677	-73.98683077	1
0	6	24314	325	40.73624527	-73.98473765	264	40.70706456	-74.00731853	1
0	6	2172	325	40.73624527	-73.98473765	167	40.7489006	-73.97604882	1
0	6	21461	515	40.76009437	-73.99461843	459	40.746745	-74.007756	1
0	6	3465	523	40.75466591	-73.99138152	444	40.7423543	-73.98915076	1
0	6	950	342	40.71739973	-73.98016555	296	40.71413089	-73.9970468	1
0	6	24578	521	40.75044999	-73.99481051	351	40.70530954	-74.00612572	1
0	6	983	319	40.71336124	-74.00937622	329	40.72043411	-74.01020609	1
0	6	1072	318	40.75320159	-73.9779874	422	40.770513	-73.988038	1
0	6	1231	529	40.7575699	-73.99098507	450	40.76227205	-73.98788205	2
0	6	507	478	40.76030096	-73.99884222	529	40.7575699	-73.99098507	1
0	6	248	344	40.6851443	-73.95380904	364	40.68900443	-73.96023854	1
0	6	19015	168	40.73971301	-73.99456405	507	40.73912601	-73.97973776	1
0	6	44561	237	40.73047309	-73.98672378	317	40.72453734	-73.98185424	1
0	6	8193	435	40.74173969	-73.99415556	458	40.751396	-74.005226	1
0	6	25223	498	40.74854862	-73.98808416	493	40.7568001	-73.98291153	1
0	6	1201	529	40.7575699	-73.99098507	500	40.76228826	-73.98336183	1
0	6	29350	153	40.752062307	-73.9816324043	281	40.7643971	-73.97371465	1
0	6	676	519	40.75188406	-73.97770164	475	40.73524276	-73.98758561	1
0	6	724	237	40.73047309	-73.98672378	285	40.73454567	-73.99074142	1
0	6	35202	432	40.72621788	-73.98379855	337	40.7037992	-74.00838676	1
0	6	23006	483	40.73223272	-73.98889957	285	40.73454567	-73.99074142	1
0	6	35450	361	40.71605866	-73.99190759	536	40.74144387	-73.97536082	1
0	6	780	318	40.75320159	-73.9779874	493	40.7568001	-73.98291153	2
0	6	12448	528	40.74290902	-73.97706058	497	40.73704984	-73.99009296	1
0	6	13248	257	40.71939226	-74.00247214	329	40.72043411	-74.01020609	1
0	6	12592	507	40.73912601	-73.97973776	442	40.746647	-73.993915	1
0	6	42705	483	40.73223272	-73.98889957	447	40.76370739	-73.9851615	1
0	6	23159	316	40.70955958	-74.00653609	387	40.71273266	-74.0046073	1
0	6	11853	490	40.751551	-73.993934	515	40.76009437	-73.99461843	1
0	6	18198	290	40.76020258	-73.96478473	475	40.73524276	-73.98758561	1
0	6	973	387	40.71273266	-74.0046073	309	40.7149787	-74.013012	3
0	6	1037	502	40.714215	-73.981346	428	40.72467721	-73.98783413	1
0	6	1009	492	40.75019995	-73.99093085	522	40.75714758	-73.97207836	1
0	6	26169	317	40.72453734	-73.98185424	519	40.75188406	-73.97770164	1
0	6	12341	472	40.7457121	-73.98194829	521	40.75044999	-73.99481051	1
0	6	568	477	40.75640548	-73.9900262	456	40.7597108	-73.97402311	1
0	6	20313	513	40.768254	-73.988639	441	40.756014	-73.967416	1
0	6	801	421	40.69573398	-73.97129668	430	40.7014851	-73.98656928	1
0	6	1016	492	40.75019995	-73.99093085	367	40.75828065	-73.97069431	1
0	6	23099	164	40.75323098	-73.97032517	505	40.74901271	-73.98848395	1
0	6	51237	259	40.70122128	-74.01234218	2012	40.739445	-73.976806	1
0	6	33314	492	40.75019995	-73.99093085	528	40.74290902	-73.97706058	1
0	6	24332	477	40.75640548	-73.9900262	517	40.75149263	-73.97798848	1
0	6	1117	358	40.73291553	-74.00711384	402	40.7403432	-73.98955109	1
0	6	5959	488	40.75645824	-73.99372222	168	40.73971301	-73.99456405	1
0	6	664	529	40.7575699	-73.99098507	352	40.76340613	-73.97722479	1
0	6	781	443	40.70853074	-73.96408963	384	40.68317813	-73.9659641	1
0	6	32469	251	40.72317958	-73.99480012	229	40.72743423	-73.99379025	1
0	6	1041	477	40.75640548	-73.9900262	318	40.75320159	-73.9779874	2
0	6	2763	521	40.75044999	-73.99481051	329	40.72043411	-74.01020609	2
0	6	1564	380	40.73401143	-74.00293877	301	40.72217444	-73.98368779	1
0	6	1170	518	40.74780373	-73.9734419	463	40.74206539	-74.00443172	1
0	6	44886	408	40.71076228	-73.99400398	307	40.71427487	-73.98990025	1
0	6	4288	514	40.76087502	-74.00277668	524	40.75527307	-73.98316936	1
0	6	16532	168	40.73971301	-73.99456405	359	40.75510267	-73.97498696	1
0	6	210	358	40.73291553	-74.00711384	284	40.7390169121	-74.0026376103	2
0	6	25356	347	40.72873888	-74.00748842	319	40.71336124	-74.00937622	1
0	6	70614	534	40.70255065	-74.0127234	502	40.714215	-73.981346	1
0	6	46587	450	40.76227205	-73.98788205	445	40.72740794	-73.98142006	1
0	6	35513	497	40.73704984	-73.99009296	484	40.75500254	-73.98014437	1
0	6	1055	404	40.7405826	-74.00550867	328	40.72405549	-74.00965965	1
0	6	13250	490	40.751551	-73.993934	528	40.74290902	-73.97706058	2
0	6	496	340	40.71269042	-73.98776323	351	40.70530954	-74.00612572	1
0	6	2456	468	40.7652654	-73.98192338	456	40.7597108	-73.97402311	1
0	6	514	428	40.72467721	-73.98783413	252	40.73226398	-73.99852205	1
0	6	42192	128	40.72710258	-74.00297088	352	40.76340613	-73.97722479	1
0	6	4855	507	40.73912601	-73.97973776	472	40.7457121	-73.98194829	1
0	6	62301	411	40.72228087	-73.97668709	415	40.7047177	-74.00926027	1
0	6	44453	244	40.69196035	-73.96536851	274	40.68691865	-73.976682	1
0	6	1326	490	40.751551	-73.993934	508	40.76341379	-73.99667444	2
0	6	785	326	40.72953837	-73.98426726	293	40.73028666	-73.9907647	1
0	6	16249	488	40.75645824	-73.99372222	426	40.71754834	-74.01322069	1
0	6	10276	247	40.73535398	-74.00483091	247	40.73535398	-74.00483091	1
0	6	24888	316	40.70955958	-74.00653609	260	40.70365182	-74.01167797	1
0	6	35750	375	40.72679454	-73.99695094	518	40.74780373	-73.9734419	1
0	6	27861	464	40.75934501	-73.96759673	456	40.7597108	-73.97402311	1
0	6	4055	296	40.71413089	-73.9970468	304	40.70463334	-74.01361706	1
0	6	24307	477	40.75640548	-73.9900262	496	40.73726186	-73.99238967	1
0	6	618	521	40.75044999	-73.99481051	462	40.74691959	-74.00451887	1
0	6	1833	270	40.69308257	-73.97178913	324	40.689888	-73.981013	2
0	6	2067	419	40.69580705	-73.97355569	239	40.69196566	-73.9813018	1
0	6	51427	349	40.71850211	-73.98329859	309	40.7149787	-74.013012	1
0	6	748	490	40.751551	-73.993934	173	40.76064679	-73.98442659	1
0	6	17529	346	40.73652889	-74.00618026	284	40.7390169121	-74.0026376103	1
0	6	1941	403	40.72502876	-73.99069656	504	40.73221853	-73.98165557	1
0	6	613	488	40.75645824	-73.99372222	458	40.751396	-74.005226	2
0	6	36040	265	40.72229346	-73.99147535	426	40.71754834	-74.01322069	1
0	6	35241	488	40.75645824	-73.99372222	529	40.7575699	-73.99098507	1
0	6	1424	499	40.76915505	-73.98191841	538	40.75795248	-73.97787642	1
0	6	52992	490	40.751551	-73.993934	2012	40.739445	-73.976806	1
0	6	910	521	40.75044999	-73.99481051	253	40.73543934	-73.99453948	2
0	6	18018	249	40.71870987	-74.0090009	417	40.71291224	-74.01020234	1
0	6	1069	508	40.76341379	-73.99667444	137	40.761628	-73.972924	1
0	6	12985	521	40.75044999	-73.99481051	495	40.76269882	-73.99301222	1
0	6	18254	450	40.76227205	-73.98788205	479	40.76019252	-73.9912551	1
0	6	9986	510	40.7606597	-73.98042047	318	40.75320159	-73.9779874	1
0	6	826	367	40.75828065	-73.97069431	426	40.71754834	-74.01322069	1
0	6	60815	432	40.72621788	-73.98379855	533	40.75299641	-73.98721619	1
0	6	73846	460	40.71285887	-73.96590294	83	40.68382604	-73.97632328	1
0	6	15406	328	40.72405549	-74.00965965	347	40.72873888	-74.00748842	1
0	6	35350	487	40.73314259	-73.97573881	345	40.73649403	-73.99704374	1
0	6	27443	167	40.7489006	-73.97604882	351	40.70530954	-74.00612572	1
0	6	7506	521	40.75044999	-73.99481051	497	40.73704984	-73.99009296	2
0	6	26835	442	40.746647	-73.993915	463	40.74206539	-74.00443172	1
0	6	5148	492	40.75019995	-73.99093085	517	40.75149263	-73.97798848	2
0	6	1076	421	40.69573398	-73.97129668	420	40.68764484	-73.96968902	1
0	6	1983	258	40.68940747	-73.96885458	324	40.689888	-73.981013	1
0	6	42101	495	40.76269882	-73.99301222	468	40.7652654	-73.98192338	1
0	6	34376	400	40.71926081	-73.98178024	295	40.71406667	-73.99293911	1
0	6	36978	502	40.714215	-73.981346	339	40.72580614	-73.97422494	1
0	6	22752	515	40.76009437	-73.99461843	422	40.770513	-73.988038	1
0	6	70434	532	40.710451	-73.960876	364	40.68900443	-73.96023854	1
0	6	1318	2009	40.71117444	-73.99682619	360	40.70717936	-74.00887308	1
0	6	831	477	40.75640548	-73.9900262	528	40.74290902	-73.97706058	1
0	6	3706	376	40.70862144	-74.00722156	309	40.7149787	-74.013012	2
0	6	42963	345	40.73649403	-73.99704374	320	40.71743998	-74.00583475	1
0	6	1141	477	40.75640548	-73.9900262	2022	40.75849116	-73.95920622	1
0	6	1771	422	40.770513	-73.988038	510	40.7606597	-73.98042047	1
0	6	42576	349	40.71850211	-73.98329859	224	40.71146364	-74.00552427	1
0	6	2068	477	40.75640548	-73.9900262	468	40.7652654	-73.98192338	1
0	6	11916	174	40.7381765	-73.97738662	444	40.7423543	-73.98915076	1
0	6	21206	276	40.71748752	-74.0104554	387	40.71273266	-74.0046073	1
0	6	10103	433	40.72955361	-73.98057249	297	40.734232	-73.986923	1
0	6	42175	423	40.76584941	-73.98690506	474	40.7451677	-73.98683077	1
0	6	13219	252	40.73226398	-73.99852205	151	40.7218158	-73.99720307	2
0	6	10088	445	40.72740794	-73.98142006	404	40.7405826	-74.00550867	1
0	6	8577	152	40.71473993	-74.00910627	309	40.7149787	-74.013012	1
0	6	22330	422	40.770513	-73.988038	490	40.751551	-73.993934	1
0	6	10766	453	40.74475148	-73.99915362	494	40.74734825	-73.99723551	1
0	6	4409	242	40.69788349	-73.97350332	430	40.7014851	-73.98656928	1
0	6	63359	489	40.75066386	-74.00176802	493	40.7568001	-73.98291153	1
0	6	21130	497	40.73704984	-73.99009296	504	40.73221853	-73.98165557	1
0	6	2262	502	40.714215	-73.981346	337	40.7037992	-74.00838676	1
0	6	19656	82	40.71117416	-74.00016545	387	40.71273266	-74.0046073	1
0	6	13938	368	40.73038599	-74.00214988	151	40.7218158	-73.99720307	1
0	6	12773	487	40.73314259	-73.97573881	253	40.73543934	-73.99453948	1
0	6	35259	289	40.6845683	-73.95881081	271	40.68528172	-73.97805813	1
0	6	17704	518	40.74780373	-73.9734419	285	40.73454567	-73.99074142	1
0	6	24359	453	40.74475148	-73.99915362	510	40.7606597	-73.98042047	1
0	6	1049	438	40.72779126	-73.98564945	375	40.72679454	-73.99695094	1
0	6	12215	450	40.76227205	-73.98788205	490	40.751551	-73.993934	1
0	6	39041	284	40.7390169121	-74.0026376103	517	40.75149263	-73.97798848	1
0	6	50047	470	40.74345335	-74.00004031	499	40.76915505	-73.98191841	1
0	6	31320	174	40.7381765	-73.97738662	432	40.72621788	-73.98379855	1
0	6	59053	262	40.69178232	-73.97372989	519	40.75188406	-73.97770164	1
0	6	22263	515	40.76009437	-73.99461843	519	40.75188406	-73.97770164	1
0	6	1087	290	40.76020258	-73.96478473	440	40.75255434	-73.97282625	1
0	6	218	359	40.75510267	-73.97498696	450	40.76227205	-73.98788205	2
0	6	27883	531	40.71893904	-73.99266288	394	40.72521311	-73.97768752	1
0	6	35419	394	40.72521311	-73.97768752	504	40.73221853	-73.98165557	1
0	6	4099	513	40.768254	-73.988639	367	40.75828065	-73.97069431	1
0	6	1090	394	40.72521311	-73.97768752	293	40.73028666	-73.9907647	1
0	6	23517	422	40.770513	-73.988038	260	40.70365182	-74.01167797	1
0	6	2798	2008	40.70569254	-74.01677685	329	40.72043411	-74.01020609	1
0	6	1263	284	40.7390169121	-74.0026376103	352	40.76340613	-73.97722479	1
0	6	24371	415	40.7047177	-74.00926027	534	40.70255065	-74.0127234	1
0	6	24681	487	40.73314259	-73.97573881	540	40.74147286	-73.98320928	1
0	6	3248	537	40.74025878	-73.98409214	446	40.74487634	-73.99529885	1
0	6	1110	426	40.71754834	-74.01322069	329	40.72043411	-74.01020609	1
0	6	2366	509	40.7454973	-74.00197139	497	40.73704984	-73.99009296	1
0	6	907	345	40.73649403	-73.99704374	225	40.74195138	-74.00803013	1
0	6	16298	326	40.72953837	-73.98426726	229	40.72743423	-73.99379025	1
0	6	14106	72	40.76727216	-73.99392888	465	40.75513557	-73.98658032	1
0	6	17651	459	40.746745	-74.007756	305	40.76095756	-73.96724467	1
0	6	1157	271	40.68528172	-73.97805813	261	40.69474881	-73.98362464	1
0	6	3593	326	40.72953837	-73.98426726	440	40.75255434	-73.97282625	1
0	6	24361	437	40.6809833854	-73.9500479759	391	40.69760127	-73.99344559	1
0	6	51827	290	40.76020258	-73.96478473	493	40.7568001	-73.98291153	1
0	6	6429	293	40.73028666	-73.9907647	521	40.75044999	-73.99481051	1
0	6	54759	309	40.7149787	-74.013012	2021	40.75929124	-73.98859651	1
0	6	24340	448	40.75660359	-73.9979009	422	40.770513	-73.988038	1
0	6	32354	423	40.76584941	-73.98690506	137	40.761628	-73.972924	1
0	6	4128	223	40.73781509	-73.99994661	328	40.72405549	-74.00965965	1
0	6	1251	488	40.75645824	-73.99372222	284	40.7390169121	-74.0026376103	1
0	6	1172	470	40.74345335	-74.00004031	284	40.7390169121	-74.0026376103	1
0	6	34983	405	40.739323	-74.008119	254	40.73532427	-73.99800419	1
0	6	2306	497	40.73704984	-73.99009296	2012	40.739445	-73.976806	1
0	6	43583	2021	40.75929124	-73.98859651	546	40.74444921	-73.98303529	1
0	6	1302	529	40.7575699	-73.99098507	480	40.76669671	-73.99061728	1
0	6	31479	504	40.73221853	-73.98165557	455	40.75001986	-73.96905301	1
0	6	33147	271	40.68528172	-73.97805813	431	40.68864636	-73.98263429	1
0	6	23202	324	40.689888	-73.981013	354	40.69363137	-73.96223558	1
0	6	740	477	40.75640548	-73.9900262	367	40.75828065	-73.97069431	2
0	6	24848	361	40.71605866	-73.99190759	265	40.72229346	-73.99147535	1
0	6	4078	529	40.7575699	-73.99098507	486	40.7462009	-73.98855723	2
0	6	4515	462	40.74691959	-74.00451887	449	40.76461837	-73.98789473	1
0	6	5919	167	40.7489006	-73.97604882	492	40.75019995	-73.99093085	1
0	6	32871	472	40.7457121	-73.98194829	382	40.73492695	-73.99200509	1
0	6	755	515	40.76009437	-73.99461843	267	40.75097711	-73.98765428	1
0	6	37984	454	40.75455731	-73.96592976	516	40.75206862	-73.96784384	1
0	6	12814	495	40.76269882	-73.99301222	499	40.76915505	-73.98191841	1
0	6	5163	490	40.751551	-73.993934	517	40.75149263	-73.97798848	2
0	6	25569	318	40.75320159	-73.9779874	355	40.71602118	-73.99974372	1
0	6	7368	523	40.75466591	-73.99138152	334	40.74238787	-73.99726235	1
0	6	45506	127	40.73172428	-74.00674436	519	40.75188406	-73.97770164	1
0	6	43603	519	40.75188406	-73.97770164	516	40.75206862	-73.96784384	1
0	6	6936	490	40.751551	-73.993934	536	40.74144387	-73.97536082	1
0	6	56416	276	40.71748752	-74.0104554	128	40.72710258	-74.00297088	1
0	6	31921	264	40.70706456	-74.00731853	327	40.7153379	-74.01658354	1
0	6	1126	167	40.7489006	-73.97604882	318	40.75320159	-73.9779874	1
0	6	1118	492	40.75019995	-73.99093085	484	40.75500254	-73.98014437	1
0	6	814	2002	40.716887	-73.963198	195	40.70905623	-74.01043382	1
0	6	848	403	40.72502876	-73.99069656	417	40.71291224	-74.01020234	1
0	6	26469	500	40.76228826	-73.98336183	524	40.75527307	-73.98316936	1
0	6	1173	488	40.75645824	-73.99372222	167	40.7489006	-73.97604882	1
0	6	40204	323	40.69236178	-73.98631746	488	40.75645824	-73.99372222	1
0	6	32517	512	40.7500727	-73.99839279	348	40.72490985	-74.00154702	1
0	6	1237	318	40.75320159	-73.9779874	457	40.76695317	-73.98169333	2
0	6	293	529	40.7575699	-73.99098507	466	40.74395411	-73.99144871	1
0	6	685	523	40.75466591	-73.99138152	167	40.7489006	-73.97604882	1
0	6	57179	512	40.7500727	-73.99839279	500	40.76228826	-73.98336183	1
0	6	30503	472	40.7457121	-73.98194829	456	40.7597108	-73.97402311	1
0	6	68258	526	40.74765947	-73.98490707	376	40.70862144	-74.00722156	1
0	6	986	284	40.7390169121	-74.0026376103	402	40.7403432	-73.98955109	1
0	6	53136	490	40.751551	-73.993934	516	40.75206862	-73.96784384	1
0	6	24408	450	40.76227205	-73.98788205	456	40.7597108	-73.97402311	1
0	6	1886	519	40.75188406	-73.97770164	444	40.7423543	-73.98915076	1
0	6	4252	488	40.75645824	-73.99372222	497	40.73704984	-73.99009296	1
0	6	6520	492	40.75019995	-73.99093085	546	40.74444921	-73.98303529	1
0	6	10469	164	40.75323098	-73.97032517	137	40.761628	-73.972924	1
0	6	1256	300	40.728145	-73.990214	383	40.735238	-74.000271	1
0	6	24226	529	40.7575699	-73.99098507	137	40.761628	-73.972924	1
0	6	5845	418	40.70224	-73.982578	430	40.7014851	-73.98656928	1
0	6	2470	450	40.76227205	-73.98788205	267	40.75097711	-73.98765428	1
0	6	23430	305	40.76095756	-73.96724467	528	40.74290902	-73.97706058	1
0	6	12254	482	40.73935542	-73.99931783	128	40.72710258	-74.00297088	1
0	6	892	448	40.75660359	-73.9979009	329	40.72043411	-74.01020609	1
0	6	1864	433	40.72955361	-73.98057249	285	40.73454567	-73.99074142	1
0	6	17497	127	40.73172428	-74.00674436	450	40.76227205	-73.98788205	1
0	6	35299	509	40.7454973	-74.00197139	524	40.75527307	-73.98316936	1
0	6	9461	2008	40.70569254	-74.01677685	2008	40.70569254	-74.01677685	1
0	6	6161	505	40.74901271	-73.98848395	465	40.75513557	-73.98658032	1
0	6	35269	238	40.7361967	-74.00859207	538	40.75795248	-73.97787642	1
0	6	1826	296	40.71413089	-73.9970468	417	40.71291224	-74.01020234	1
0	6	26840	477	40.75640548	-73.9900262	479	40.76019252	-73.9912551	1
0	6	58	435	40.74173969	-73.99415556	462	40.74691959	-74.00451887	1
0	6	199	223	40.73781509	-73.99994661	2022	40.75849116	-73.95920622	1
0	6	67508	517	40.75149263	-73.97798848	316	40.70955958	-74.00653609	1
0	6	20490	513	40.768254	-73.988639	459	40.746745	-74.007756	1
0	6	1214	521	40.75044999	-73.99481051	359	40.75510267	-73.97498696	2
0	6	1322	532	40.710451	-73.960876	526	40.74765947	-73.98490707	1
0	6	74314	520	40.75992262	-73.97648516	224	40.71146364	-74.00552427	1
0	6	1138	482	40.73935542	-73.99931783	2012	40.739445	-73.976806	1
0	6	2781	352	40.76340613	-73.97722479	465	40.75513557	-73.98658032	1
0	6	40019	523	40.75466591	-73.99138152	297	40.734232	-73.986923	1
0	6	74315	322	40.696192	-73.991218	382	40.73492695	-73.99200509	1
0	6	24877	127	40.73172428	-74.00674436	359	40.75510267	-73.97498696	1
0	6	8918	524	40.75527307	-73.98316936	367	40.75828065	-73.97069431	1
0	6	35265	237	40.73047309	-73.98672378	323	40.69236178	-73.98631746	1
0	6	60415	342	40.71739973	-73.98016555	386	40.71494807	-74.00234482	1
0	6	26639	507	40.73912601	-73.97973776	318	40.75320159	-73.9779874	1
0	6	1269	365	40.68223166	-73.9614583	437	40.6809833854	-73.9500479759	1
0	6	42150	405	40.739323	-74.008119	517	40.75149263	-73.97798848	1
0	6	1244	300	40.728145	-73.990214	268	40.71910537	-73.99973337	1
0	6	2355	477	40.75640548	-73.9900262	518	40.74780373	-73.9734419	1
0	6	74316	529	40.7575699	-73.99098507	351	40.70530954	-74.00612572	1
0	6	1122	462	40.74691959	-74.00451887	329	40.72043411	-74.01020609	1
0	6	35239	509	40.7454973	-74.00197139	2021	40.75929124	-73.98859651	1
0	6	805	422	40.770513	-73.988038	359	40.75510267	-73.97498696	1
0	6	14806	522	40.75714758	-73.97207836	417	40.71291224	-74.01020234	1
0	6	1156	417	40.71291224	-74.01020234	360	40.70717936	-74.00887308	3
0	6	27623	490	40.751551	-73.993934	359	40.75510267	-73.97498696	1
0	6	5794	447	40.76370739	-73.9851615	465	40.75513557	-73.98658032	1
0	6	1183	360	40.70717936	-74.00887308	309	40.7149787	-74.013012	1
0	6	3223	511	40.72938685	-73.97772429	435	40.74173969	-73.99415556	1
0	6	1529	315	40.70355377	-74.00670227	195	40.70905623	-74.01043382	1
0	6	49085	127	40.73172428	-74.00674436	195	40.70905623	-74.01043382	1
0	6	2034	417	40.71291224	-74.01020234	304	40.70463334	-74.01361706	2
0	6	8312	490	40.751551	-73.993934	318	40.75320159	-73.9779874	1
0	6	5804	495	40.76269882	-73.99301222	305	40.76095756	-73.96724467	1
0	6	1347	157	40.69089272	-73.99612349	314	40.69424674	-73.99215922	1
0	6	769	492	40.75019995	-73.99093085	456	40.7597108	-73.97402311	1
0	6	946	515	40.76009437	-73.99461843	359	40.75510267	-73.97498696	1
0	6	9296	485	40.75038009	-73.98338988	497	40.73704984	-73.99009296	1
0	6	42534	445	40.72740794	-73.98142006	2012	40.739445	-73.976806	1
0	6	1275	423	40.76584941	-73.98690506	402	40.7403432	-73.98955109	1
0	6	3685	243	40.687979	-73.978474	2012	40.739445	-73.976806	1
0	6	61837	545	40.736502	-73.97809472	362	40.75172632	-73.98753523	1
0	6	3415	410	40.72066442	-73.98517977	345	40.73649403	-73.99704374	1
0	6	1397	465	40.75513557	-73.98658032	359	40.75510267	-73.97498696	1
0	6	1350	422	40.770513	-73.988038	128	40.72710258	-74.00297088	1
0	6	44896	2003	40.73416059	-73.98024289	259	40.70122128	-74.01234218	1
0	6	1410	363	40.70834698	-74.01713445	309	40.7149787	-74.013012	1
0	6	69572	449	40.76461837	-73.98789473	433	40.72955361	-73.98057249	1
0	6	1287	519	40.75188406	-73.97770164	525	40.75594159	-74.0021163	1
0	6	6291	519	40.75188406	-73.97770164	463	40.74206539	-74.00443172	1
0	6	18707	2010	40.72165481	-74.00234737	2010	40.72165481	-74.00234737	1
0	6	53722	480	40.76669671	-73.99061728	484	40.75500254	-73.98014437	1
0	6	39353	521	40.75044999	-73.99481051	363	40.70834698	-74.01713445	1
0	6	8253	536	40.74144387	-73.97536082	497	40.73704984	-73.99009296	1
0	6	24713	545	40.736502	-73.97809472	456	40.7597108	-73.97402311	1
0	6	601	450	40.76227205	-73.98788205	538	40.75795248	-73.97787642	1
0	6	51731	410	40.72066442	-73.98517977	470	40.74345335	-74.00004031	1
0	6	1436	499	40.76915505	-73.98191841	456	40.7597108	-73.97402311	1
0	6	874	482	40.73935542	-73.99931783	459	40.746745	-74.007756	1
0	6	1476	380	40.73401143	-74.00293877	459	40.746745	-74.007756	1
0	6	19145	517	40.75149263	-73.97798848	485	40.75038009	-73.98338988	1
0	6	29104	341	40.71782143	-73.97628939	349	40.71850211	-73.98329859	1
0	6	2822	487	40.73314259	-73.97573881	545	40.736502	-73.97809472	1
0	6	1368	504	40.73221853	-73.98165557	153	40.752062307	-73.9816324043	1
0	6	20073	521	40.75044999	-73.99481051	281	40.7643971	-73.97371465	1
0	6	35296	433	40.72955361	-73.98057249	529	40.7575699	-73.99098507	1
0	6	42278	496	40.73726186	-73.99238967	450	40.76227205	-73.98788205	1
0	6	995	329	40.72043411	-74.01020609	521	40.75044999	-73.99481051	1
0	6	2083	363	40.70834698	-74.01713445	329	40.72043411	-74.01020609	1
0	6	40197	478	40.76030096	-73.99884222	499	40.76915505	-73.98191841	1
0	6	1125	513	40.768254	-73.988639	500	40.76228826	-73.98336183	1
0	6	12127	468	40.7652654	-73.98192338	367	40.75828065	-73.97069431	1
0	6	1416	450	40.76227205	-73.98788205	510	40.7606597	-73.98042047	1
0	6	1469	457	40.76695317	-73.98169333	386	40.71494807	-74.00234482	1
0	6	4580	521	40.75044999	-73.99481051	137	40.761628	-73.972924	1
0	6	13719	488	40.75645824	-73.99372222	509	40.7454973	-74.00197139	1
0	6	10661	445	40.72740794	-73.98142006	497	40.73704984	-73.99009296	1
0	6	10006	472	40.7457121	-73.98194829	444	40.7423543	-73.98915076	1
0	6	43235	516	40.75206862	-73.96784384	510	40.7606597	-73.98042047	1
0	6	24499	486	40.7462009	-73.98855723	450	40.76227205	-73.98788205	1
0	6	6589	488	40.75645824	-73.99372222	388	40.749717753	-74.002950346	1
0	6	3257	523	40.75466591	-73.99138152	459	40.746745	-74.007756	1
0	6	65745	2010	40.72165481	-74.00234737	526	40.74765947	-73.98490707	1
0	6	5164	417	40.71291224	-74.01020234	337	40.7037992	-74.00838676	1
0	6	30370	521	40.75044999	-73.99481051	518	40.74780373	-73.9734419	1
0	6	891	224	40.71146364	-74.00552427	306	40.70823502	-74.00530063	1
0	6	19994	382	40.73492695	-73.99200509	440	40.75255434	-73.97282625	1
0	6	1461	479	40.76019252	-73.9912551	173	40.76064679	-73.98442659	1
0	6	9017	444	40.7423543	-73.98915076	325	40.73624527	-73.98473765	1
0	6	24503	410	40.72066442	-73.98517977	351	40.70530954	-74.00612572	1
0	6	12964	330	40.71450451	-74.00562789	357	40.73261787	-73.99158043	1
0	6	41324	520	40.75992262	-73.97648516	545	40.736502	-73.97809472	1
0	6	9754	490	40.751551	-73.993934	444	40.7423543	-73.98915076	1
0	6	2745	521	40.75044999	-73.99481051	444	40.7423543	-73.98915076	2
0	6	14404	479	40.76019252	-73.9912551	520	40.75992262	-73.97648516	1
0	6	1298	318	40.75320159	-73.9779874	352	40.76340613	-73.97722479	1
0	6	1006	521	40.75044999	-73.99481051	447	40.76370739	-73.9851615	1
0	6	28241	334	40.74238787	-73.99726235	469	40.76344058	-73.98268129	1
0	6	19347	237	40.73047309	-73.98672378	519	40.75188406	-73.97770164	1
0	6	55182	328	40.72405549	-74.00965965	195	40.70905623	-74.01043382	1
0	6	554	355	40.71602118	-73.99974372	329	40.72043411	-74.01020609	1
0	6	10619	360	40.70717936	-74.00887308	337	40.7037992	-74.00838676	1
0	6	1337	389	40.71044554	-73.96525063	539	40.71534825	-73.96024116	1
0	6	1280	462	40.74691959	-74.00451887	526	40.74765947	-73.98490707	2
0	6	26940	405	40.739323	-74.008119	212	40.74334935	-74.00681753	1
0	6	1217	439	40.7262807	-73.98978041	521	40.75044999	-73.99481051	1
0	6	14958	428	40.72467721	-73.98783413	326	40.72953837	-73.98426726	1
0	6	1345	83	40.68382604	-73.97632328	324	40.689888	-73.981013	1
0	6	20879	521	40.75044999	-73.99481051	498	40.74854862	-73.98808416	1
0	6	35293	317	40.72453734	-73.98185424	254	40.73532427	-73.99800419	1
0	6	605	465	40.75513557	-73.98658032	318	40.75320159	-73.9779874	1
0	6	4080	320	40.71743998	-74.00583475	309	40.7149787	-74.013012	1
0	6	1246	127	40.73172428	-74.00674436	534	40.70255065	-74.0127234	1
0	6	1205	318	40.75320159	-73.9779874	450	40.76227205	-73.98788205	1
0	6	35291	445	40.72740794	-73.98142006	519	40.75188406	-73.97770164	1
0	6	61800	532	40.710451	-73.960876	519	40.75188406	-73.97770164	1
0	6	34517	2003	40.73416059	-73.98024289	498	40.74854862	-73.98808416	1
0	6	47935	458	40.751396	-74.005226	268	40.71910537	-73.99973337	1
0	6	7154	318	40.75320159	-73.9779874	305	40.76095756	-73.96724467	1
0	6	35838	490	40.751551	-73.993934	2023	40.75968085	-73.97031366	1
0	6	8797	509	40.7454973	-74.00197139	223	40.73781509	-73.99994661	1
0	6	47151	521	40.75044999	-73.99481051	2008	40.70569254	-74.01677685	1
0	6	1406	512	40.7500727	-73.99839279	212	40.74334935	-74.00681753	1
0	6	1196	363	40.70834698	-74.01713445	360	40.70717936	-74.00887308	1
0	6	2588	382	40.73492695	-73.99200509	336	40.73047747	-73.99906065	1
0	6	1982	382	40.73492695	-73.99200509	426	40.71754834	-74.01322069	1
0	6	1405	394	40.72521311	-73.97768752	335	40.72903917	-73.99404649	1
0	6	2006	407	40.700469	-73.991454	2000	40.70255088	-73.98940236	1
0	6	33537	502	40.714215	-73.981346	323	40.69236178	-73.98631746	1
0	6	16987	453	40.74475148	-73.99915362	490	40.751551	-73.993934	1
0	6	1456	358	40.73291553	-74.00711384	293	40.73028666	-73.9907647	1
0	6	123	479	40.76019252	-73.9912551	450	40.76227205	-73.98788205	1
0	6	28129	402	40.7403432	-73.98955109	329	40.72043411	-74.01020609	1
0	6	27843	380	40.73401143	-74.00293877	540	40.74147286	-73.98320928	1
0	6	35352	423	40.76584941	-73.98690506	484	40.75500254	-73.98014437	1
0	6	1293	262	40.69178232	-73.97372989	416	40.68753406	-73.97265183	1
0	6	12454	465	40.75513557	-73.98658032	385	40.75797322	-73.96603308	1
0	6	1364	238	40.7361967	-74.00859207	306	40.70823502	-74.00530063	1
0	6	1411	127	40.73172428	-74.00674436	521	40.75044999	-73.99481051	1
0	6	43869	267	40.75097711	-73.98765428	456	40.7597108	-73.97402311	1
0	6	1270	426	40.71754834	-74.01322069	450	40.76227205	-73.98788205	1
0	6	30712	509	40.7454973	-74.00197139	264	40.70706456	-74.00731853	1
0	6	2238	497	40.73704984	-73.99009296	537	40.74025878	-73.98409214	1
0	6	11563	497	40.73704984	-73.99009296	509	40.7454973	-74.00197139	1
0	6	5496	284	40.7390169121	-74.0026376103	212	40.74334935	-74.00681753	1
0	6	1070	508	40.76341379	-73.99667444	224	40.71146364	-74.00552427	1
0	6	50823	334	40.74238787	-73.99726235	403	40.72502876	-73.99069656	1
0	6	27190	521	40.75044999	-73.99481051	485	40.75038009	-73.98338988	1
0	6	13587	488	40.75645824	-73.99372222	512	40.7500727	-73.99839279	1
0	6	22783	212	40.74334935	-74.00681753	463	40.74206539	-74.00443172	1
0	6	17847	345	40.73649403	-73.99704374	405	40.739323	-74.008119	1
0	6	2071	529	40.7575699	-73.99098507	513	40.768254	-73.988639	1
0	6	4705	511	40.72938685	-73.97772429	483	40.73223272	-73.98889957	1
0	6	17064	2006	40.76590936	-73.97634151	228	40.7546011026	-73.971878855	1
0	6	1136	2021	40.75929124	-73.98859651	402	40.7403432	-73.98955109	1
0	6	1232	405	40.739323	-74.008119	284	40.7390169121	-74.0026376103	1
0	6	3829	546	40.74444921	-73.98303529	536	40.74144387	-73.97536082	1
0	6	25890	267	40.75097711	-73.98765428	520	40.75992262	-73.97648516	1
0	6	1514	406	40.69512845	-73.99595065	391	40.69760127	-73.99344559	1
0	6	35764	492	40.75019995	-73.99093085	2012	40.739445	-73.976806	1
0	6	2900	383	40.735238	-74.000271	303	40.72362738	-73.99949601	1
0	6	505	417	40.71291224	-74.01020234	79	40.71911552	-74.00666661	1
0	6	1682	521	40.75044999	-73.99481051	305	40.76095756	-73.96724467	1
0	6	25073	276	40.71748752	-74.0104554	309	40.7149787	-74.013012	1
0	6	1258	312	40.722055	-73.989111	522	40.75714758	-73.97207836	1
0	6	51080	116	40.74177603	-74.00149746	238	40.7361967	-74.00859207	1
0	6	584	417	40.71291224	-74.01020234	327	40.7153379	-74.01658354	1
0	6	35304	434	40.74317449	-74.00366443	534	40.70255065	-74.0127234	1
0	6	1602	329	40.72043411	-74.01020609	195	40.70905623	-74.01043382	1
0	6	18220	339	40.72580614	-73.97422494	361	40.71605866	-73.99190759	1
0	6	36367	516	40.75206862	-73.96784384	454	40.75455731	-73.96592976	1
0	6	1314	345	40.73649403	-73.99704374	375	40.72679454	-73.99695094	1
0	6	3604	497	40.73704984	-73.99009296	493	40.7568001	-73.98291153	3
0	6	46546	167	40.7489006	-73.97604882	291	40.713126	-73.984844	1
0	6	8222	507	40.73912601	-73.97973776	486	40.7462009	-73.98855723	1
0	6	1460	457	40.76695317	-73.98169333	367	40.75828065	-73.97069431	1
0	6	23343	72	40.76727216	-73.99392888	422	40.770513	-73.988038	1
0	6	833	417	40.71291224	-74.01020234	534	40.70255065	-74.0127234	1
0	6	980	511	40.72938685	-73.97772429	402	40.7403432	-73.98955109	1
0	6	1261	380	40.73401143	-74.00293877	212	40.74334935	-74.00681753	1
0	6	43656	486	40.7462009	-73.98855723	528	40.74290902	-73.97706058	1
0	6	15881	440	40.75255434	-73.97282625	492	40.75019995	-73.99093085	1
0	6	9649	478	40.76030096	-73.99884222	116	40.74177603	-74.00149746	1
0	6	1604	524	40.75527307	-73.98316936	318	40.75320159	-73.9779874	1
0	6	8759	319	40.71336124	-74.00937622	327	40.7153379	-74.01658354	1
0	6	14640	127	40.73172428	-74.00674436	488	40.75645824	-73.99372222	1
0	6	5888	127	40.73172428	-74.00674436	377	40.72243797	-74.00566443	2
0	6	2719	303	40.72362738	-73.99949601	309	40.7149787	-74.013012	1
0	6	49214	2009	40.71117444	-73.99682619	528	40.74290902	-73.97706058	1
0	6	5114	422	40.770513	-73.988038	305	40.76095756	-73.96724467	1
0	6	27006	311	40.7172274	-73.98802084	347	40.72873888	-74.00748842	1
0	6	6761	3002	40.711512	-74.015756	386	40.71494807	-74.00234482	1
0	6	14532	495	40.76269882	-73.99301222	490	40.751551	-73.993934	1
0	6	2019	345	40.73649403	-73.99704374	463	40.74206539	-74.00443172	1
0	6	587	247	40.73535398	-74.00483091	127	40.73172428	-74.00674436	1
0	6	20628	521	40.75044999	-73.99481051	489	40.75066386	-74.00176802	1
0	6	5589	529	40.7575699	-73.99098507	508	40.76341379	-73.99667444	1
0	6	23408	447	40.76370739	-73.9851615	520	40.75992262	-73.97648516	1
0	6	8378	168	40.73971301	-73.99456405	459	40.746745	-74.007756	1
0	6	82	326	40.72953837	-73.98426726	368	40.73038599	-74.00214988	1
0	6	2977	472	40.7457121	-73.98194829	492	40.75019995	-73.99093085	1
0	6	24981	376	40.70862144	-74.00722156	474	40.7451677	-73.98683077	1
0	6	44595	509	40.7454973	-74.00197139	83	40.68382604	-73.97632328	1
0	6	24602	383	40.735238	-74.000271	285	40.73454567	-73.99074142	1
0	6	9793	459	40.746745	-74.007756	212	40.74334935	-74.00681753	1
0	6	2066	366	40.693261	-73.968896	239	40.69196566	-73.9813018	1
0	6	6893	490	40.751551	-73.993934	347	40.72873888	-74.00748842	1
0	6	38327	529	40.7575699	-73.99098507	329	40.72043411	-74.01020609	1
0	6	49119	237	40.73047309	-73.98672378	501	40.744219	-73.97121214	1
0	6	4191	537	40.74025878	-73.98409214	167	40.7489006	-73.97604882	1
0	6	4450	435	40.74173969	-73.99415556	422	40.770513	-73.988038	1
0	6	11187	472	40.7457121	-73.98194829	522	40.75714758	-73.97207836	1
0	6	21687	344	40.6851443	-73.95380904	275	40.68650065	-73.96563307	1
0	6	879	368	40.73038599	-74.00214988	426	40.71754834	-74.01322069	1
0	6	25472	340	40.71269042	-73.98776323	517	40.75149263	-73.97798848	1
0	6	5493	469	40.76344058	-73.98268129	519	40.75188406	-73.97770164	1
0	6	29348	545	40.736502	-73.97809472	534	40.70255065	-74.0127234	1
0	6	856	479	40.76019252	-73.9912551	318	40.75320159	-73.9779874	1
0	6	2000	509	40.7454973	-74.00197139	212	40.74334935	-74.00681753	1
0	6	8012	490	40.751551	-73.993934	480	40.76669671	-73.99061728	1
0	6	9096	326	40.72953837	-73.98426726	382	40.73492695	-73.99200509	1
0	6	13611	233	40.69246277	-73.98963911	417	40.71291224	-74.01020234	1
0	6	1107	406	40.69512845	-73.99595065	233	40.69246277	-73.98963911	2
0	6	20568	212	40.74334935	-74.00681753	448	40.75660359	-73.9979009	1
0	6	18403	478	40.76030096	-73.99884222	484	40.75500254	-73.98014437	1
0	6	17758	521	40.75044999	-73.99481051	509	40.7454973	-74.00197139	1
0	6	580	363	40.70834698	-74.01713445	327	40.7153379	-74.01658354	1
0	6	12766	293	40.73028666	-73.9907647	317	40.72453734	-73.98185424	1
0	6	2499	408	40.71076228	-73.99400398	331	40.71173107	-73.99193043	1
0	6	1451	318	40.75320159	-73.9779874	116	40.74177603	-74.00149746	1
0	6	7360	477	40.75640548	-73.9900262	435	40.74173969	-73.99415556	1
0	6	1249	326	40.72953837	-73.98426726	294	40.73049393	-73.9957214	1
0	6	4400	153	40.752062307	-73.9816324043	519	40.75188406	-73.97770164	1
0	6	17949	514	40.76087502	-74.00277668	376	40.70862144	-74.00722156	1
0	6	32938	247	40.73535398	-74.00483091	253	40.73543934	-73.99453948	1
0	6	1650	448	40.75660359	-73.9979009	490	40.751551	-73.993934	1
0	6	1531	258	40.68940747	-73.96885458	274	40.68691865	-73.976682	1
0	6	45797	326	40.72953837	-73.98426726	116	40.74177603	-74.00149746	1
0	6	4878	253	40.73543934	-73.99453948	521	40.75044999	-73.99481051	1
0	6	894	263	40.71729	-73.996375	309	40.7149787	-74.013012	1
0	6	1374	507	40.73912601	-73.97973776	2023	40.75968085	-73.97031366	1
0	6	2827	515	40.76009437	-73.99461843	500	40.76228826	-73.98336183	1
0	6	4333	518	40.74780373	-73.9734419	435	40.74173969	-73.99415556	1
0	6	54781	389	40.71044554	-73.96525063	418	40.70224	-73.982578	1
0	6	54768	384	40.68317813	-73.9659641	160	40.748238	-73.978311	1
0	6	9885	510	40.7606597	-73.98042047	508	40.76341379	-73.99667444	1
0	6	19067	276	40.71748752	-74.0104554	521	40.75044999	-73.99481051	1
0	6	3417	511	40.72938685	-73.97772429	523	40.75466591	-73.99138152	1
0	6	13141	228	40.7546011026	-73.971878855	228	40.7546011026	-73.971878855	1
0	6	34135	120	40.68676793	-73.95928168	399	40.68851534	-73.9647628	1
0	6	1555	519	40.75188406	-73.97770164	514	40.76087502	-74.00277668	1
0	6	1102	301	40.72217444	-73.98368779	518	40.74780373	-73.9734419	1
0	6	10479	329	40.72043411	-74.01020609	319	40.71336124	-74.00937622	1
0	6	7858	435	40.74173969	-73.99415556	345	40.73649403	-73.99704374	1
0	6	1598	2021	40.75929124	-73.98859651	305	40.76095756	-73.96724467	1
0	6	15099	336	40.73047747	-73.99906065	285	40.73454567	-73.99074142	1
0	6	7771	328	40.72405549	-74.00965965	462	40.74691959	-74.00451887	1
0	6	22414	368	40.73038599	-74.00214988	462	40.74691959	-74.00451887	1
0	6	8063	519	40.75188406	-73.97770164	264	40.70706456	-74.00731853	1
0	6	39101	468	40.7652654	-73.98192338	327	40.7153379	-74.01658354	1
0	6	6847	432	40.72621788	-73.98379855	450	40.76227205	-73.98788205	1
0	6	4963	497	40.73704984	-73.99009296	519	40.75188406	-73.97770164	1
0	6	1578	385	40.75797322	-73.96603308	305	40.76095756	-73.96724467	1
0	6	8745	499	40.76915505	-73.98191841	447	40.76370739	-73.9851615	1
0	6	1674	465	40.75513557	-73.98658032	520	40.75992262	-73.97648516	1
0	6	1373	449	40.76461837	-73.98789473	500	40.76228826	-73.98336183	1
0	6	24247	490	40.751551	-73.993934	167	40.7489006	-73.97604882	1
0	6	9711	521	40.75044999	-73.99481051	499	40.76915505	-73.98191841	1
0	6	24461	119	40.69608941	-73.97803415	412	40.7158155	-73.99422366	1
0	6	17538	499	40.76915505	-73.98191841	459	40.746745	-74.007756	1
0	6	15827	442	40.746647	-73.993915	2003	40.73416059	-73.98024289	1
0	6	12412	326	40.72953837	-73.98426726	253	40.73543934	-73.99453948	1
0	6	31555	83	40.68382604	-73.97632328	458	40.751396	-74.005226	1
0	6	1570	468	40.7652654	-73.98192338	359	40.75510267	-73.97498696	1
0	6	35774	453	40.74475148	-73.99915362	458	40.751396	-74.005226	1
0	6	35297	486	40.7462009	-73.98855723	546	40.74444921	-73.98303529	1
