0	6	24258	384	40.68317813	-73.9659641	323	40.69236178	-73.98631746	1
0	6	15522	312	40.722055	-73.989111	394	40.72521311	-73.97768752	1
0	6	31348	446	40.74487634	-73.99529885	329	40.72043411	-74.01020609	1
0	6	619	479	40.76019252	-73.9912551	304	40.70463334	-74.01361706	1
0	6	11764	318	40.75320159	-73.9779874	318	40.75320159	-73.9779874	2
0	6	261	477	40.75640548	-73.9900262	533	40.75299641	-73.98721619	1
0	6	696	349	40.71850211	-73.98329859	537	40.74025878	-73.98409214	1
0	6	24233	391	40.69760127	-73.99344559	345	40.73649403	-73.99704374	1
0	6	42104	289	40.6845683	-73.95881081	366	40.693261	-73.968896	1
0	6	831	477	40.75640548	-73.9900262	528	40.74290902	-73.97706058	1
0	6	35214	432	40.72621788	-73.98379855	485	40.75038009	-73.98338988	1
0	6	1522	261	40.69474881	-73.98362464	360	40.70717936	-74.00887308	1
0	6	747	477	40.75640548	-73.9900262	497	40.73704984	-73.99009296	1
0	6	762	485	40.75038009	-73.98338988	281	40.7643971	-73.97371465	1
0	6	18500	441	40.756014	-73.967416	444	40.7423543	-73.98915076	1
0	6	42106	275	40.68650065	-73.96563307	279	40.69986937	-73.98271933	1
0	6	35211	157	40.69089272	-73.99612349	536	40.74144387	-73.97536082	1
0	6	885	515	40.76009437	-73.99461843	505	40.74901271	-73.98848395	1
0	6	33850	435	40.74173969	-73.99415556	352	40.76340613	-73.97722479	1
0	6	42107	307	40.71427487	-73.98990025	470	40.74345335	-74.00004031	1
0	6	687	466	40.74395411	-73.99144871	520	40.75992262	-73.97648516	1
0	6	2246	537	40.74025878	-73.98409214	379	40.749156	-73.9916	1
0	6	16023	477	40.75640548	-73.9900262	326	40.72953837	-73.98426726	1
0	6	42108	495	40.76269882	-73.99301222	294	40.73049393	-73.9957214	1
0	6	9000	407	40.700469	-73.991454	310	40.68926942	-73.98912867	1
0	6	28344	350	40.71559509	-73.9870295	351	40.70530954	-74.00612572	1
0	6	503	477	40.75640548	-73.9900262	519	40.75188406	-73.97770164	3
0	6	548	477	40.75640548	-73.9900262	305	40.76095756	-73.96724467	2
0	6	701	275	40.68650065	-73.96563307	243	40.687979	-73.978474	1
0	6	42109	305	40.76095756	-73.96724467	360	40.70717936	-74.00887308	1
0	6	10108	435	40.74173969	-73.99415556	247	40.73535398	-74.00483091	1
0	6	748	490	40.751551	-73.993934	173	40.76064679	-73.98442659	3
0	6	712	492	40.75019995	-73.99093085	519	40.75188406	-73.97770164	3
0	6	1173	488	40.75645824	-73.99372222	167	40.7489006	-73.97604882	2
0	6	15366	369	40.73224119	-74.00026394	168	40.73971301	-73.99456405	1
0	6	42110	439	40.7262807	-73.98978041	492	40.75019995	-73.99093085	1
0	6	723	306	40.70823502	-74.00530063	2004	40.724399	-74.004704	1
0	6	4852	490	40.751551	-73.993934	457	40.76695317	-73.98169333	2
0	6	24257	334	40.74238787	-73.99726235	363	40.70834698	-74.01713445	1
0	6	623	2004	40.724399	-74.004704	151	40.7218158	-73.99720307	1
0	6	654	325	40.73624527	-73.98473765	388	40.749717753	-74.002950346	1
0	6	5249	529	40.7575699	-73.99098507	458	40.751396	-74.005226	1
0	6	32427	361	40.71605866	-73.99190759	319	40.71336124	-74.00937622	1
0	6	617	477	40.75640548	-73.9900262	164	40.75323098	-73.97032517	1
0	6	13154	247	40.73535398	-74.00483091	509	40.7454973	-74.00197139	1
0	6	666	519	40.75188406	-73.97770164	546	40.74444921	-73.98303529	1
0	6	37007	346	40.73652889	-74.00618026	509	40.7454973	-74.00197139	1
0	6	800	477	40.75640548	-73.9900262	359	40.75510267	-73.97498696	5
0	6	42111	455	40.75001986	-73.96905301	459	40.746745	-74.007756	1
0	6	736	495	40.76269882	-73.99301222	173	40.76064679	-73.98442659	1
0	6	42112	411	40.72228087	-73.97668709	2006	40.76590936	-73.97634151	1
0	6	42113	405	40.739323	-74.008119	415	40.7047177	-74.00926027	1
0	6	29612	236	40.7284186	-73.98713956	243	40.687979	-73.978474	1
0	6	751	271	40.68528172	-73.97805813	2000	40.70255088	-73.98940236	1
0	6	42114	441	40.756014	-73.967416	225	40.74195138	-74.00803013	1
0	6	10061	358	40.73291553	-74.00711384	369	40.73224119	-74.00026394	1
0	6	12275	521	40.75044999	-73.99481051	2021	40.75929124	-73.98859651	1
0	6	38273	351	40.70530954	-74.00612572	306	40.70823502	-74.00530063	1
0	6	24265	223	40.73781509	-73.99994661	405	40.739323	-74.008119	1
0	6	750	326	40.72953837	-73.98426726	167	40.7489006	-73.97604882	1
0	6	29424	428	40.72467721	-73.98783413	536	40.74144387	-73.97536082	1
0	6	850	523	40.75466591	-73.99138152	507	40.73912601	-73.97973776	1
0	6	745	301	40.72217444	-73.98368779	375	40.72679454	-73.99695094	1
0	6	753	316	40.70955958	-74.00653609	417	40.71291224	-74.01020234	1
0	6	14137	411	40.72228087	-73.97668709	439	40.7262807	-73.98978041	1
0	6	768	519	40.75188406	-73.97770164	526	40.74765947	-73.98490707	1
0	6	742	379	40.749156	-73.9916	536	40.74144387	-73.97536082	5
0	6	4825	270	40.69308257	-73.97178913	458	40.751396	-74.005226	1
0	6	9692	450	40.76227205	-73.98788205	293	40.73028666	-73.9907647	1
0	6	2840	284	40.7390169121	-74.0026376103	458	40.751396	-74.005226	1
0	6	754	546	40.74444921	-73.98303529	168	40.73971301	-73.99456405	1
0	6	42116	483	40.73223272	-73.98889957	417	40.71291224	-74.01020234	1
0	6	5054	540	40.74147286	-73.98320928	435	40.74173969	-73.99415556	1
0	6	19347	237	40.73047309	-73.98672378	519	40.75188406	-73.97770164	1
0	6	686	529	40.7575699	-73.99098507	305	40.76095756	-73.96724467	1
0	6	36827	477	40.75640548	-73.9900262	417	40.71291224	-74.01020234	1
0	6	609	366	40.693261	-73.968896	323	40.69236178	-73.98631746	1
0	6	1493	472	40.7457121	-73.98194829	527	40.74315566	-73.97434726	2
0	6	4556	406	40.69512845	-73.99595065	143	40.69239502	-73.99337909	1
0	6	936	513	40.768254	-73.988639	499	40.76915505	-73.98191841	1
0	6	1527	509	40.7454973	-74.00197139	284	40.7390169121	-74.0026376103	1
0	6	373	504	40.73221853	-73.98165557	536	40.74144387	-73.97536082	1
0	6	13820	2021	40.75929124	-73.98859651	521	40.75044999	-73.99481051	1
0	6	42117	445	40.72740794	-73.98142006	493	40.7568001	-73.98291153	1
0	6	807	341	40.71782143	-73.97628939	311	40.7172274	-73.98802084	1
0	6	38628	478	40.76030096	-73.99884222	486	40.7462009	-73.98855723	1
0	6	1119	521	40.75044999	-73.99481051	463	40.74206539	-74.00443172	2
0	6	744	462	40.74691959	-74.00451887	327	40.7153379	-74.01658354	1
0	6	544	128	40.72710258	-74.00297088	465	40.75513557	-73.98658032	1
0	6	8455	264	40.70706456	-74.00731853	152	40.71473993	-74.00910627	1
0	6	641	515	40.76009437	-73.99461843	510	40.7606597	-73.98042047	1
0	6	24268	444	40.7423543	-73.98915076	330	40.71450451	-74.00562789	1
0	6	856	479	40.76019252	-73.9912551	318	40.75320159	-73.9779874	1
0	6	774	492	40.75019995	-73.99093085	536	40.74144387	-73.97536082	3
0	6	9930	540	40.74147286	-73.98320928	402	40.7403432	-73.98955109	1
0	6	280	477	40.75640548	-73.9900262	422	40.770513	-73.988038	1
0	6	35938	350	40.71559509	-73.9870295	294	40.73049393	-73.9957214	1
0	6	740	477	40.75640548	-73.9900262	367	40.75828065	-73.97069431	1
0	6	1431	223	40.73781509	-73.99994661	223	40.73781509	-73.99994661	1
0	6	23136	478	40.76030096	-73.99884222	2021	40.75929124	-73.98859651	1
0	6	776	476	40.74394314	-73.97966069	173	40.76064679	-73.98442659	1
0	6	15008	2008	40.70569254	-74.01677685	450	40.76227205	-73.98788205	1
0	6	42118	358	40.73291553	-74.00711384	212	40.74334935	-74.00681753	1
0	6	835	527	40.74315566	-73.97434726	524	40.75527307	-73.98316936	1
0	6	6148	454	40.75455731	-73.96592976	422	40.770513	-73.988038	1
0	6	42119	293	40.73028666	-73.9907647	484	40.75500254	-73.98014437	1
0	6	24335	417	40.71291224	-74.01020234	367	40.75828065	-73.97069431	1
0	6	35217	379	40.749156	-73.9916	538	40.75795248	-73.97787642	1
0	6	22135	2022	40.75849116	-73.95920622	459	40.746745	-74.007756	1
0	6	12127	468	40.7652654	-73.98192338	367	40.75828065	-73.97069431	1
0	6	35215	341	40.71782143	-73.97628939	116	40.74177603	-74.00149746	1
0	6	2606	480	40.76669671	-73.99061728	450	40.76227205	-73.98788205	1
0	6	796	379	40.749156	-73.9916	497	40.73704984	-73.99009296	1
0	6	8070	485	40.75038009	-73.98338988	472	40.7457121	-73.98194829	1
0	6	3223	511	40.72938685	-73.97772429	435	40.74173969	-73.99415556	1
0	6	833	417	40.71291224	-74.01020234	534	40.70255065	-74.0127234	1
0	6	32693	488	40.75645824	-73.99372222	127	40.73172428	-74.00674436	1
0	6	10427	529	40.7575699	-73.99098507	521	40.75044999	-73.99481051	1
0	6	42120	264	40.70706456	-74.00731853	267	40.75097711	-73.98765428	1
0	6	880	529	40.7575699	-73.99098507	173	40.76064679	-73.98442659	1
0	6	817	320	40.71743998	-74.00583475	417	40.71291224	-74.01020234	1
0	6	4288	514	40.76087502	-74.00277668	524	40.75527307	-73.98316936	1
0	6	568	477	40.75640548	-73.9900262	456	40.7597108	-73.97402311	1
0	6	820	511	40.72938685	-73.97772429	257	40.71939226	-74.00247214	1
0	6	39578	422	40.770513	-73.988038	504	40.73221853	-73.98165557	1
0	6	42121	2003	40.73416059	-73.98024289	516	40.75206862	-73.96784384	1
0	6	881	174	40.7381765	-73.97738662	422	40.770513	-73.988038	1
0	6	979	477	40.75640548	-73.9900262	402	40.7403432	-73.98955109	1
0	6	25480	490	40.751551	-73.993934	329	40.72043411	-74.01020609	1
0	6	20073	521	40.75044999	-73.99481051	281	40.7643971	-73.97371465	3
0	6	23634	368	40.73038599	-74.00214988	446	40.74487634	-73.99529885	1
0	6	12038	546	40.74444921	-73.98303529	440	40.75255434	-73.97282625	1
0	6	1980	492	40.75019995	-73.99093085	510	40.7606597	-73.98042047	1
0	6	24194	368	40.73038599	-74.00214988	309	40.7149787	-74.013012	1
0	6	30514	153	40.752062307	-73.9816324043	477	40.75640548	-73.9900262	1
0	6	1109	263	40.71729	-73.996375	417	40.71291224	-74.01020234	2
0	6	3475	244	40.69196035	-73.96536851	324	40.689888	-73.981013	1
0	6	805	422	40.770513	-73.988038	359	40.75510267	-73.97498696	1
0	6	2660	223	40.73781509	-73.99994661	309	40.7149787	-74.013012	1
0	6	42122	520	40.75992262	-73.97648516	267	40.75097711	-73.98765428	1
0	6	16781	441	40.756014	-73.967416	528	40.74290902	-73.97706058	1
0	6	656	379	40.749156	-73.9916	475	40.73524276	-73.98758561	1
0	6	19743	494	40.74734825	-73.99723551	336	40.73047747	-73.99906065	1
0	6	865	488	40.75645824	-73.99372222	327	40.7153379	-74.01658354	1
0	6	839	521	40.75044999	-73.99481051	337	40.7037992	-74.00838676	1
0	6	1786	492	40.75019995	-73.99093085	352	40.76340613	-73.97722479	1
0	6	42123	527	40.74315566	-73.97434726	486	40.7462009	-73.98855723	1
0	6	15817	503	40.73827428	-73.98751968	511	40.72938685	-73.97772429	1
0	6	3236	461	40.73587678	-73.98205027	461	40.73587678	-73.98205027	1
0	6	843	342	40.71739973	-73.98016555	417	40.71291224	-74.01020234	1
0	6	37511	238	40.7361967	-74.00859207	472	40.7457121	-73.98194829	1
0	6	21830	490	40.751551	-73.993934	525	40.75594159	-74.0021163	2
0	6	1509	490	40.751551	-73.993934	520	40.75992262	-73.97648516	1
0	6	769	492	40.75019995	-73.99093085	456	40.7597108	-73.97402311	1
0	6	851	492	40.75019995	-73.99093085	359	40.75510267	-73.97498696	2
0	6	25727	536	40.74144387	-73.97536082	517	40.75149263	-73.97798848	1
0	6	5957	490	40.751551	-73.993934	450	40.76227205	-73.98788205	1
0	6	10013	369	40.73224119	-74.00026394	253	40.73543934	-73.99453948	1
0	6	7154	318	40.75320159	-73.9779874	305	40.76095756	-73.96724467	1
0	6	853	492	40.75019995	-73.99093085	511	40.72938685	-73.97772429	1
0	6	1460	457	40.76695317	-73.98169333	367	40.75828065	-73.97069431	1
0	6	862	521	40.75044999	-73.99481051	325	40.73624527	-73.98473765	2
0	6	24311	262	40.69178232	-73.97372989	382	40.73492695	-73.99200509	1
0	6	42124	236	40.7284186	-73.98713956	212	40.74334935	-74.00681753	1
0	6	894	263	40.71729	-73.996375	309	40.7149787	-74.013012	1
0	6	26367	492	40.75019995	-73.99093085	496	40.73726186	-73.99238967	1
0	6	761	502	40.714215	-73.981346	311	40.7172274	-73.98802084	1
0	6	649	327	40.7153379	-74.01658354	329	40.72043411	-74.01020609	3
0	6	42125	418	40.70224	-73.982578	438	40.72779126	-73.98564945	1
0	6	905	406	40.69512845	-73.99595065	406	40.69512845	-73.99595065	1
0	6	24668	511	40.72938685	-73.97772429	440	40.75255434	-73.97282625	1
0	6	5462	387	40.71273266	-74.0046073	306	40.70823502	-74.00530063	1
0	6	883	492	40.75019995	-73.99093085	538	40.75795248	-73.97787642	1
0	6	1200	490	40.751551	-73.993934	447	40.76370739	-73.9851615	2
0	6	42126	468	40.7652654	-73.98192338	351	40.70530954	-74.00612572	1
0	6	18504	515	40.76009437	-73.99461843	284	40.7390169121	-74.0026376103	1
0	6	35229	477	40.75640548	-73.9900262	357	40.73261787	-73.99158043	1
0	6	1048	519	40.75188406	-73.97770164	527	40.74315566	-73.97434726	2
0	6	9774	394	40.72521311	-73.97768752	402	40.7403432	-73.98955109	1
0	6	837	492	40.75019995	-73.99093085	318	40.75320159	-73.9779874	1
0	6	30660	422	40.770513	-73.988038	536	40.74144387	-73.97536082	1
0	6	30664	294	40.73049393	-73.9957214	432	40.72621788	-73.98379855	1
0	6	2767	428	40.72467721	-73.98783413	517	40.75149263	-73.97798848	1
0	6	545	328	40.72405549	-74.00965965	309	40.7149787	-74.013012	1
0	6	24299	532	40.710451	-73.960876	384	40.68317813	-73.9659641	1
0	6	16135	379	40.749156	-73.9916	334	40.74238787	-73.99726235	1
0	6	42127	83	40.68382604	-73.97632328	444	40.7423543	-73.98915076	1
0	6	42128	358	40.73291553	-74.00711384	173	40.76064679	-73.98442659	1
0	6	981	173	40.76064679	-73.98442659	450	40.76227205	-73.98788205	1
0	6	3257	523	40.75466591	-73.99138152	459	40.746745	-74.007756	1
0	6	8363	529	40.7575699	-73.99098507	447	40.76370739	-73.9851615	1
0	6	20225	326	40.72953837	-73.98426726	461	40.73587678	-73.98205027	1
0	6	24590	436	40.68216564	-73.95399026	436	40.68216564	-73.95399026	1
0	6	1009	492	40.75019995	-73.99093085	522	40.75714758	-73.97207836	2
0	6	903	358	40.73291553	-74.00711384	359	40.75510267	-73.97498696	1
0	6	9586	382	40.73492695	-73.99200509	540	40.74147286	-73.98320928	1
0	6	17763	291	40.713126	-73.984844	306	40.70823502	-74.00530063	1
0	6	8553	517	40.75149263	-73.97798848	472	40.7457121	-73.98194829	1
0	6	923	488	40.75645824	-73.99372222	147	40.71542197	-74.01121978	1
0	6	28953	533	40.75299641	-73.98721619	466	40.74395411	-73.99144871	1
0	6	5250	492	40.75019995	-73.99093085	167	40.7489006	-73.97604882	1
0	6	971	529	40.7575699	-73.99098507	457	40.76695317	-73.98169333	2
0	6	934	448	40.75660359	-73.9979009	484	40.75500254	-73.98014437	1
0	6	679	477	40.75640548	-73.9900262	510	40.7606597	-73.98042047	1
0	6	24291	490	40.751551	-73.993934	253	40.73543934	-73.99453948	1
0	6	697	317	40.72453734	-73.98185424	285	40.73454567	-73.99074142	1
0	6	22346	490	40.751551	-73.993934	499	40.76915505	-73.98191841	1
0	6	28257	315	40.70355377	-74.00670227	387	40.71273266	-74.0046073	1
0	6	42129	523	40.75466591	-73.99138152	455	40.75001986	-73.96905301	1
0	6	3151	332	40.71219906	-73.97948148	472	40.7457121	-73.98194829	1
0	6	24314	325	40.73624527	-73.98473765	264	40.70706456	-74.00731853	1
0	6	42130	160	40.748238	-73.978311	510	40.7606597	-73.98042047	1
0	6	7952	285	40.73454567	-73.99074142	128	40.72710258	-74.00297088	1
0	6	3186	302	40.72082834	-73.97793172	428	40.72467721	-73.98783413	1
0	6	973	387	40.71273266	-74.0046073	309	40.7149787	-74.013012	1
0	6	908	477	40.75640548	-73.9900262	538	40.75795248	-73.97787642	1
0	6	28092	280	40.73331967	-73.99510132	128	40.72710258	-74.00297088	1
0	6	13258	146	40.71625008	-74.0091059	329	40.72043411	-74.01020609	2
0	6	6778	147	40.71542197	-74.01121978	320	40.71743998	-74.00583475	1
0	6	901	238	40.7361967	-74.00859207	327	40.7153379	-74.01658354	1
0	6	1095	127	40.73172428	-74.00674436	247	40.73535398	-74.00483091	1
0	6	42131	460	40.71285887	-73.96590294	454	40.75455731	-73.96592976	1
0	6	946	515	40.76009437	-73.99461843	359	40.75510267	-73.97498696	1
0	6	868	264	40.70706456	-74.00731853	309	40.7149787	-74.013012	1
0	6	25585	128	40.72710258	-74.00297088	327	40.7153379	-74.01658354	1
0	6	34143	528	40.74290902	-73.97706058	536	40.74144387	-73.97536082	1
0	6	10689	512	40.7500727	-73.99839279	519	40.75188406	-73.97770164	1
0	6	929	379	40.749156	-73.9916	253	40.73543934	-73.99453948	1
0	6	963	379	40.749156	-73.9916	519	40.75188406	-73.97770164	1
0	6	6092	305	40.76095756	-73.96724467	469	40.76344058	-73.98268129	1
0	6	32049	526	40.74765947	-73.98490707	545	40.736502	-73.97809472	1
0	6	909	379	40.749156	-73.9916	527	40.74315566	-73.97434726	1
0	6	42132	143	40.69239502	-73.99337909	510	40.7606597	-73.98042047	1
0	6	26368	492	40.75019995	-73.99093085	72	40.76727216	-73.99392888	1
0	6	766	334	40.74238787	-73.99726235	253	40.73543934	-73.99453948	1
0	6	20253	453	40.74475148	-73.99915362	477	40.75640548	-73.9900262	1
0	6	922	485	40.75038009	-73.98338988	510	40.7606597	-73.98042047	1
0	6	38212	410	40.72066442	-73.98517977	297	40.734232	-73.986923	1
0	6	1857	523	40.75466591	-73.99138152	497	40.73704984	-73.99009296	1
0	6	925	379	40.749156	-73.9916	153	40.752062307	-73.9816324043	2
0	6	803	521	40.75044999	-73.99481051	367	40.75828065	-73.97069431	1
0	6	911	144	40.69839895	-73.98068914	430	40.7014851	-73.98656928	1
0	6	7548	517	40.75149263	-73.97798848	536	40.74144387	-73.97536082	1
0	6	21118	468	40.7652654	-73.98192338	422	40.770513	-73.988038	1
0	6	1227	488	40.75645824	-73.99372222	444	40.7423543	-73.98915076	1
0	6	945	379	40.749156	-73.9916	290	40.76020258	-73.96478473	1
0	6	1078	492	40.75019995	-73.99093085	440	40.75255434	-73.97282625	2
0	6	24241	515	40.76009437	-73.99461843	2012	40.739445	-73.976806	1
0	6	961	379	40.749156	-73.9916	474	40.7451677	-73.98683077	1
0	6	3756	363	40.70834698	-74.01713445	2008	40.70569254	-74.01677685	1
0	6	4778	379	40.749156	-73.9916	228	40.7546011026	-73.971878855	1
0	6	3602	379	40.749156	-73.9916	167	40.7489006	-73.97604882	1
0	6	2668	477	40.75640548	-73.9900262	440	40.75255434	-73.97282625	1
0	6	943	327	40.7153379	-74.01658354	417	40.71291224	-74.01020234	1
0	6	11364	318	40.75320159	-73.9779874	456	40.7597108	-73.97402311	1
0	6	42133	433	40.72955361	-73.98057249	267	40.75097711	-73.98765428	1
0	6	17138	351	40.70530954	-74.00612572	259	40.70122128	-74.01234218	1
0	6	11832	260	40.70365182	-74.01167797	260	40.70365182	-74.01167797	1
0	6	951	507	40.73912601	-73.97973776	510	40.7606597	-73.98042047	1
0	6	1870	325	40.73624527	-73.98473765	290	40.76020258	-73.96478473	1
0	6	13248	257	40.71939226	-74.00247214	329	40.72043411	-74.01020609	1
0	6	990	531	40.71893904	-73.99266288	417	40.71291224	-74.01020234	1
0	6	17513	482	40.73935542	-73.99931783	2008	40.70569254	-74.01677685	1
0	6	1008	521	40.75044999	-73.99481051	458	40.751396	-74.005226	3
0	6	900	492	40.75019995	-73.99093085	537	40.74025878	-73.98409214	2
0	6	801	421	40.69573398	-73.97129668	430	40.7014851	-73.98656928	1
0	6	1326	490	40.751551	-73.993934	508	40.76341379	-73.99667444	4
0	6	39584	152	40.71473993	-74.00910627	173	40.76064679	-73.98442659	1
0	6	724	237	40.73047309	-73.98672378	285	40.73454567	-73.99074142	1
0	6	30845	453	40.74475148	-73.99915362	519	40.75188406	-73.97770164	1
0	6	832	448	40.75660359	-73.9979009	173	40.76064679	-73.98442659	1
0	6	24300	518	40.74780373	-73.9734419	334	40.74238787	-73.99726235	1
0	6	31760	391	40.69760127	-73.99344559	430	40.7014851	-73.98656928	1
0	6	42134	317	40.72453734	-73.98185424	352	40.76340613	-73.97722479	1
0	6	34752	462	40.74691959	-74.00451887	525	40.75594159	-74.0021163	2
0	6	33952	336	40.73047747	-73.99906065	459	40.746745	-74.007756	1
0	6	682	415	40.7047177	-74.00926027	225	40.74195138	-74.00803013	1
0	6	994	417	40.71291224	-74.01020234	233	40.69246277	-73.98963911	1
0	6	36294	379	40.749156	-73.9916	517	40.75149263	-73.97798848	2
0	6	18830	488	40.75645824	-73.99372222	268	40.71910537	-73.99973337	1
0	6	29482	352	40.76340613	-73.97722479	463	40.74206539	-74.00443172	1
0	6	20789	504	40.73221853	-73.98165557	150	40.7208736	-73.98085795	1
0	6	35363	280	40.73331967	-73.99510132	284	40.7390169121	-74.0026376103	1
0	6	42135	516	40.75206862	-73.96784384	516	40.75206862	-73.96784384	1
0	6	1002	521	40.75044999	-73.99481051	527	40.74315566	-73.97434726	1
0	6	1649	79	40.71911552	-74.00666661	146	40.71625008	-74.0091059	1
0	6	993	492	40.75019995	-73.99093085	486	40.7462009	-73.98855723	1
0	6	24050	477	40.75640548	-73.9900262	490	40.751551	-73.993934	1
0	6	982	488	40.75645824	-73.99372222	500	40.76228826	-73.98336183	1
0	6	998	521	40.75044999	-73.99481051	315	40.70355377	-74.00670227	1
0	6	41639	529	40.7575699	-73.99098507	405	40.739323	-74.008119	1
0	6	33314	492	40.75019995	-73.99093085	528	40.74290902	-73.97706058	1
0	6	987	528	40.74290902	-73.97706058	461	40.73587678	-73.98205027	1
0	6	8318	320	40.71743998	-74.00583475	2010	40.72165481	-74.00234737	1
0	6	1264	302	40.72082834	-73.97793172	521	40.75044999	-73.99481051	1
0	6	4108	466	40.74395411	-73.99144871	510	40.7606597	-73.98042047	1
0	6	33220	467	40.68312489	-73.97895137	2002	40.716887	-73.963198	1
0	6	3738	394	40.72521311	-73.97768752	545	40.736502	-73.97809472	1
0	6	24499	486	40.7462009	-73.98855723	450	40.76227205	-73.98788205	1
0	6	6601	464	40.75934501	-73.96759673	457	40.76695317	-73.98169333	1
0	6	37688	461	40.73587678	-73.98205027	350	40.71559509	-73.9870295	1
0	6	999	483	40.73223272	-73.98889957	253	40.73543934	-73.99453948	1
0	6	42136	276	40.71748752	-74.0104554	291	40.713126	-73.984844	1
0	6	784	453	40.74475148	-73.99915362	173	40.76064679	-73.98442659	1
0	6	1118	492	40.75019995	-73.99093085	484	40.75500254	-73.98014437	1
0	6	933	545	40.736502	-73.97809472	518	40.74780373	-73.9734419	1
0	6	26518	160	40.748238	-73.978311	520	40.75992262	-73.97648516	1
0	6	12210	529	40.7575699	-73.99098507	164	40.75323098	-73.97032517	1
0	6	966	511	40.72938685	-73.97772429	174	40.7381765	-73.97738662	1
0	6	5940	521	40.75044999	-73.99481051	318	40.75320159	-73.9779874	2
0	6	1020	521	40.75044999	-73.99481051	515	40.76009437	-73.99461843	1
0	6	2456	468	40.7652654	-73.98192338	456	40.7597108	-73.97402311	1
0	6	719	521	40.75044999	-73.99481051	457	40.76695317	-73.98169333	1
0	6	14144	503	40.73827428	-73.98751968	487	40.73314259	-73.97573881	1
0	6	1953	241	40.68981035	-73.97493121	324	40.689888	-73.981013	2
0	6	3785	461	40.73587678	-73.98205027	164	40.75323098	-73.97032517	1
0	6	28286	540	40.74147286	-73.98320928	281	40.7643971	-73.97371465	1
0	6	1027	259	40.70122128	-74.01234218	502	40.714215	-73.981346	1
0	6	1864	433	40.72955361	-73.98057249	285	40.73454567	-73.99074142	1
0	6	977	477	40.75640548	-73.9900262	500	40.76228826	-73.98336183	1
0	6	12214	505	40.74901271	-73.98848395	153	40.752062307	-73.9816324043	1
0	6	2290	477	40.75640548	-73.9900262	264	40.70706456	-74.00731853	1
0	6	8200	505	40.74901271	-73.98848395	484	40.75500254	-73.98014437	2
0	6	42137	485	40.75038009	-73.98338988	516	40.75206862	-73.96784384	1
0	6	612	477	40.75640548	-73.9900262	546	40.74444921	-73.98303529	1
0	6	21300	164	40.75323098	-73.97032517	441	40.756014	-73.967416	1
0	6	1097	477	40.75640548	-73.9900262	536	40.74144387	-73.97536082	1
0	6	1330	153	40.752062307	-73.9816324043	518	40.74780373	-73.9734419	1
0	6	11220	488	40.75645824	-73.99372222	304	40.70463334	-74.01361706	1
0	6	593	492	40.75019995	-73.99093085	153	40.752062307	-73.9816324043	1
0	6	35546	472	40.7457121	-73.98194829	359	40.75510267	-73.97498696	1
0	6	15107	520	40.75992262	-73.97648516	510	40.7606597	-73.98042047	1
0	6	15537	402	40.7403432	-73.98955109	461	40.73587678	-73.98205027	1
0	6	1410	363	40.70834698	-74.01713445	309	40.7149787	-74.013012	2
0	6	9347	487	40.73314259	-73.97573881	426	40.71754834	-74.01322069	1
0	6	23537	297	40.734232	-73.986923	536	40.74144387	-73.97536082	2
0	6	25824	438	40.72779126	-73.98564945	358	40.73291553	-74.00711384	1
0	6	12889	493	40.7568001	-73.98291153	318	40.75320159	-73.9779874	1
0	6	12721	301	40.72217444	-73.98368779	251	40.72317958	-73.99480012	1
0	6	864	366	40.693261	-73.968896	324	40.689888	-73.981013	1
0	6	20164	301	40.72217444	-73.98368779	471	40.71286844	-73.95698119	1
0	6	763	152	40.71473993	-74.00910627	329	40.72043411	-74.01020609	1
0	6	842	477	40.75640548	-73.9900262	352	40.76340613	-73.97722479	1
0	6	40342	325	40.73624527	-73.98473765	367	40.75828065	-73.97069431	1
0	6	9922	446	40.74487634	-73.99529885	334	40.74238787	-73.99726235	1
0	6	1130	478	40.76030096	-73.99884222	127	40.73172428	-74.00674436	1
0	6	985	515	40.76009437	-73.99461843	318	40.75320159	-73.9779874	2
0	6	18712	488	40.75645824	-73.99372222	448	40.75660359	-73.9979009	1
0	6	24681	487	40.73314259	-73.97573881	540	40.74147286	-73.98320928	1
0	6	4558	518	40.74780373	-73.9734419	351	40.70530954	-74.00612572	1
0	6	24324	395	40.68807003	-73.98410637	309	40.7149787	-74.013012	1
0	6	1016	492	40.75019995	-73.99093085	367	40.75828065	-73.97069431	1
0	6	8320	517	40.75149263	-73.97798848	458	40.751396	-74.005226	1
0	6	7091	405	40.739323	-74.008119	329	40.72043411	-74.01020609	1
0	6	1005	529	40.7575699	-73.99098507	267	40.75097711	-73.98765428	1
0	6	6324	401	40.72019576	-73.98997825	442	40.746647	-73.993915	1
0	6	848	403	40.72502876	-73.99069656	417	40.71291224	-74.01020234	1
0	6	1396	417	40.71291224	-74.01020234	329	40.72043411	-74.01020609	2
0	6	1430	306	40.70823502	-74.00530063	309	40.7149787	-74.013012	1
0	6	642	483	40.73223272	-73.98889957	301	40.72217444	-73.98368779	1
0	6	1046	528	40.74290902	-73.97706058	352	40.76340613	-73.97722479	1
0	6	6576	507	40.73912601	-73.97973776	518	40.74780373	-73.9734419	1
0	6	1117	358	40.73291553	-74.00711384	402	40.7403432	-73.98955109	1
0	6	23614	406	40.69512845	-73.99595065	395	40.68807003	-73.98410637	1
0	6	1033	168	40.73971301	-73.99456405	510	40.7606597	-73.98042047	1
0	6	42138	471	40.71286844	-73.95698119	450	40.76227205	-73.98788205	1
0	6	18483	164	40.75323098	-73.97032517	301	40.72217444	-73.98368779	1
0	6	844	521	40.75044999	-73.99481051	456	40.7597108	-73.97402311	1
0	6	2763	521	40.75044999	-73.99481051	329	40.72043411	-74.01020609	1
0	6	906	358	40.73291553	-74.00711384	426	40.71754834	-74.01322069	1
0	6	35239	509	40.7454973	-74.00197139	2021	40.75929124	-73.98859651	1
0	6	23898	461	40.73587678	-73.98205027	312	40.722055	-73.989111	1
0	6	24332	477	40.75640548	-73.9900262	517	40.75149263	-73.97798848	1
0	6	20735	490	40.751551	-73.993934	484	40.75500254	-73.98014437	1
0	6	1231	529	40.7575699	-73.99098507	450	40.76227205	-73.98788205	1
0	6	2849	521	40.75044999	-73.99481051	2010	40.72165481	-74.00234737	1
0	6	24750	393	40.72299208	-73.97995466	147	40.71542197	-74.01121978	1
0	6	780	318	40.75320159	-73.9779874	493	40.7568001	-73.98291153	2
0	6	36027	285	40.73454567	-73.99074142	260	40.70365182	-74.01167797	1
0	6	35133	499	40.76915505	-73.98191841	312	40.722055	-73.989111	1
0	6	12202	462	40.74691959	-74.00451887	459	40.746745	-74.007756	1
0	6	216	296	40.71413089	-73.9970468	296	40.71413089	-73.9970468	1
0	6	1563	116	40.74177603	-74.00149746	168	40.73971301	-73.99456405	1
0	6	11213	237	40.73047309	-73.98672378	432	40.72621788	-73.98379855	1
0	6	42140	350	40.71559509	-73.9870295	137	40.761628	-73.972924	1
0	6	3981	297	40.734232	-73.986923	521	40.75044999	-73.99481051	1
0	6	4161	422	40.770513	-73.988038	228	40.7546011026	-73.971878855	1
0	6	31741	267	40.75097711	-73.98765428	284	40.7390169121	-74.0026376103	1
0	6	24390	524	40.75527307	-73.98316936	456	40.7597108	-73.97402311	1
0	6	7535	224	40.71146364	-74.00552427	309	40.7149787	-74.013012	1
0	6	8472	508	40.76341379	-73.99667444	447	40.76370739	-73.9851615	1
0	6	22181	521	40.75044999	-73.99481051	453	40.74475148	-73.99915362	1
0	6	42141	508	40.76341379	-73.99667444	538	40.75795248	-73.97787642	1
0	6	24325	475	40.73524276	-73.98758561	359	40.75510267	-73.97498696	1
0	6	1107	406	40.69512845	-73.99595065	233	40.69246277	-73.98963911	2
0	6	10984	297	40.734232	-73.986923	497	40.73704984	-73.99009296	1
0	6	16063	529	40.7575699	-73.99098507	484	40.75500254	-73.98014437	1
0	6	10147	329	40.72043411	-74.01020609	152	40.71473993	-74.00910627	1
0	6	42142	2002	40.716887	-73.963198	261	40.69474881	-73.98362464	1
0	6	10676	505	40.74901271	-73.98848395	137	40.761628	-73.972924	1
0	6	834	499	40.76915505	-73.98191841	137	40.761628	-73.972924	2
0	6	11930	352	40.76340613	-73.97722479	422	40.770513	-73.988038	1
0	6	8273	361	40.71605866	-73.99190759	458	40.751396	-74.005226	1
0	6	1121	448	40.75660359	-73.9979009	479	40.76019252	-73.9912551	1
0	6	34598	439	40.7262807	-73.98978041	519	40.75188406	-73.97770164	1
0	6	42143	310	40.68926942	-73.98912867	319	40.71336124	-74.00937622	1
0	6	1162	523	40.75466591	-73.99138152	501	40.744219	-73.97121214	1
0	6	42144	264	40.70706456	-74.00731853	167	40.7489006	-73.97604882	1
0	6	42145	300	40.728145	-73.990214	387	40.71273266	-74.0046073	1
0	6	1074	422	40.770513	-73.988038	500	40.76228826	-73.98336183	1
0	6	613	488	40.75645824	-73.99372222	458	40.751396	-74.005226	2
0	6	884	529	40.7575699	-73.99098507	510	40.7606597	-73.98042047	1
0	6	19014	508	40.76341379	-73.99667444	459	40.746745	-74.007756	1
0	6	58	435	40.74173969	-73.99415556	462	40.74691959	-74.00451887	1
0	6	30518	441	40.756014	-73.967416	472	40.7457121	-73.98194829	1
0	6	6066	2009	40.71117444	-73.99682619	315	40.70355377	-74.00670227	1
0	6	24405	301	40.72217444	-73.98368779	435	40.74173969	-73.99415556	1
0	6	17777	320	40.71743998	-74.00583475	426	40.71754834	-74.01322069	1
0	6	34458	461	40.73587678	-73.98205027	456	40.7597108	-73.97402311	1
0	6	35259	289	40.6845683	-73.95881081	271	40.68528172	-73.97805813	1
0	6	580	363	40.70834698	-74.01713445	327	40.7153379	-74.01658354	1
0	6	37746	306	40.70823502	-74.00530063	486	40.7462009	-73.98855723	1
0	6	1298	318	40.75320159	-73.9779874	352	40.76340613	-73.97722479	2
0	6	4690	426	40.71754834	-74.01322069	225	40.74195138	-74.00803013	1
0	6	1687	380	40.73401143	-74.00293877	426	40.71754834	-74.01322069	1
0	6	1018	536	40.74144387	-73.97536082	174	40.7381765	-73.97738662	1
0	6	13814	254	40.73532427	-73.99800419	348	40.72490985	-74.00154702	1
0	6	20382	492	40.75019995	-73.99093085	459	40.746745	-74.007756	1
0	6	1771	422	40.770513	-73.988038	510	40.7606597	-73.98042047	1
0	6	1510	523	40.75466591	-73.99138152	359	40.75510267	-73.97498696	2
0	6	6763	306	40.70823502	-74.00530063	229	40.72743423	-73.99379025	1
0	6	4957	247	40.73535398	-74.00483091	195	40.70905623	-74.01043382	1
0	6	20394	523	40.75466591	-73.99138152	486	40.7462009	-73.98855723	1
0	6	35269	238	40.7361967	-74.00859207	538	40.75795248	-73.97787642	1
0	6	2349	432	40.72621788	-73.98379855	432	40.72621788	-73.98379855	1
0	6	35555	368	40.73038599	-74.00214988	2006	40.76590936	-73.97634151	1
0	6	10680	517	40.75149263	-73.97798848	444	40.7423543	-73.98915076	1
0	6	42146	465	40.75513557	-73.98658032	516	40.75206862	-73.96784384	1
0	6	9728	490	40.751551	-73.993934	514	40.76087502	-74.00277668	1
0	6	24361	437	40.6809833854	-73.9500479759	391	40.69760127	-73.99344559	1
0	6	1682	521	40.75044999	-73.99481051	305	40.76095756	-73.96724467	1
0	6	25700	311	40.7172274	-73.98802084	232	40.69597683	-73.99014892	1
0	6	16708	237	40.73047309	-73.98672378	254	40.73532427	-73.99800419	1
0	6	24737	486	40.7462009	-73.98855723	510	40.7606597	-73.98042047	1
0	6	1001	369	40.73224119	-74.00026394	306	40.70823502	-74.00530063	1
0	6	11788	521	40.75044999	-73.99481051	435	40.74173969	-73.99415556	1
0	6	869	521	40.75044999	-73.99481051	500	40.76228826	-73.98336183	1
0	6	42147	312	40.722055	-73.989111	168	40.73971301	-73.99456405	1
0	6	3933	317	40.72453734	-73.98185424	518	40.74780373	-73.9734419	1
0	6	8635	116	40.74177603	-74.00149746	519	40.75188406	-73.97770164	1
0	6	1826	296	40.71413089	-73.9970468	417	40.71291224	-74.01020234	1
0	6	4370	223	40.73781509	-73.99994661	463	40.74206539	-74.00443172	1
0	6	1966	237	40.73047309	-73.98672378	127	40.73172428	-74.00674436	1
0	6	30104	297	40.734232	-73.986923	347	40.72873888	-74.00748842	1
0	6	33031	448	40.75660359	-73.9979009	505	40.74901271	-73.98848395	1
0	6	892	448	40.75660359	-73.9979009	329	40.72043411	-74.01020609	1
0	6	24492	487	40.73314259	-73.97573881	388	40.749717753	-74.002950346	1
0	6	1386	127	40.73172428	-74.00674436	147	40.71542197	-74.01121978	1
0	6	1086	332	40.71219906	-73.97948148	307	40.71427487	-73.98990025	1
0	6	1157	271	40.68528172	-73.97805813	261	40.69474881	-73.98362464	1
0	6	6725	432	40.72621788	-73.98379855	79	40.71911552	-74.00666661	1
0	6	6828	509	40.7454973	-74.00197139	254	40.73532427	-73.99800419	1
0	6	6118	160	40.748238	-73.978311	492	40.75019995	-73.99093085	1
0	6	3641	280	40.73331967	-73.99510132	285	40.73454567	-73.99074142	1
0	6	35321	457	40.76695317	-73.98169333	285	40.73454567	-73.99074142	1
0	6	37747	164	40.75323098	-73.97032517	359	40.75510267	-73.97498696	1
0	6	4593	383	40.735238	-74.000271	323	40.69236178	-73.98631746	1
0	6	42149	302	40.72082834	-73.97793172	347	40.72873888	-74.00748842	1
0	6	781	443	40.70853074	-73.96408963	384	40.68317813	-73.9659641	1
0	6	1199	410	40.72066442	-73.98517977	323	40.69236178	-73.98631746	1
0	6	11001	459	40.746745	-74.007756	484	40.75500254	-73.98014437	1
0	6	35221	297	40.734232	-73.986923	415	40.7047177	-74.00926027	1
0	6	31416	326	40.72953837	-73.98426726	2021	40.75929124	-73.98859651	1
0	6	941	290	40.76020258	-73.96478473	527	40.74315566	-73.97434726	1
0	6	10475	294	40.73049393	-73.9957214	380	40.73401143	-74.00293877	1
0	6	1347	157	40.69089272	-73.99612349	314	40.69424674	-73.99215922	1
0	6	1098	327	40.7153379	-74.01658354	309	40.7149787	-74.013012	1
0	6	8054	521	40.75044999	-73.99481051	536	40.74144387	-73.97536082	1
0	6	794	492	40.75019995	-73.99093085	527	40.74315566	-73.97434726	1
0	6	14098	280	40.73331967	-73.99510132	223	40.73781509	-73.99994661	1
0	6	514	428	40.72467721	-73.98783413	252	40.73226398	-73.99852205	1
0	6	12053	2009	40.71117444	-73.99682619	331	40.71173107	-73.99193043	1
0	6	2408	271	40.68528172	-73.97805813	392	40.695065	-73.987167	1
0	6	16038	488	40.75645824	-73.99372222	486	40.7462009	-73.98855723	1
0	6	12316	433	40.72955361	-73.98057249	483	40.73223272	-73.98889957	1
0	6	42150	405	40.739323	-74.008119	517	40.75149263	-73.97798848	1
0	6	24375	447	40.76370739	-73.9851615	442	40.746647	-73.993915	1
0	6	1260	471	40.71286844	-73.95698119	2002	40.716887	-73.963198	1
0	6	2953	2021	40.75929124	-73.98859651	520	40.75992262	-73.97648516	1
0	6	31720	229	40.72743423	-73.99379025	426	40.71754834	-74.01322069	1
0	6	42152	237	40.73047309	-73.98672378	327	40.7153379	-74.01658354	1
0	6	1123	545	40.736502	-73.97809472	527	40.74315566	-73.97434726	1
0	6	4371	271	40.68528172	-73.97805813	390	40.69221589	-73.9842844	1
0	6	1269	365	40.68223166	-73.9614583	437	40.6809833854	-73.9500479759	1
0	6	6797	432	40.72621788	-73.98379855	348	40.72490985	-74.00154702	1
0	6	35750	375	40.72679454	-73.99695094	518	40.74780373	-73.9734419	1
0	6	653	346	40.73652889	-74.00618026	318	40.75320159	-73.9779874	1
0	6	24449	545	40.736502	-73.97809472	379	40.749156	-73.9916	1
0	6	42153	326	40.72953837	-73.98426726	352	40.76340613	-73.97722479	1
0	6	42154	266	40.72368361	-73.97574813	311	40.7172274	-73.98802084	1
0	6	23150	449	40.76461837	-73.98789473	367	40.75828065	-73.97069431	1
0	6	42155	328	40.72405549	-74.00965965	359	40.75510267	-73.97498696	1
0	6	1306	379	40.749156	-73.9916	546	40.74444921	-73.98303529	1
0	6	218	359	40.75510267	-73.97498696	450	40.76227205	-73.98788205	1
0	6	19723	284	40.7390169121	-74.0026376103	426	40.71754834	-74.01322069	1
0	6	8286	271	40.68528172	-73.97805813	384	40.68317813	-73.9659641	1
0	6	1110	426	40.71754834	-74.01322069	329	40.72043411	-74.01020609	1
0	6	11685	490	40.751551	-73.993934	493	40.7568001	-73.98291153	1
0	6	26532	296	40.71413089	-73.9970468	347	40.72873888	-74.00748842	1
0	6	18380	444	40.7423543	-73.98915076	383	40.735238	-74.000271	1
0	6	17678	336	40.73047747	-73.99906065	2012	40.739445	-73.976806	1
0	6	30313	307	40.71427487	-73.98990025	151	40.7218158	-73.99720307	1
0	6	811	447	40.76370739	-73.9851615	367	40.75828065	-73.97069431	1
0	6	1263	284	40.7390169121	-74.0026376103	352	40.76340613	-73.97722479	1
0	6	5431	524	40.75527307	-73.98316936	305	40.76095756	-73.96724467	1
0	6	1368	504	40.73221853	-73.98165557	153	40.752062307	-73.9816324043	1
0	6	1631	501	40.744219	-73.97121214	228	40.7546011026	-73.971878855	1
0	6	4062	2021	40.75929124	-73.98859651	318	40.75320159	-73.9779874	1
0	6	741	478	40.76030096	-73.99884222	173	40.76064679	-73.98442659	1
0	6	9159	447	40.76370739	-73.9851615	137	40.761628	-73.972924	1
0	6	1183	360	40.70717936	-74.00887308	309	40.7149787	-74.013012	1
0	6	1143	426	40.71754834	-74.01322069	387	40.71273266	-74.0046073	1
0	6	3054	327	40.7153379	-74.01658354	387	40.71273266	-74.0046073	1
0	6	1609	281	40.7643971	-73.97371465	474	40.7451677	-73.98683077	1
0	6	13124	459	40.746745	-74.007756	450	40.76227205	-73.98788205	1
0	6	7388	430	40.7014851	-73.98656928	343	40.69794	-73.96986848	1
0	6	20594	463	40.74206539	-74.00443172	223	40.73781509	-73.99994661	1
0	6	379	264	40.70706456	-74.00731853	329	40.72043411	-74.01020609	1
0	6	6667	243	40.687979	-73.978474	472	40.7457121	-73.98194829	1
0	6	1090	394	40.72521311	-73.97768752	293	40.73028666	-73.9907647	1
0	6	42156	511	40.72938685	-73.97772429	446	40.74487634	-73.99529885	1
0	6	6707	358	40.73291553	-74.00711384	377	40.72243797	-74.00566443	1
0	6	5762	519	40.75188406	-73.97770164	472	40.7457121	-73.98194829	1
0	6	5518	2021	40.75929124	-73.98859651	359	40.75510267	-73.97498696	1
0	6	13851	445	40.72740794	-73.98142006	504	40.73221853	-73.98165557	1
0	6	42157	334	40.74238787	-73.99726235	355	40.71602118	-73.99974372	1
0	6	1320	478	40.76030096	-73.99884222	521	40.75044999	-73.99481051	1
0	6	1287	519	40.75188406	-73.97770164	525	40.75594159	-74.0021163	1
0	6	1300	318	40.75320159	-73.9779874	267	40.75097711	-73.98765428	1
0	6	11481	368	40.73038599	-74.00214988	498	40.74854862	-73.98808416	1
0	6	1265	504	40.73221853	-73.98165557	297	40.734232	-73.986923	1
0	6	1220	352	40.76340613	-73.97722479	318	40.75320159	-73.9779874	1
0	6	2118	486	40.7462009	-73.98855723	476	40.74394314	-73.97966069	1
0	6	34002	482	40.73935542	-73.99931783	513	40.768254	-73.988639	1
0	6	32916	325	40.73624527	-73.98473765	382	40.73492695	-73.99200509	1
0	6	1180	450	40.76227205	-73.98788205	318	40.75320159	-73.9779874	1
0	6	21205	151	40.7218158	-73.99720307	426	40.71754834	-74.01322069	1
0	6	35299	509	40.7454973	-74.00197139	524	40.75527307	-73.98316936	1
0	6	41	517	40.75149263	-73.97798848	475	40.73524276	-73.98758561	1
0	6	1304	486	40.7462009	-73.98855723	160	40.748238	-73.978311	1
0	6	7334	518	40.74780373	-73.9734419	385	40.75797322	-73.96603308	1
0	6	41629	422	40.770513	-73.988038	477	40.75640548	-73.9900262	1
0	6	1350	422	40.770513	-73.988038	128	40.72710258	-74.00297088	1
0	6	1308	352	40.76340613	-73.97722479	359	40.75510267	-73.97498696	1
0	6	2995	315	40.70355377	-74.00670227	534	40.70255065	-74.0127234	1
0	6	18634	521	40.75044999	-73.99481051	442	40.746647	-73.993915	1
0	6	24219	421	40.69573398	-73.97129668	271	40.68528172	-73.97805813	1
0	6	1715	521	40.75044999	-73.99481051	72	40.76727216	-73.99392888	2
0	6	927	523	40.75466591	-73.99138152	475	40.73524276	-73.98758561	1
0	6	505	417	40.71291224	-74.01020234	79	40.71911552	-74.00666661	1
0	6	16935	353	40.68539567	-73.97431458	310	40.68926942	-73.98912867	1
0	6	9928	329	40.72043411	-74.01020609	327	40.7153379	-74.01658354	1
0	6	3627	480	40.76669671	-73.99061728	488	40.75645824	-73.99372222	1
0	6	11610	488	40.75645824	-73.99372222	469	40.76344058	-73.98268129	1
0	6	4253	462	40.74691959	-74.00451887	453	40.74475148	-73.99915362	1
0	6	4758	527	40.74315566	-73.97434726	379	40.749156	-73.9916	1
0	6	5405	423	40.76584941	-73.98690506	469	40.76344058	-73.98268129	1
0	6	42162	388	40.749717753	-74.002950346	173	40.76064679	-73.98442659	1
0	6	1380	379	40.749156	-73.9916	440	40.75255434	-73.97282625	1
0	6	1363	167	40.7489006	-73.97604882	359	40.75510267	-73.97498696	1
0	6	42163	384	40.68317813	-73.9659641	324	40.689888	-73.981013	1
0	6	3511	382	40.73492695	-73.99200509	459	40.746745	-74.007756	1
0	6	30206	433	40.72955361	-73.98057249	368	40.73038599	-74.00214988	1
0	6	11607	151	40.7218158	-73.99720307	293	40.73028666	-73.9907647	1
0	6	8078	127	40.73172428	-74.00674436	435	40.74173969	-73.99415556	1
0	6	18119	473	40.72110063	-73.9919254	263	40.71729	-73.996375	1
0	6	11878	494	40.74734825	-73.99723551	538	40.75795248	-73.97787642	1
0	6	2822	487	40.73314259	-73.97573881	545	40.736502	-73.97809472	1
0	6	36651	365	40.68223166	-73.9614583	323	40.69236178	-73.98631746	1
0	6	1342	453	40.74475148	-73.99915362	462	40.74691959	-74.00451887	1
0	6	1281	518	40.74780373	-73.9734419	173	40.76064679	-73.98442659	1
0	6	14073	457	40.76695317	-73.98169333	305	40.76095756	-73.96724467	1
0	6	1006	521	40.75044999	-73.99481051	447	40.76370739	-73.9851615	1
0	6	4888	195	40.70905623	-74.01043382	351	40.70530954	-74.00612572	1
0	6	42165	237	40.73047309	-73.98672378	348	40.72490985	-74.00154702	1
0	6	1492	2008	40.70569254	-74.01677685	3002	40.711512	-74.015756	1
0	6	13443	470	40.74345335	-74.00004031	515	40.76009437	-73.99461843	1
0	6	40284	290	40.76020258	-73.96478473	485	40.75038009	-73.98338988	1
0	6	39371	379	40.749156	-73.9916	545	40.736502	-73.97809472	1
0	6	13861	512	40.7500727	-73.99839279	446	40.74487634	-73.99529885	1
0	6	14167	496	40.73726186	-73.99238967	528	40.74290902	-73.97706058	1
0	6	35535	461	40.73587678	-73.98205027	325	40.73624527	-73.98473765	1
0	6	1318	2009	40.71117444	-73.99682619	360	40.70717936	-74.00887308	1
0	6	2444	439	40.7262807	-73.98978041	251	40.72317958	-73.99480012	1
0	6	824	448	40.75660359	-73.9979009	519	40.75188406	-73.97770164	1
0	6	1294	238	40.7361967	-74.00859207	382	40.73492695	-73.99200509	1
0	6	1624	369	40.73224119	-74.00026394	426	40.71754834	-74.01322069	1
0	6	891	224	40.71146364	-74.00552427	306	40.70823502	-74.00530063	1
0	6	13795	520	40.75992262	-73.97648516	469	40.76344058	-73.98268129	1
0	6	23673	297	40.734232	-73.986923	229	40.72743423	-73.99379025	1
0	6	23378	368	40.73038599	-74.00214988	223	40.73781509	-73.99994661	1
0	6	1619	417	40.71291224	-74.01020234	257	40.71939226	-74.00247214	1
0	6	1829	278	40.69766564	-73.98476437	430	40.7014851	-73.98656928	1
0	6	19309	453	40.74475148	-73.99915362	435	40.74173969	-73.99415556	1
0	6	7706	267	40.75097711	-73.98765428	510	40.7606597	-73.98042047	1
0	6	3733	465	40.75513557	-73.98658032	2017	40.75022392	-73.97121414	1
0	6	1156	417	40.71291224	-74.01020234	360	40.70717936	-74.00887308	1
0	6	1177	267	40.75097711	-73.98765428	137	40.761628	-73.972924	1
0	6	10176	160	40.748238	-73.978311	519	40.75188406	-73.97770164	1
0	6	1567	252	40.73226398	-73.99852205	375	40.72679454	-73.99695094	1
0	6	206	300	40.728145	-73.990214	254	40.73532427	-73.99800419	1
0	6	1441	254	40.73532427	-73.99800419	297	40.734232	-73.986923	1
0	6	12119	263	40.71729	-73.996375	401	40.72019576	-73.98997825	1
0	6	24417	365	40.68223166	-73.9614583	366	40.693261	-73.968896	1
0	6	725	318	40.75320159	-73.9779874	468	40.7652654	-73.98192338	1
0	6	42168	2006	40.76590936	-73.97634151	440	40.75255434	-73.97282625	1
0	6	1983	258	40.68940747	-73.96885458	324	40.689888	-73.981013	1
0	6	34281	2021	40.75929124	-73.98859651	228	40.7546011026	-73.971878855	1
0	6	7333	469	40.76344058	-73.98268129	173	40.76064679	-73.98442659	1
0	6	23327	459	40.746745	-74.007756	352	40.76340613	-73.97722479	1
0	6	37590	514	40.76087502	-74.00277668	72	40.76727216	-73.99392888	1
0	6	1228	360	40.70717936	-74.00887308	259	40.70122128	-74.01234218	1
0	6	8222	507	40.73912601	-73.97973776	486	40.7462009	-73.98855723	1
0	6	1079	318	40.75320159	-73.9779874	524	40.75527307	-73.98316936	2
0	6	1370	351	40.70530954	-74.00612572	329	40.72043411	-74.01020609	1
0	6	2207	319	40.71336124	-74.00937622	264	40.70706456	-74.00731853	1
0	6	12387	507	40.73912601	-73.97973776	468	40.7652654	-73.98192338	1
0	6	25016	160	40.748238	-73.978311	173	40.76064679	-73.98442659	1
0	6	7065	401	40.72019576	-73.98997825	347	40.72873888	-74.00748842	1
0	6	29422	493	40.7568001	-73.98291153	538	40.75795248	-73.97787642	1
0	6	7302	242	40.69788349	-73.97350332	382	40.73492695	-73.99200509	1
0	6	1425	474	40.7451677	-73.98683077	524	40.75527307	-73.98316936	1
0	6	23651	307	40.71427487	-73.98990025	473	40.72110063	-73.9919254	2
0	6	16091	454	40.75455731	-73.96592976	2012	40.739445	-73.976806	1
0	6	1831	379	40.749156	-73.9916	2012	40.739445	-73.976806	1
0	6	2130	243	40.687979	-73.978474	456	40.7597108	-73.97402311	1
0	6	11367	318	40.75320159	-73.9779874	440	40.75255434	-73.97282625	1
0	6	1707	519	40.75188406	-73.97770164	228	40.7546011026	-73.971878855	1
0	6	6808	308	40.71307916	-73.99851193	79	40.71911552	-74.00666661	1
0	6	1833	270	40.69308257	-73.97178913	324	40.689888	-73.981013	1
0	6	5077	521	40.75044999	-73.99481051	168	40.73971301	-73.99456405	1
0	6	13587	488	40.75645824	-73.99372222	512	40.7500727	-73.99839279	1
0	6	3609	521	40.75044999	-73.99481051	474	40.7451677	-73.98683077	1
0	6	1373	449	40.76461837	-73.98789473	500	40.76228826	-73.98336183	1
0	6	1473	380	40.73401143	-74.00293877	382	40.73492695	-73.99200509	1
0	6	39984	496	40.73726186	-73.99238967	540	40.74147286	-73.98320928	1
0	6	1125	513	40.768254	-73.988639	500	40.76228826	-73.98336183	1
0	6	8595	151	40.7218158	-73.99720307	401	40.72019576	-73.98997825	1
0	6	4671	462	40.74691959	-74.00451887	212	40.74334935	-74.00681753	1
0	6	11432	459	40.746745	-74.007756	490	40.751551	-73.993934	1
0	6	35314	409	40.6906495	-73.95643107	343	40.69794	-73.96986848	1
0	6	5387	2000	40.70255088	-73.98940236	430	40.7014851	-73.98656928	1
0	6	24477	546	40.74444921	-73.98303529	382	40.73492695	-73.99200509	1
0	6	1406	512	40.7500727	-73.99839279	212	40.74334935	-74.00681753	1
0	6	1454	540	40.74147286	-73.98320928	486	40.7462009	-73.98855723	1
0	6	37657	446	40.74487634	-73.99529885	362	40.75172632	-73.98753523	1
0	6	279	417	40.71291224	-74.01020234	306	40.70823502	-74.00530063	1
0	6	643	2003	40.73416059	-73.98024289	497	40.73704984	-73.99009296	1
0	6	2034	417	40.71291224	-74.01020234	304	40.70463334	-74.01361706	1
0	6	3049	325	40.73624527	-73.98473765	402	40.7403432	-73.98955109	1
0	6	13200	472	40.7457121	-73.98194829	442	40.746647	-73.993915	1
0	6	13745	469	40.76344058	-73.98268129	518	40.74780373	-73.9734419	1
0	6	4745	486	40.7462009	-73.98855723	536	40.74144387	-73.97536082	1
0	6	1355	476	40.74394314	-73.97966069	485	40.75038009	-73.98338988	1
0	6	1438	445	40.72740794	-73.98142006	285	40.73454567	-73.99074142	1
0	6	1911	432	40.72621788	-73.98379855	293	40.73028666	-73.9907647	1
0	6	1064	546	40.74444921	-73.98303529	459	40.746745	-74.007756	1
0	6	42182	2010	40.72165481	-74.00234737	303	40.72362738	-73.99949601	1
0	6	23885	448	40.75660359	-73.9979009	515	40.76009437	-73.99461843	1
0	6	750	326	40.72953837	-73.98426726	167	40.7489006	-73.97604882	1
0	6	29424	428	40.72467721	-73.98783413	536	40.74144387	-73.97536082	1
0	6	850	523	40.75466591	-73.99138152	507	40.73912601	-73.97973776	1
0	6	745	301	40.72217444	-73.98368779	375	40.72679454	-73.99695094	1
0	6	42115	490	40.751551	-73.993934	316	40.70955958	-74.00653609	1
0	6	753	316	40.70955958	-74.00653609	417	40.71291224	-74.01020234	1
0	6	14137	411	40.72228087	-73.97668709	439	40.7262807	-73.98978041	1
0	6	768	519	40.75188406	-73.97770164	526	40.74765947	-73.98490707	1
0	6	742	379	40.749156	-73.9916	536	40.74144387	-73.97536082	5
0	6	4825	270	40.69308257	-73.97178913	458	40.751396	-74.005226	1
0	6	9692	450	40.76227205	-73.98788205	293	40.73028666	-73.9907647	1
0	6	2840	284	40.7390169121	-74.0026376103	458	40.751396	-74.005226	1
0	6	754	546	40.74444921	-73.98303529	168	40.73971301	-73.99456405	1
0	6	42116	483	40.73223272	-73.98889957	417	40.71291224	-74.01020234	1
0	6	5054	540	40.74147286	-73.98320928	435	40.74173969	-73.99415556	1
0	6	19347	237	40.73047309	-73.98672378	519	40.75188406	-73.97770164	1
0	6	686	529	40.7575699	-73.99098507	305	40.76095756	-73.96724467	1
0	6	36827	477	40.75640548	-73.9900262	417	40.71291224	-74.01020234	1
0	6	609	366	40.693261	-73.968896	323	40.69236178	-73.98631746	1
0	6	1493	472	40.7457121	-73.98194829	527	40.74315566	-73.97434726	3
0	6	4556	406	40.69512845	-73.99595065	143	40.69239502	-73.99337909	1
0	6	936	513	40.768254	-73.988639	499	40.76915505	-73.98191841	1
0	6	1527	509	40.7454973	-74.00197139	284	40.7390169121	-74.0026376103	1
0	6	373	504	40.73221853	-73.98165557	536	40.74144387	-73.97536082	2
0	6	13820	2021	40.75929124	-73.98859651	521	40.75044999	-73.99481051	1
0	6	42117	445	40.72740794	-73.98142006	493	40.7568001	-73.98291153	1
0	6	807	341	40.71782143	-73.97628939	311	40.7172274	-73.98802084	1
0	6	38628	478	40.76030096	-73.99884222	486	40.7462009	-73.98855723	1
0	6	1119	521	40.75044999	-73.99481051	463	40.74206539	-74.00443172	2
0	6	744	462	40.74691959	-74.00451887	327	40.7153379	-74.01658354	1
0	6	544	128	40.72710258	-74.00297088	465	40.75513557	-73.98658032	1
0	6	8455	264	40.70706456	-74.00731853	152	40.71473993	-74.00910627	1
0	6	641	515	40.76009437	-73.99461843	510	40.7606597	-73.98042047	1
0	6	24268	444	40.7423543	-73.98915076	330	40.71450451	-74.00562789	1
0	6	856	479	40.76019252	-73.9912551	318	40.75320159	-73.9779874	1
0	6	774	492	40.75019995	-73.99093085	536	40.74144387	-73.97536082	3
0	6	9930	540	40.74147286	-73.98320928	402	40.7403432	-73.98955109	1
0	6	280	477	40.75640548	-73.9900262	422	40.770513	-73.988038	1
0	6	35938	350	40.71559509	-73.9870295	294	40.73049393	-73.9957214	1
0	6	740	477	40.75640548	-73.9900262	367	40.75828065	-73.97069431	2
0	6	1431	223	40.73781509	-73.99994661	223	40.73781509	-73.99994661	1
0	6	23136	478	40.76030096	-73.99884222	2021	40.75929124	-73.98859651	1
0	6	776	476	40.74394314	-73.97966069	173	40.76064679	-73.98442659	1
0	6	15008	2008	40.70569254	-74.01677685	450	40.76227205	-73.98788205	1
0	6	42118	358	40.73291553	-74.00711384	212	40.74334935	-74.00681753	1
0	6	835	527	40.74315566	-73.97434726	524	40.75527307	-73.98316936	1
0	6	6148	454	40.75455731	-73.96592976	422	40.770513	-73.988038	1
0	6	42119	293	40.73028666	-73.9907647	484	40.75500254	-73.98014437	1
0	6	24335	417	40.71291224	-74.01020234	367	40.75828065	-73.97069431	1
0	6	35217	379	40.749156	-73.9916	538	40.75795248	-73.97787642	1
0	6	22135	2022	40.75849116	-73.95920622	459	40.746745	-74.007756	1
0	6	12127	468	40.7652654	-73.98192338	367	40.75828065	-73.97069431	1
0	6	35215	341	40.71782143	-73.97628939	116	40.74177603	-74.00149746	1
0	6	2606	480	40.76669671	-73.99061728	450	40.76227205	-73.98788205	1
0	6	796	379	40.749156	-73.9916	497	40.73704984	-73.99009296	1
0	6	8070	485	40.75038009	-73.98338988	472	40.7457121	-73.98194829	1
0	6	3223	511	40.72938685	-73.97772429	435	40.74173969	-73.99415556	1
0	6	833	417	40.71291224	-74.01020234	534	40.70255065	-74.0127234	2
0	6	32693	488	40.75645824	-73.99372222	127	40.73172428	-74.00674436	1
0	6	10427	529	40.7575699	-73.99098507	521	40.75044999	-73.99481051	1
0	6	42120	264	40.70706456	-74.00731853	267	40.75097711	-73.98765428	1
0	6	880	529	40.7575699	-73.99098507	173	40.76064679	-73.98442659	1
0	6	22807	477	40.75640548	-73.9900262	257	40.71939226	-74.00247214	1
0	6	817	320	40.71743998	-74.00583475	417	40.71291224	-74.01020234	1
0	6	800	477	40.75640548	-73.9900262	359	40.75510267	-73.97498696	4
0	6	4288	514	40.76087502	-74.00277668	524	40.75527307	-73.98316936	1
0	6	568	477	40.75640548	-73.9900262	456	40.7597108	-73.97402311	3
0	6	820	511	40.72938685	-73.97772429	257	40.71939226	-74.00247214	1
0	6	39578	422	40.770513	-73.988038	504	40.73221853	-73.98165557	1
0	6	42121	2003	40.73416059	-73.98024289	516	40.75206862	-73.96784384	1
0	6	881	174	40.7381765	-73.97738662	422	40.770513	-73.988038	1
0	6	979	477	40.75640548	-73.9900262	402	40.7403432	-73.98955109	1
0	6	25480	490	40.751551	-73.993934	329	40.72043411	-74.01020609	1
0	6	20073	521	40.75044999	-73.99481051	281	40.7643971	-73.97371465	3
0	6	23634	368	40.73038599	-74.00214988	446	40.74487634	-73.99529885	1
0	6	12038	546	40.74444921	-73.98303529	440	40.75255434	-73.97282625	1
0	6	1980	492	40.75019995	-73.99093085	510	40.7606597	-73.98042047	1
0	6	24194	368	40.73038599	-74.00214988	309	40.7149787	-74.013012	1
0	6	30514	153	40.752062307	-73.9816324043	477	40.75640548	-73.9900262	1
0	6	1109	263	40.71729	-73.996375	417	40.71291224	-74.01020234	2
0	6	3475	244	40.69196035	-73.96536851	324	40.689888	-73.981013	1
0	6	805	422	40.770513	-73.988038	359	40.75510267	-73.97498696	1
0	6	2660	223	40.73781509	-73.99994661	309	40.7149787	-74.013012	1
0	6	42122	520	40.75992262	-73.97648516	267	40.75097711	-73.98765428	1
0	6	16781	441	40.756014	-73.967416	528	40.74290902	-73.97706058	1
0	6	656	379	40.749156	-73.9916	475	40.73524276	-73.98758561	1
0	6	19743	494	40.74734825	-73.99723551	336	40.73047747	-73.99906065	1
0	6	865	488	40.75645824	-73.99372222	327	40.7153379	-74.01658354	1
0	6	839	521	40.75044999	-73.99481051	337	40.7037992	-74.00838676	1
0	6	1786	492	40.75019995	-73.99093085	352	40.76340613	-73.97722479	1
0	6	42123	527	40.74315566	-73.97434726	486	40.7462009	-73.98855723	1
0	6	15817	503	40.73827428	-73.98751968	511	40.72938685	-73.97772429	1
0	6	3236	461	40.73587678	-73.98205027	461	40.73587678	-73.98205027	1
0	6	843	342	40.71739973	-73.98016555	417	40.71291224	-74.01020234	1
0	6	37511	238	40.7361967	-74.00859207	472	40.7457121	-73.98194829	1
0	6	21830	490	40.751551	-73.993934	525	40.75594159	-74.0021163	2
0	6	1509	490	40.751551	-73.993934	520	40.75992262	-73.97648516	1
0	6	769	492	40.75019995	-73.99093085	456	40.7597108	-73.97402311	1
0	6	4852	490	40.751551	-73.993934	457	40.76695317	-73.98169333	1
0	6	851	492	40.75019995	-73.99093085	359	40.75510267	-73.97498696	2
0	6	25727	536	40.74144387	-73.97536082	517	40.75149263	-73.97798848	1
0	6	5957	490	40.751551	-73.993934	450	40.76227205	-73.98788205	1
0	6	10013	369	40.73224119	-74.00026394	253	40.73543934	-73.99453948	1
0	6	7154	318	40.75320159	-73.9779874	305	40.76095756	-73.96724467	1
0	6	853	492	40.75019995	-73.99093085	511	40.72938685	-73.97772429	1
0	6	1460	457	40.76695317	-73.98169333	367	40.75828065	-73.97069431	1
0	6	862	521	40.75044999	-73.99481051	325	40.73624527	-73.98473765	2
0	6	24311	262	40.69178232	-73.97372989	382	40.73492695	-73.99200509	1
0	6	42124	236	40.7284186	-73.98713956	212	40.74334935	-74.00681753	1
0	6	894	263	40.71729	-73.996375	309	40.7149787	-74.013012	1
0	6	26367	492	40.75019995	-73.99093085	496	40.73726186	-73.99238967	1
0	6	761	502	40.714215	-73.981346	311	40.7172274	-73.98802084	1
0	6	649	327	40.7153379	-74.01658354	329	40.72043411	-74.01020609	4
0	6	42125	418	40.70224	-73.982578	438	40.72779126	-73.98564945	1
0	6	905	406	40.69512845	-73.99595065	406	40.69512845	-73.99595065	1
0	6	24668	511	40.72938685	-73.97772429	440	40.75255434	-73.97282625	1
0	6	5462	387	40.71273266	-74.0046073	306	40.70823502	-74.00530063	1
0	6	883	492	40.75019995	-73.99093085	538	40.75795248	-73.97787642	1
0	6	1200	490	40.751551	-73.993934	447	40.76370739	-73.9851615	3
0	6	42126	468	40.7652654	-73.98192338	351	40.70530954	-74.00612572	1
0	6	18504	515	40.76009437	-73.99461843	284	40.7390169121	-74.0026376103	1
0	6	35229	477	40.75640548	-73.9900262	357	40.73261787	-73.99158043	1
0	6	1048	519	40.75188406	-73.97770164	527	40.74315566	-73.97434726	2
0	6	9774	394	40.72521311	-73.97768752	402	40.7403432	-73.98955109	1
0	6	837	492	40.75019995	-73.99093085	318	40.75320159	-73.9779874	1
0	6	30660	422	40.770513	-73.988038	536	40.74144387	-73.97536082	1
0	6	30664	294	40.73049393	-73.9957214	432	40.72621788	-73.98379855	1
0	6	2767	428	40.72467721	-73.98783413	517	40.75149263	-73.97798848	1
0	6	545	328	40.72405549	-74.00965965	309	40.7149787	-74.013012	1
0	6	24299	532	40.710451	-73.960876	384	40.68317813	-73.9659641	1
0	6	16135	379	40.749156	-73.9916	334	40.74238787	-73.99726235	1
0	6	42127	83	40.68382604	-73.97632328	444	40.7423543	-73.98915076	1
0	6	42128	358	40.73291553	-74.00711384	173	40.76064679	-73.98442659	1
0	6	981	173	40.76064679	-73.98442659	450	40.76227205	-73.98788205	1
0	6	3257	523	40.75466591	-73.99138152	459	40.746745	-74.007756	1
0	6	8363	529	40.7575699	-73.99098507	447	40.76370739	-73.9851615	1
0	6	20225	326	40.72953837	-73.98426726	461	40.73587678	-73.98205027	1
0	6	24590	436	40.68216564	-73.95399026	436	40.68216564	-73.95399026	1
0	6	1009	492	40.75019995	-73.99093085	522	40.75714758	-73.97207836	2
0	6	903	358	40.73291553	-74.00711384	359	40.75510267	-73.97498696	1
0	6	9586	382	40.73492695	-73.99200509	540	40.74147286	-73.98320928	1
0	6	17763	291	40.713126	-73.984844	306	40.70823502	-74.00530063	1
0	6	8553	517	40.75149263	-73.97798848	472	40.7457121	-73.98194829	1
0	6	923	488	40.75645824	-73.99372222	147	40.71542197	-74.01121978	1
0	6	28953	533	40.75299641	-73.98721619	466	40.74395411	-73.99144871	1
0	6	5250	492	40.75019995	-73.99093085	167	40.7489006	-73.97604882	1
0	6	971	529	40.7575699	-73.99098507	457	40.76695317	-73.98169333	2
0	6	934	448	40.75660359	-73.9979009	484	40.75500254	-73.98014437	2
0	6	679	477	40.75640548	-73.9900262	510	40.7606597	-73.98042047	1
0	6	24291	490	40.751551	-73.993934	253	40.73543934	-73.99453948	1
0	6	697	317	40.72453734	-73.98185424	285	40.73454567	-73.99074142	1
0	6	22346	490	40.751551	-73.993934	499	40.76915505	-73.98191841	1
0	6	28257	315	40.70355377	-74.00670227	387	40.71273266	-74.0046073	1
0	6	42129	523	40.75466591	-73.99138152	455	40.75001986	-73.96905301	1
0	6	3151	332	40.71219906	-73.97948148	472	40.7457121	-73.98194829	1
0	6	24314	325	40.73624527	-73.98473765	264	40.70706456	-74.00731853	1
0	6	42130	160	40.748238	-73.978311	510	40.7606597	-73.98042047	1
0	6	7952	285	40.73454567	-73.99074142	128	40.72710258	-74.00297088	1
0	6	3186	302	40.72082834	-73.97793172	428	40.72467721	-73.98783413	1
0	6	973	387	40.71273266	-74.0046073	309	40.7149787	-74.013012	1
0	6	908	477	40.75640548	-73.9900262	538	40.75795248	-73.97787642	2
0	6	28092	280	40.73331967	-73.99510132	128	40.72710258	-74.00297088	1
0	6	13258	146	40.71625008	-74.0091059	329	40.72043411	-74.01020609	2
0	6	6778	147	40.71542197	-74.01121978	320	40.71743998	-74.00583475	1
0	6	901	238	40.7361967	-74.00859207	327	40.7153379	-74.01658354	1
0	6	1095	127	40.73172428	-74.00674436	247	40.73535398	-74.00483091	1
0	6	42131	460	40.71285887	-73.96590294	454	40.75455731	-73.96592976	1
0	6	946	515	40.76009437	-73.99461843	359	40.75510267	-73.97498696	1
0	6	868	264	40.70706456	-74.00731853	309	40.7149787	-74.013012	1
0	6	25585	128	40.72710258	-74.00297088	327	40.7153379	-74.01658354	1
0	6	34143	528	40.74290902	-73.97706058	536	40.74144387	-73.97536082	1
0	6	10689	512	40.7500727	-73.99839279	519	40.75188406	-73.97770164	1
0	6	929	379	40.749156	-73.9916	253	40.73543934	-73.99453948	1
0	6	963	379	40.749156	-73.9916	519	40.75188406	-73.97770164	1
0	6	6092	305	40.76095756	-73.96724467	469	40.76344058	-73.98268129	1
0	6	32049	526	40.74765947	-73.98490707	545	40.736502	-73.97809472	1
0	6	909	379	40.749156	-73.9916	527	40.74315566	-73.97434726	1
0	6	42132	143	40.69239502	-73.99337909	510	40.7606597	-73.98042047	1
0	6	26368	492	40.75019995	-73.99093085	72	40.76727216	-73.99392888	1
0	6	766	334	40.74238787	-73.99726235	253	40.73543934	-73.99453948	1
0	6	20253	453	40.74475148	-73.99915362	477	40.75640548	-73.9900262	1
0	6	922	485	40.75038009	-73.98338988	510	40.7606597	-73.98042047	1
0	6	38212	410	40.72066442	-73.98517977	297	40.734232	-73.986923	1
0	6	1857	523	40.75466591	-73.99138152	497	40.73704984	-73.99009296	1
0	6	925	379	40.749156	-73.9916	153	40.752062307	-73.9816324043	2
0	6	803	521	40.75044999	-73.99481051	367	40.75828065	-73.97069431	1
0	6	911	144	40.69839895	-73.98068914	430	40.7014851	-73.98656928	1
0	6	7548	517	40.75149263	-73.97798848	536	40.74144387	-73.97536082	1
0	6	21118	468	40.7652654	-73.98192338	422	40.770513	-73.988038	1
0	6	1227	488	40.75645824	-73.99372222	444	40.7423543	-73.98915076	1
0	6	945	379	40.749156	-73.9916	290	40.76020258	-73.96478473	1
0	6	1078	492	40.75019995	-73.99093085	440	40.75255434	-73.97282625	2
0	6	24241	515	40.76009437	-73.99461843	2012	40.739445	-73.976806	1
0	6	961	379	40.749156	-73.9916	474	40.7451677	-73.98683077	1
0	6	3756	363	40.70834698	-74.01713445	2008	40.70569254	-74.01677685	1
0	6	4778	379	40.749156	-73.9916	228	40.7546011026	-73.971878855	1
0	6	3602	379	40.749156	-73.9916	167	40.7489006	-73.97604882	1
0	6	2668	477	40.75640548	-73.9900262	440	40.75255434	-73.97282625	1
0	6	943	327	40.7153379	-74.01658354	417	40.71291224	-74.01020234	1
0	6	11364	318	40.75320159	-73.9779874	456	40.7597108	-73.97402311	1
0	6	42133	433	40.72955361	-73.98057249	267	40.75097711	-73.98765428	1
0	6	17138	351	40.70530954	-74.00612572	259	40.70122128	-74.01234218	1
0	6	11832	260	40.70365182	-74.01167797	260	40.70365182	-74.01167797	1
0	6	951	507	40.73912601	-73.97973776	510	40.7606597	-73.98042047	1
0	6	1870	325	40.73624527	-73.98473765	290	40.76020258	-73.96478473	1
0	6	13248	257	40.71939226	-74.00247214	329	40.72043411	-74.01020609	1
0	6	990	531	40.71893904	-73.99266288	417	40.71291224	-74.01020234	1
0	6	17513	482	40.73935542	-73.99931783	2008	40.70569254	-74.01677685	1
0	6	1008	521	40.75044999	-73.99481051	458	40.751396	-74.005226	3
0	6	900	492	40.75019995	-73.99093085	537	40.74025878	-73.98409214	2
0	6	801	421	40.69573398	-73.97129668	430	40.7014851	-73.98656928	1
0	6	1326	490	40.751551	-73.993934	508	40.76341379	-73.99667444	4
0	6	39584	152	40.71473993	-74.00910627	173	40.76064679	-73.98442659	1
0	6	724	237	40.73047309	-73.98672378	285	40.73454567	-73.99074142	1
0	6	30845	453	40.74475148	-73.99915362	519	40.75188406	-73.97770164	1
0	6	832	448	40.75660359	-73.9979009	173	40.76064679	-73.98442659	1
0	6	24300	518	40.74780373	-73.9734419	334	40.74238787	-73.99726235	1
0	6	31760	391	40.69760127	-73.99344559	430	40.7014851	-73.98656928	1
0	6	42134	317	40.72453734	-73.98185424	352	40.76340613	-73.97722479	1
0	6	34752	462	40.74691959	-74.00451887	525	40.75594159	-74.0021163	2
0	6	33952	336	40.73047747	-73.99906065	459	40.746745	-74.007756	1
0	6	682	415	40.7047177	-74.00926027	225	40.74195138	-74.00803013	1
0	6	994	417	40.71291224	-74.01020234	233	40.69246277	-73.98963911	1
0	6	36294	379	40.749156	-73.9916	517	40.75149263	-73.97798848	2
0	6	18830	488	40.75645824	-73.99372222	268	40.71910537	-73.99973337	1
0	6	29482	352	40.76340613	-73.97722479	463	40.74206539	-74.00443172	1
0	6	20789	504	40.73221853	-73.98165557	150	40.7208736	-73.98085795	1
0	6	35363	280	40.73331967	-73.99510132	284	40.7390169121	-74.0026376103	1
0	6	42135	516	40.75206862	-73.96784384	516	40.75206862	-73.96784384	1
0	6	1002	521	40.75044999	-73.99481051	527	40.74315566	-73.97434726	1
0	6	1649	79	40.71911552	-74.00666661	146	40.71625008	-74.0091059	1
0	6	993	492	40.75019995	-73.99093085	486	40.7462009	-73.98855723	1
0	6	24050	477	40.75640548	-73.9900262	490	40.751551	-73.993934	1
0	6	982	488	40.75645824	-73.99372222	500	40.76228826	-73.98336183	1
0	6	998	521	40.75044999	-73.99481051	315	40.70355377	-74.00670227	1
0	6	41639	529	40.7575699	-73.99098507	405	40.739323	-74.008119	1
0	6	33314	492	40.75019995	-73.99093085	528	40.74290902	-73.97706058	1
0	6	987	528	40.74290902	-73.97706058	461	40.73587678	-73.98205027	1
0	6	8318	320	40.71743998	-74.00583475	2010	40.72165481	-74.00234737	1
0	6	1264	302	40.72082834	-73.97793172	521	40.75044999	-73.99481051	1
0	6	4108	466	40.74395411	-73.99144871	510	40.7606597	-73.98042047	1
0	6	33220	467	40.68312489	-73.97895137	2002	40.716887	-73.963198	1
0	6	3738	394	40.72521311	-73.97768752	545	40.736502	-73.97809472	1
0	6	24499	486	40.7462009	-73.98855723	450	40.76227205	-73.98788205	1
0	6	6601	464	40.75934501	-73.96759673	457	40.76695317	-73.98169333	1
0	6	37688	461	40.73587678	-73.98205027	350	40.71559509	-73.9870295	1
0	6	999	483	40.73223272	-73.98889957	253	40.73543934	-73.99453948	1
0	6	42136	276	40.71748752	-74.0104554	291	40.713126	-73.984844	1
0	6	784	453	40.74475148	-73.99915362	173	40.76064679	-73.98442659	1
0	6	1118	492	40.75019995	-73.99093085	484	40.75500254	-73.98014437	1
0	6	933	545	40.736502	-73.97809472	518	40.74780373	-73.9734419	1
0	6	26518	160	40.748238	-73.978311	520	40.75992262	-73.97648516	1
0	6	12210	529	40.7575699	-73.99098507	164	40.75323098	-73.97032517	1
0	6	966	511	40.72938685	-73.97772429	174	40.7381765	-73.97738662	1
0	6	5940	521	40.75044999	-73.99481051	318	40.75320159	-73.9779874	2
0	6	1020	521	40.75044999	-73.99481051	515	40.76009437	-73.99461843	1
0	6	2456	468	40.7652654	-73.98192338	456	40.7597108	-73.97402311	1
0	6	719	521	40.75044999	-73.99481051	457	40.76695317	-73.98169333	1
0	6	14144	503	40.73827428	-73.98751968	487	40.73314259	-73.97573881	1
0	6	1953	241	40.68981035	-73.97493121	324	40.689888	-73.981013	2
0	6	3785	461	40.73587678	-73.98205027	164	40.75323098	-73.97032517	1
0	6	28286	540	40.74147286	-73.98320928	281	40.7643971	-73.97371465	1
0	6	1027	259	40.70122128	-74.01234218	502	40.714215	-73.981346	1
0	6	1864	433	40.72955361	-73.98057249	285	40.73454567	-73.99074142	1
0	6	977	477	40.75640548	-73.9900262	500	40.76228826	-73.98336183	1
0	6	12214	505	40.74901271	-73.98848395	153	40.752062307	-73.9816324043	1
0	6	2290	477	40.75640548	-73.9900262	264	40.70706456	-74.00731853	1
0	6	548	477	40.75640548	-73.9900262	305	40.76095756	-73.96724467	1
0	6	8200	505	40.74901271	-73.98848395	484	40.75500254	-73.98014437	2
0	6	42137	485	40.75038009	-73.98338988	516	40.75206862	-73.96784384	1
0	6	612	477	40.75640548	-73.9900262	546	40.74444921	-73.98303529	1
0	6	21300	164	40.75323098	-73.97032517	441	40.756014	-73.967416	1
0	6	1097	477	40.75640548	-73.9900262	536	40.74144387	-73.97536082	2
0	6	1330	153	40.752062307	-73.9816324043	518	40.74780373	-73.9734419	1
0	6	11220	488	40.75645824	-73.99372222	304	40.70463334	-74.01361706	1
0	6	593	492	40.75019995	-73.99093085	153	40.752062307	-73.9816324043	1
0	6	35546	472	40.7457121	-73.98194829	359	40.75510267	-73.97498696	1
0	6	15107	520	40.75992262	-73.97648516	510	40.7606597	-73.98042047	1
0	6	15537	402	40.7403432	-73.98955109	461	40.73587678	-73.98205027	1
0	6	1410	363	40.70834698	-74.01713445	309	40.7149787	-74.013012	2
0	6	9347	487	40.73314259	-73.97573881	426	40.71754834	-74.01322069	1
0	6	23537	297	40.734232	-73.986923	536	40.74144387	-73.97536082	2
0	6	25824	438	40.72779126	-73.98564945	358	40.73291553	-74.00711384	1
0	6	12889	493	40.7568001	-73.98291153	318	40.75320159	-73.9779874	1
0	6	12721	301	40.72217444	-73.98368779	251	40.72317958	-73.99480012	1
0	6	864	366	40.693261	-73.968896	324	40.689888	-73.981013	1
0	6	20164	301	40.72217444	-73.98368779	471	40.71286844	-73.95698119	1
0	6	763	152	40.71473993	-74.00910627	329	40.72043411	-74.01020609	1
0	6	842	477	40.75640548	-73.9900262	352	40.76340613	-73.97722479	1
0	6	40342	325	40.73624527	-73.98473765	367	40.75828065	-73.97069431	1
0	6	9922	446	40.74487634	-73.99529885	334	40.74238787	-73.99726235	1
0	6	1130	478	40.76030096	-73.99884222	127	40.73172428	-74.00674436	1
0	6	985	515	40.76009437	-73.99461843	318	40.75320159	-73.9779874	2
0	6	18712	488	40.75645824	-73.99372222	448	40.75660359	-73.9979009	1
0	6	24681	487	40.73314259	-73.97573881	540	40.74147286	-73.98320928	1
0	6	4558	518	40.74780373	-73.9734419	351	40.70530954	-74.00612572	1
0	6	24324	395	40.68807003	-73.98410637	309	40.7149787	-74.013012	1
0	6	1016	492	40.75019995	-73.99093085	367	40.75828065	-73.97069431	1
0	6	8320	517	40.75149263	-73.97798848	458	40.751396	-74.005226	1
0	6	7091	405	40.739323	-74.008119	329	40.72043411	-74.01020609	1
0	6	1005	529	40.7575699	-73.99098507	267	40.75097711	-73.98765428	1
0	6	6324	401	40.72019576	-73.98997825	442	40.746647	-73.993915	1
0	6	848	403	40.72502876	-73.99069656	417	40.71291224	-74.01020234	1
0	6	1396	417	40.71291224	-74.01020234	329	40.72043411	-74.01020609	2
0	6	1430	306	40.70823502	-74.00530063	309	40.7149787	-74.013012	2
0	6	642	483	40.73223272	-73.98889957	301	40.72217444	-73.98368779	1
0	6	1046	528	40.74290902	-73.97706058	352	40.76340613	-73.97722479	1
0	6	6576	507	40.73912601	-73.97973776	518	40.74780373	-73.9734419	1
0	6	1117	358	40.73291553	-74.00711384	402	40.7403432	-73.98955109	1
0	6	23614	406	40.69512845	-73.99595065	395	40.68807003	-73.98410637	1
0	6	1033	168	40.73971301	-73.99456405	510	40.7606597	-73.98042047	1
0	6	42138	471	40.71286844	-73.95698119	450	40.76227205	-73.98788205	1
0	6	18483	164	40.75323098	-73.97032517	301	40.72217444	-73.98368779	1
0	6	844	521	40.75044999	-73.99481051	456	40.7597108	-73.97402311	1
0	6	2763	521	40.75044999	-73.99481051	329	40.72043411	-74.01020609	3
0	6	906	358	40.73291553	-74.00711384	426	40.71754834	-74.01322069	1
0	6	35239	509	40.7454973	-74.00197139	2021	40.75929124	-73.98859651	1
0	6	23898	461	40.73587678	-73.98205027	312	40.722055	-73.989111	1
0	6	24332	477	40.75640548	-73.9900262	517	40.75149263	-73.97798848	1
0	6	20735	490	40.751551	-73.993934	484	40.75500254	-73.98014437	2
0	6	1231	529	40.7575699	-73.99098507	450	40.76227205	-73.98788205	1
0	6	2849	521	40.75044999	-73.99481051	2010	40.72165481	-74.00234737	1
0	6	24750	393	40.72299208	-73.97995466	147	40.71542197	-74.01121978	1
0	6	780	318	40.75320159	-73.9779874	493	40.7568001	-73.98291153	2
0	6	36027	285	40.73454567	-73.99074142	260	40.70365182	-74.01167797	1
0	6	35133	499	40.76915505	-73.98191841	312	40.722055	-73.989111	1
0	6	42139	157	40.69089272	-73.99612349	522	40.75714758	-73.97207836	1
0	6	12202	462	40.74691959	-74.00451887	459	40.746745	-74.007756	1
0	6	216	296	40.71413089	-73.9970468	296	40.71413089	-73.9970468	1
0	6	1563	116	40.74177603	-74.00149746	168	40.73971301	-73.99456405	1
0	6	11213	237	40.73047309	-73.98672378	432	40.72621788	-73.98379855	1
0	6	42140	350	40.71559509	-73.9870295	137	40.761628	-73.972924	1
0	6	3981	297	40.734232	-73.986923	521	40.75044999	-73.99481051	1
0	6	4161	422	40.770513	-73.988038	228	40.7546011026	-73.971878855	1
0	6	31741	267	40.75097711	-73.98765428	284	40.7390169121	-74.0026376103	1
0	6	24390	524	40.75527307	-73.98316936	456	40.7597108	-73.97402311	1
0	6	7535	224	40.71146364	-74.00552427	309	40.7149787	-74.013012	1
0	6	8472	508	40.76341379	-73.99667444	447	40.76370739	-73.9851615	1
0	6	22181	521	40.75044999	-73.99481051	453	40.74475148	-73.99915362	1
0	6	42141	508	40.76341379	-73.99667444	538	40.75795248	-73.97787642	1
0	6	24325	475	40.73524276	-73.98758561	359	40.75510267	-73.97498696	1
0	6	1107	406	40.69512845	-73.99595065	233	40.69246277	-73.98963911	2
0	6	10984	297	40.734232	-73.986923	497	40.73704984	-73.99009296	1
0	6	16063	529	40.7575699	-73.99098507	484	40.75500254	-73.98014437	1
0	6	10147	329	40.72043411	-74.01020609	152	40.71473993	-74.00910627	1
0	6	42142	2002	40.716887	-73.963198	261	40.69474881	-73.98362464	1
0	6	10676	505	40.74901271	-73.98848395	137	40.761628	-73.972924	1
0	6	834	499	40.76915505	-73.98191841	137	40.761628	-73.972924	2
0	6	11930	352	40.76340613	-73.97722479	422	40.770513	-73.988038	1
0	6	8273	361	40.71605866	-73.99190759	458	40.751396	-74.005226	1
0	6	1121	448	40.75660359	-73.9979009	479	40.76019252	-73.9912551	1
0	6	34598	439	40.7262807	-73.98978041	519	40.75188406	-73.97770164	1
0	6	42143	310	40.68926942	-73.98912867	319	40.71336124	-74.00937622	1
0	6	1162	523	40.75466591	-73.99138152	501	40.744219	-73.97121214	1
0	6	42144	264	40.70706456	-74.00731853	167	40.7489006	-73.97604882	1
0	6	42145	300	40.728145	-73.990214	387	40.71273266	-74.0046073	1
0	6	1074	422	40.770513	-73.988038	500	40.76228826	-73.98336183	1
0	6	613	488	40.75645824	-73.99372222	458	40.751396	-74.005226	2
0	6	884	529	40.7575699	-73.99098507	510	40.7606597	-73.98042047	1
0	6	19014	508	40.76341379	-73.99667444	459	40.746745	-74.007756	1
0	6	58	435	40.74173969	-73.99415556	462	40.74691959	-74.00451887	1
0	6	30518	441	40.756014	-73.967416	472	40.7457121	-73.98194829	1
0	6	6066	2009	40.71117444	-73.99682619	315	40.70355377	-74.00670227	1
0	6	19362	320	40.71743998	-74.00583475	320	40.71743998	-74.00583475	1
0	6	24405	301	40.72217444	-73.98368779	435	40.74173969	-73.99415556	1
0	6	17777	320	40.71743998	-74.00583475	426	40.71754834	-74.01322069	1
0	6	34458	461	40.73587678	-73.98205027	456	40.7597108	-73.97402311	1
0	6	35259	289	40.6845683	-73.95881081	271	40.68528172	-73.97805813	1
0	6	580	363	40.70834698	-74.01713445	327	40.7153379	-74.01658354	1
0	6	37746	306	40.70823502	-74.00530063	486	40.7462009	-73.98855723	1
0	6	1298	318	40.75320159	-73.9779874	352	40.76340613	-73.97722479	2
0	6	4690	426	40.71754834	-74.01322069	225	40.74195138	-74.00803013	1
0	6	1687	380	40.73401143	-74.00293877	426	40.71754834	-74.01322069	1
0	6	1018	536	40.74144387	-73.97536082	174	40.7381765	-73.97738662	1
0	6	13814	254	40.73532427	-73.99800419	348	40.72490985	-74.00154702	1
0	6	20382	492	40.75019995	-73.99093085	459	40.746745	-74.007756	1
0	6	1771	422	40.770513	-73.988038	510	40.7606597	-73.98042047	1
0	6	712	492	40.75019995	-73.99093085	519	40.75188406	-73.97770164	2
0	6	1510	523	40.75466591	-73.99138152	359	40.75510267	-73.97498696	2
0	6	6763	306	40.70823502	-74.00530063	229	40.72743423	-73.99379025	1
0	6	4957	247	40.73535398	-74.00483091	195	40.70905623	-74.01043382	1
0	6	20394	523	40.75466591	-73.99138152	486	40.7462009	-73.98855723	1
0	6	35269	238	40.7361967	-74.00859207	538	40.75795248	-73.97787642	1
0	6	2349	432	40.72621788	-73.98379855	432	40.72621788	-73.98379855	1
0	6	35555	368	40.73038599	-74.00214988	2006	40.76590936	-73.97634151	1
0	6	10680	517	40.75149263	-73.97798848	444	40.7423543	-73.98915076	1
0	6	42146	465	40.75513557	-73.98658032	516	40.75206862	-73.96784384	1
0	6	9728	490	40.751551	-73.993934	514	40.76087502	-74.00277668	1
0	6	24361	437	40.6809833854	-73.9500479759	391	40.69760127	-73.99344559	1
0	6	24352	529	40.7575699	-73.99098507	410	40.72066442	-73.98517977	1
0	6	1682	521	40.75044999	-73.99481051	305	40.76095756	-73.96724467	1
0	6	25700	311	40.7172274	-73.98802084	232	40.69597683	-73.99014892	1
0	6	16708	237	40.73047309	-73.98672378	254	40.73532427	-73.99800419	1
0	6	24737	486	40.7462009	-73.98855723	510	40.7606597	-73.98042047	1
0	6	1001	369	40.73224119	-74.00026394	306	40.70823502	-74.00530063	1
0	6	11788	521	40.75044999	-73.99481051	435	40.74173969	-73.99415556	2
0	6	869	521	40.75044999	-73.99481051	500	40.76228826	-73.98336183	1
0	6	42147	312	40.722055	-73.989111	168	40.73971301	-73.99456405	1
0	6	3933	317	40.72453734	-73.98185424	518	40.74780373	-73.9734419	1
0	6	8635	116	40.74177603	-74.00149746	519	40.75188406	-73.97770164	1
0	6	1826	296	40.71413089	-73.9970468	417	40.71291224	-74.01020234	1
0	6	4370	223	40.73781509	-73.99994661	463	40.74206539	-74.00443172	1
0	6	1966	237	40.73047309	-73.98672378	127	40.73172428	-74.00674436	1
0	6	30104	297	40.734232	-73.986923	347	40.72873888	-74.00748842	1
0	6	42148	285	40.73454567	-73.99074142	337	40.7037992	-74.00838676	1
0	6	33031	448	40.75660359	-73.9979009	505	40.74901271	-73.98848395	1
0	6	892	448	40.75660359	-73.9979009	329	40.72043411	-74.01020609	1
0	6	24492	487	40.73314259	-73.97573881	388	40.749717753	-74.002950346	1
0	6	1386	127	40.73172428	-74.00674436	147	40.71542197	-74.01121978	1
0	6	9461	2008	40.70569254	-74.01677685	2008	40.70569254	-74.01677685	1
0	6	1086	332	40.71219906	-73.97948148	307	40.71427487	-73.98990025	1
0	6	1157	271	40.68528172	-73.97805813	261	40.69474881	-73.98362464	1
0	6	1173	488	40.75645824	-73.99372222	167	40.7489006	-73.97604882	1
0	6	6725	432	40.72621788	-73.98379855	79	40.71911552	-74.00666661	1
0	6	6828	509	40.7454973	-74.00197139	254	40.73532427	-73.99800419	1
0	6	6118	160	40.748238	-73.978311	492	40.75019995	-73.99093085	1
0	6	3641	280	40.73331967	-73.99510132	285	40.73454567	-73.99074142	1
0	6	35321	457	40.76695317	-73.98169333	285	40.73454567	-73.99074142	1
0	6	37747	164	40.75323098	-73.97032517	359	40.75510267	-73.97498696	1
0	6	4593	383	40.735238	-74.000271	323	40.69236178	-73.98631746	1
0	6	42149	302	40.72082834	-73.97793172	347	40.72873888	-74.00748842	1
0	6	781	443	40.70853074	-73.96408963	384	40.68317813	-73.9659641	1
0	6	1199	410	40.72066442	-73.98517977	323	40.69236178	-73.98631746	1
0	6	1629	160	40.748238	-73.978311	351	40.70530954	-74.00612572	1
0	6	11001	459	40.746745	-74.007756	484	40.75500254	-73.98014437	1
0	6	35221	297	40.734232	-73.986923	415	40.7047177	-74.00926027	1
0	6	31416	326	40.72953837	-73.98426726	2021	40.75929124	-73.98859651	1
0	6	941	290	40.76020258	-73.96478473	527	40.74315566	-73.97434726	1
0	6	10475	294	40.73049393	-73.9957214	380	40.73401143	-74.00293877	1
0	6	1347	157	40.69089272	-73.99612349	314	40.69424674	-73.99215922	1
0	6	1341	328	40.72405549	-74.00965965	493	40.7568001	-73.98291153	1
0	6	1098	327	40.7153379	-74.01658354	309	40.7149787	-74.013012	1
0	6	8054	521	40.75044999	-73.99481051	536	40.74144387	-73.97536082	1
0	6	794	492	40.75019995	-73.99093085	527	40.74315566	-73.97434726	1
0	6	14098	280	40.73331967	-73.99510132	223	40.73781509	-73.99994661	1
0	6	514	428	40.72467721	-73.98783413	252	40.73226398	-73.99852205	1
0	6	12053	2009	40.71117444	-73.99682619	331	40.71173107	-73.99193043	1
0	6	2408	271	40.68528172	-73.97805813	392	40.695065	-73.987167	1
0	6	16038	488	40.75645824	-73.99372222	486	40.7462009	-73.98855723	1
0	6	12316	433	40.72955361	-73.98057249	483	40.73223272	-73.98889957	1
0	6	42150	405	40.739323	-74.008119	517	40.75149263	-73.97798848	1
0	6	24375	447	40.76370739	-73.9851615	442	40.746647	-73.993915	1
0	6	4716	72	40.76727216	-73.99392888	72	40.76727216	-73.99392888	1
0	6	1260	471	40.71286844	-73.95698119	2002	40.716887	-73.963198	1
0	6	1198	519	40.75188406	-73.97770164	415	40.7047177	-74.00926027	3
0	6	2953	2021	40.75929124	-73.98859651	520	40.75992262	-73.97648516	1
0	6	31720	229	40.72743423	-73.99379025	426	40.71754834	-74.01322069	1
0	6	42151	481	40.71260486	-73.96264403	306	40.70823502	-74.00530063	1
0	6	42152	237	40.73047309	-73.98672378	327	40.7153379	-74.01658354	1
0	6	1123	545	40.736502	-73.97809472	527	40.74315566	-73.97434726	1
0	6	4371	271	40.68528172	-73.97805813	390	40.69221589	-73.9842844	1
0	6	1269	365	40.68223166	-73.9614583	437	40.6809833854	-73.9500479759	1
0	6	6797	432	40.72621788	-73.98379855	348	40.72490985	-74.00154702	1
0	6	35750	375	40.72679454	-73.99695094	518	40.74780373	-73.9734419	1
0	6	653	346	40.73652889	-74.00618026	318	40.75320159	-73.9779874	1
0	6	24449	545	40.736502	-73.97809472	379	40.749156	-73.9916	1
0	6	42153	326	40.72953837	-73.98426726	352	40.76340613	-73.97722479	1
0	6	890	488	40.75645824	-73.99372222	336	40.73047747	-73.99906065	1
0	6	42154	266	40.72368361	-73.97574813	311	40.7172274	-73.98802084	1
0	6	23150	449	40.76461837	-73.98789473	367	40.75828065	-73.97069431	1
0	6	42155	328	40.72405549	-74.00965965	359	40.75510267	-73.97498696	1
0	6	1306	379	40.749156	-73.9916	546	40.74444921	-73.98303529	1
0	6	1639	251	40.72317958	-73.99480012	488	40.75645824	-73.99372222	1
0	6	218	359	40.75510267	-73.97498696	450	40.76227205	-73.98788205	1
0	6	19723	284	40.7390169121	-74.0026376103	426	40.71754834	-74.01322069	1
0	6	8286	271	40.68528172	-73.97805813	384	40.68317813	-73.9659641	1
0	6	1110	426	40.71754834	-74.01322069	329	40.72043411	-74.01020609	2
0	6	11685	490	40.751551	-73.993934	493	40.7568001	-73.98291153	1
0	6	26532	296	40.71413089	-73.9970468	347	40.72873888	-74.00748842	1
0	6	18380	444	40.7423543	-73.98915076	383	40.735238	-74.000271	1
0	6	17678	336	40.73047747	-73.99906065	2012	40.739445	-73.976806	1
0	6	30313	307	40.71427487	-73.98990025	151	40.7218158	-73.99720307	1
0	6	811	447	40.76370739	-73.9851615	367	40.75828065	-73.97069431	1
0	6	1263	284	40.7390169121	-74.0026376103	352	40.76340613	-73.97722479	1
0	6	5431	524	40.75527307	-73.98316936	305	40.76095756	-73.96724467	1
0	6	1368	504	40.73221853	-73.98165557	153	40.752062307	-73.9816324043	1
0	6	1631	501	40.744219	-73.97121214	228	40.7546011026	-73.971878855	1
0	6	4062	2021	40.75929124	-73.98859651	318	40.75320159	-73.9779874	1
0	6	741	478	40.76030096	-73.99884222	173	40.76064679	-73.98442659	1
0	6	9159	447	40.76370739	-73.9851615	137	40.761628	-73.972924	1
0	6	1183	360	40.70717936	-74.00887308	309	40.7149787	-74.013012	1
0	6	1143	426	40.71754834	-74.01322069	387	40.71273266	-74.0046073	2
0	6	3054	327	40.7153379	-74.01658354	387	40.71273266	-74.0046073	1
0	6	1609	281	40.7643971	-73.97371465	474	40.7451677	-73.98683077	1
0	6	13124	459	40.746745	-74.007756	450	40.76227205	-73.98788205	1
0	6	7388	430	40.7014851	-73.98656928	343	40.69794	-73.96986848	1
0	6	20594	463	40.74206539	-74.00443172	223	40.73781509	-73.99994661	1
0	6	379	264	40.70706456	-74.00731853	329	40.72043411	-74.01020609	1
0	6	6667	243	40.687979	-73.978474	472	40.7457121	-73.98194829	1
0	6	1090	394	40.72521311	-73.97768752	293	40.73028666	-73.9907647	1
0	6	42156	511	40.72938685	-73.97772429	446	40.74487634	-73.99529885	1
0	6	6707	358	40.73291553	-74.00711384	377	40.72243797	-74.00566443	1
0	6	5762	519	40.75188406	-73.97770164	472	40.7457121	-73.98194829	1
0	6	5518	2021	40.75929124	-73.98859651	359	40.75510267	-73.97498696	1
0	6	24433	487	40.73314259	-73.97573881	306	40.70823502	-74.00530063	1
0	6	27959	325	40.73624527	-73.98473765	458	40.751396	-74.005226	1
0	6	13851	445	40.72740794	-73.98142006	504	40.73221853	-73.98165557	1
0	6	42157	334	40.74238787	-73.99726235	355	40.71602118	-73.99974372	1
0	6	42158	365	40.68223166	-73.9614583	347	40.72873888	-74.00748842	1
0	6	1320	478	40.76030096	-73.99884222	521	40.75044999	-73.99481051	1
0	6	1287	519	40.75188406	-73.97770164	525	40.75594159	-74.0021163	1
0	6	1300	318	40.75320159	-73.9779874	267	40.75097711	-73.98765428	1
0	6	42159	2003	40.73416059	-73.98024289	377	40.72243797	-74.00566443	1
0	6	1309	519	40.75188406	-73.97770164	260	40.70365182	-74.01167797	1
0	6	11481	368	40.73038599	-74.00214988	498	40.74854862	-73.98808416	1
0	6	1265	504	40.73221853	-73.98165557	297	40.734232	-73.986923	1
0	6	1220	352	40.76340613	-73.97722479	318	40.75320159	-73.9779874	1
0	6	2118	486	40.7462009	-73.98855723	476	40.74394314	-73.97966069	1
0	6	34002	482	40.73935542	-73.99931783	513	40.768254	-73.988639	1
0	6	32916	325	40.73624527	-73.98473765	382	40.73492695	-73.99200509	1
0	6	1180	450	40.76227205	-73.98788205	318	40.75320159	-73.9779874	1
0	6	21205	151	40.7218158	-73.99720307	426	40.71754834	-74.01322069	1
0	6	35299	509	40.7454973	-74.00197139	524	40.75527307	-73.98316936	1
0	6	41	517	40.75149263	-73.97798848	475	40.73524276	-73.98758561	1
0	6	1304	486	40.7462009	-73.98855723	160	40.748238	-73.978311	1
0	6	24736	513	40.768254	-73.988639	285	40.73454567	-73.99074142	1
0	6	7334	518	40.74780373	-73.9734419	385	40.75797322	-73.96603308	1
0	6	41629	422	40.770513	-73.988038	477	40.75640548	-73.9900262	1
0	6	1350	422	40.770513	-73.988038	128	40.72710258	-74.00297088	1
0	6	1308	352	40.76340613	-73.97722479	359	40.75510267	-73.97498696	1
0	6	2995	315	40.70355377	-74.00670227	534	40.70255065	-74.0127234	1
0	6	18634	521	40.75044999	-73.99481051	442	40.746647	-73.993915	1
0	6	24219	421	40.69573398	-73.97129668	271	40.68528172	-73.97805813	1
0	6	1715	521	40.75044999	-73.99481051	72	40.76727216	-73.99392888	2
0	6	42160	527	40.74315566	-73.97434726	311	40.7172274	-73.98802084	1
0	6	42161	519	40.75188406	-73.97770164	347	40.72873888	-74.00748842	1
0	6	927	523	40.75466591	-73.99138152	475	40.73524276	-73.98758561	1
0	6	505	417	40.71291224	-74.01020234	79	40.71911552	-74.00666661	1
0	6	16935	353	40.68539567	-73.97431458	310	40.68926942	-73.98912867	1
0	6	9928	329	40.72043411	-74.01020609	327	40.7153379	-74.01658354	1
0	6	3627	480	40.76669671	-73.99061728	488	40.75645824	-73.99372222	1
0	6	11610	488	40.75645824	-73.99372222	469	40.76344058	-73.98268129	1
0	6	4253	462	40.74691959	-74.00451887	453	40.74475148	-73.99915362	1
0	6	35305	340	40.71269042	-73.98776323	519	40.75188406	-73.97770164	1
0	6	4758	527	40.74315566	-73.97434726	379	40.749156	-73.9916	1
0	6	5405	423	40.76584941	-73.98690506	469	40.76344058	-73.98268129	1
0	6	31342	423	40.76584941	-73.98690506	538	40.75795248	-73.97787642	1
0	6	42162	388	40.749717753	-74.002950346	173	40.76064679	-73.98442659	1
0	6	1246	127	40.73172428	-74.00674436	534	40.70255065	-74.0127234	1
0	6	1380	379	40.749156	-73.9916	440	40.75255434	-73.97282625	1
0	6	1363	167	40.7489006	-73.97604882	359	40.75510267	-73.97498696	1
0	6	42163	384	40.68317813	-73.9659641	324	40.689888	-73.981013	1
0	6	3511	382	40.73492695	-73.99200509	459	40.746745	-74.007756	1
0	6	30206	433	40.72955361	-73.98057249	368	40.73038599	-74.00214988	1
0	6	11607	151	40.7218158	-73.99720307	293	40.73028666	-73.9907647	1
0	6	19417	470	40.74345335	-74.00004031	426	40.71754834	-74.01322069	1
0	6	8078	127	40.73172428	-74.00674436	435	40.74173969	-73.99415556	1
0	6	9857	436	40.68216564	-73.95399026	251	40.72317958	-73.99480012	1
0	6	18119	473	40.72110063	-73.9919254	263	40.71729	-73.996375	1
0	6	11878	494	40.74734825	-73.99723551	538	40.75795248	-73.97787642	1
0	6	2822	487	40.73314259	-73.97573881	545	40.736502	-73.97809472	1
0	6	36651	365	40.68223166	-73.9614583	323	40.69236178	-73.98631746	1
0	6	1342	453	40.74475148	-73.99915362	462	40.74691959	-74.00451887	1
0	6	1281	518	40.74780373	-73.9734419	173	40.76064679	-73.98442659	1
0	6	14073	457	40.76695317	-73.98169333	305	40.76095756	-73.96724467	1
0	6	1006	521	40.75044999	-73.99481051	447	40.76370739	-73.9851615	1
0	6	4888	195	40.70905623	-74.01043382	351	40.70530954	-74.00612572	1
0	6	42164	2003	40.73416059	-73.98024289	484	40.75500254	-73.98014437	1
0	6	42165	237	40.73047309	-73.98672378	348	40.72490985	-74.00154702	1
0	6	1322	532	40.710451	-73.960876	526	40.74765947	-73.98490707	1
0	6	1492	2008	40.70569254	-74.01677685	3002	40.711512	-74.015756	1
0	6	13443	470	40.74345335	-74.00004031	515	40.76009437	-73.99461843	1
0	6	35304	434	40.74317449	-74.00366443	534	40.70255065	-74.0127234	1
0	6	40284	290	40.76020258	-73.96478473	485	40.75038009	-73.98338988	1
0	6	39371	379	40.749156	-73.9916	545	40.736502	-73.97809472	1
0	6	21162	523	40.75466591	-73.99138152	428	40.72467721	-73.98783413	1
0	6	13861	512	40.7500727	-73.99839279	446	40.74487634	-73.99529885	1
0	6	1217	439	40.7262807	-73.98978041	521	40.75044999	-73.99481051	1
0	6	14167	496	40.73726186	-73.99238967	528	40.74290902	-73.97706058	1
0	6	35535	461	40.73587678	-73.98205027	325	40.73624527	-73.98473765	1
0	6	1318	2009	40.71117444	-73.99682619	360	40.70717936	-74.00887308	1
0	6	29767	505	40.74901271	-73.98848395	520	40.75992262	-73.97648516	1
0	6	2444	439	40.7262807	-73.98978041	251	40.72317958	-73.99480012	1
0	6	824	448	40.75660359	-73.9979009	519	40.75188406	-73.97770164	1
0	6	7189	434	40.74317449	-74.00366443	463	40.74206539	-74.00443172	2
0	6	42166	527	40.74315566	-73.97434726	536	40.74144387	-73.97536082	1
0	6	1294	238	40.7361967	-74.00859207	382	40.73492695	-73.99200509	1
0	6	1624	369	40.73224119	-74.00026394	426	40.71754834	-74.01322069	1
0	6	891	224	40.71146364	-74.00552427	306	40.70823502	-74.00530063	1
0	6	13795	520	40.75992262	-73.97648516	469	40.76344058	-73.98268129	1
0	6	42167	225	40.74195138	-74.00803013	325	40.73624527	-73.98473765	1
0	6	23673	297	40.734232	-73.986923	229	40.72743423	-73.99379025	1
0	6	24418	448	40.75660359	-73.9979009	327	40.7153379	-74.01658354	1
0	6	23378	368	40.73038599	-74.00214988	223	40.73781509	-73.99994661	1
0	6	1619	417	40.71291224	-74.01020234	257	40.71939226	-74.00247214	1
0	6	1829	278	40.69766564	-73.98476437	430	40.7014851	-73.98656928	1
0	6	19309	453	40.74475148	-73.99915362	435	40.74173969	-73.99415556	1
0	6	7706	267	40.75097711	-73.98765428	510	40.7606597	-73.98042047	1
0	6	24326	427	40.70251526	-74.01427023	508	40.76341379	-73.99667444	1
0	6	3733	465	40.75513557	-73.98658032	2017	40.75022392	-73.97121414	1
0	6	503	477	40.75640548	-73.9900262	519	40.75188406	-73.97770164	1
0	6	1156	417	40.71291224	-74.01020234	360	40.70717936	-74.00887308	2
0	6	1177	267	40.75097711	-73.98765428	137	40.761628	-73.972924	1
0	6	10176	160	40.748238	-73.978311	519	40.75188406	-73.97770164	1
0	6	12561	351	40.70530954	-74.00612572	462	40.74691959	-74.00451887	1
0	6	35291	445	40.72740794	-73.98142006	519	40.75188406	-73.97770164	1
0	6	1567	252	40.73226398	-73.99852205	375	40.72679454	-73.99695094	1
0	6	206	300	40.728145	-73.990214	254	40.73532427	-73.99800419	1
0	6	1441	254	40.73532427	-73.99800419	297	40.734232	-73.986923	1
0	6	12119	263	40.71729	-73.996375	401	40.72019576	-73.98997825	1
0	6	29077	312	40.722055	-73.989111	527	40.74315566	-73.97434726	1
0	6	24417	365	40.68223166	-73.9614583	366	40.693261	-73.968896	1
0	6	725	318	40.75320159	-73.9779874	468	40.7652654	-73.98192338	1
0	6	42168	2006	40.76590936	-73.97634151	440	40.75255434	-73.97282625	1
0	6	35252	361	40.71605866	-73.99190759	309	40.7149787	-74.013012	1
0	6	13606	306	40.70823502	-74.00530063	519	40.75188406	-73.97770164	1
0	6	22619	238	40.7361967	-74.00859207	514	40.76087502	-74.00277668	1
0	6	1983	258	40.68940747	-73.96885458	324	40.689888	-73.981013	1
0	6	34281	2021	40.75929124	-73.98859651	228	40.7546011026	-73.971878855	1
0	6	1334	525	40.75594159	-74.0021163	426	40.71754834	-74.01322069	1
0	6	24457	326	40.72953837	-73.98426726	456	40.7597108	-73.97402311	1
0	6	7333	469	40.76344058	-73.98268129	173	40.76064679	-73.98442659	1
0	6	42169	340	40.71269042	-73.98776323	461	40.73587678	-73.98205027	1
0	6	23327	459	40.746745	-74.007756	352	40.76340613	-73.97722479	1
0	6	37590	514	40.76087502	-74.00277668	72	40.76727216	-73.99392888	1
0	6	1228	360	40.70717936	-74.00887308	259	40.70122128	-74.01234218	1
0	6	8222	507	40.73912601	-73.97973776	486	40.7462009	-73.98855723	1
0	6	42170	496	40.73726186	-73.99238967	412	40.7158155	-73.99422366	1
0	6	1079	318	40.75320159	-73.9779874	524	40.75527307	-73.98316936	2
0	6	42171	403	40.72502876	-73.99069656	536	40.74144387	-73.97536082	1
0	6	1370	351	40.70530954	-74.00612572	329	40.72043411	-74.01020609	1
0	6	2207	319	40.71336124	-74.00937622	264	40.70706456	-74.00731853	1
0	6	12387	507	40.73912601	-73.97973776	468	40.7652654	-73.98192338	1
0	6	25016	160	40.748238	-73.978311	173	40.76064679	-73.98442659	1
0	6	24410	439	40.7262807	-73.98978041	314	40.69424674	-73.99215922	1
0	6	748	490	40.751551	-73.993934	173	40.76064679	-73.98442659	1
0	6	7065	401	40.72019576	-73.98997825	347	40.72873888	-74.00748842	1
0	6	42172	454	40.75455731	-73.96592976	83	40.68382604	-73.97632328	1
0	6	42173	334	40.74238787	-73.99726235	528	40.74290902	-73.97706058	1
0	6	29422	493	40.7568001	-73.98291153	538	40.75795248	-73.97787642	1
0	6	9250	488	40.75645824	-73.99372222	359	40.75510267	-73.97498696	1
0	6	7302	242	40.69788349	-73.97350332	382	40.73492695	-73.99200509	1
0	6	1425	474	40.7451677	-73.98683077	524	40.75527307	-73.98316936	1
0	6	23651	307	40.71427487	-73.98990025	473	40.72110063	-73.9919254	2
0	6	16091	454	40.75455731	-73.96592976	2012	40.739445	-73.976806	1
0	6	1831	379	40.749156	-73.9916	2012	40.739445	-73.976806	1
0	6	42174	507	40.73912601	-73.97973776	351	40.70530954	-74.00612572	1
0	6	42175	423	40.76584941	-73.98690506	474	40.7451677	-73.98683077	1
0	6	42176	327	40.7153379	-74.01658354	469	40.76344058	-73.98268129	1
0	6	42177	453	40.74475148	-73.99915362	153	40.752062307	-73.9816324043	1
0	6	1205	318	40.75320159	-73.9779874	450	40.76227205	-73.98788205	1
0	6	24424	490	40.751551	-73.993934	456	40.7597108	-73.97402311	2
0	6	1214	521	40.75044999	-73.99481051	359	40.75510267	-73.97498696	1
0	6	2130	243	40.687979	-73.978474	456	40.7597108	-73.97402311	1
0	6	11367	318	40.75320159	-73.9779874	440	40.75255434	-73.97282625	1
0	6	1707	519	40.75188406	-73.97770164	228	40.7546011026	-73.971878855	1
0	6	1711	519	40.75188406	-73.97770164	268	40.71910537	-73.99973337	1
0	6	33277	229	40.72743423	-73.99379025	363	40.70834698	-74.01713445	1
0	6	6808	308	40.71307916	-73.99851193	79	40.71911552	-74.00666661	1
0	6	1833	270	40.69308257	-73.97178913	324	40.689888	-73.981013	1
0	6	36189	326	40.72953837	-73.98426726	516	40.75206862	-73.96784384	1
0	6	5077	521	40.75044999	-73.99481051	168	40.73971301	-73.99456405	1
0	6	42178	263	40.71729	-73.996375	367	40.75828065	-73.97069431	1
0	6	13587	488	40.75645824	-73.99372222	512	40.7500727	-73.99839279	1
0	6	3609	521	40.75044999	-73.99481051	474	40.7451677	-73.98683077	1
0	6	6893	490	40.751551	-73.993934	347	40.72873888	-74.00748842	1
0	6	1373	449	40.76461837	-73.98789473	500	40.76228826	-73.98336183	1
0	6	1239	461	40.73587678	-73.98205027	534	40.70255065	-74.0127234	1
0	6	1473	380	40.73401143	-74.00293877	382	40.73492695	-73.99200509	1
0	6	10450	459	40.746745	-74.007756	318	40.75320159	-73.9779874	1
0	6	12964	330	40.71450451	-74.00562789	357	40.73261787	-73.99158043	1
0	6	39984	496	40.73726186	-73.99238967	540	40.74147286	-73.98320928	1
0	6	14563	517	40.75149263	-73.97798848	326	40.72953837	-73.98426726	1
0	6	1125	513	40.768254	-73.988639	500	40.76228826	-73.98336183	1
0	6	8595	151	40.7218158	-73.99720307	401	40.72019576	-73.98997825	1
0	6	4671	462	40.74691959	-74.00451887	212	40.74334935	-74.00681753	1
0	6	11432	459	40.746745	-74.007756	490	40.751551	-73.993934	1
0	6	35314	409	40.6906495	-73.95643107	343	40.69794	-73.96986848	1
0	6	1539	174	40.7381765	-73.97738662	2023	40.75968085	-73.97031366	1
0	6	5387	2000	40.70255088	-73.98940236	430	40.7014851	-73.98656928	1
0	6	42179	383	40.735238	-74.000271	531	40.71893904	-73.99266288	1
0	6	24477	546	40.74444921	-73.98303529	382	40.73492695	-73.99200509	1
0	6	11635	521	40.75044999	-73.99481051	450	40.76227205	-73.98788205	1
0	6	4696	2021	40.75929124	-73.98859651	457	40.76695317	-73.98169333	1
0	6	21518	439	40.7262807	-73.98978041	316	40.70955958	-74.00653609	1
0	6	991	496	40.73726186	-73.99238967	2012	40.739445	-73.976806	1
0	6	4528	164	40.75323098	-73.97032517	507	40.73912601	-73.97973776	1
0	6	1406	512	40.7500727	-73.99839279	212	40.74334935	-74.00681753	1
0	6	18031	499	40.76915505	-73.98191841	496	40.73726186	-73.99238967	1
0	6	1454	540	40.74147286	-73.98320928	486	40.7462009	-73.98855723	1
0	6	37657	446	40.74487634	-73.99529885	362	40.75172632	-73.98753523	1
0	6	12510	521	40.75044999	-73.99481051	294	40.73049393	-73.9957214	1
0	6	279	417	40.71291224	-74.01020234	306	40.70823502	-74.00530063	1
0	6	676	519	40.75188406	-73.97770164	475	40.73524276	-73.98758561	1
0	6	17538	499	40.76915505	-73.98191841	459	40.746745	-74.007756	1
0	6	643	2003	40.73416059	-73.98024289	497	40.73704984	-73.99009296	1
0	6	2034	417	40.71291224	-74.01020234	304	40.70463334	-74.01361706	1
0	6	3049	325	40.73624527	-73.98473765	402	40.7403432	-73.98955109	1
0	6	13200	472	40.7457121	-73.98194829	442	40.746647	-73.993915	1
0	6	13745	469	40.76344058	-73.98268129	518	40.74780373	-73.9734419	1
0	6	1402	502	40.714215	-73.981346	402	40.7403432	-73.98955109	1
0	6	4745	486	40.7462009	-73.98855723	536	40.74144387	-73.97536082	1
0	6	25805	518	40.74780373	-73.9734419	337	40.7037992	-74.00838676	1
0	6	25087	164	40.75323098	-73.97032517	495	40.76269882	-73.99301222	1
0	6	1465	401	40.72019576	-73.98997825	337	40.7037992	-74.00838676	1
0	6	15253	445	40.72740794	-73.98142006	475	40.73524276	-73.98758561	1
0	6	42180	379	40.749156	-73.9916	341	40.71782143	-73.97628939	1
0	6	2437	318	40.75320159	-73.9779874	510	40.7606597	-73.98042047	1
0	6	1355	476	40.74394314	-73.97966069	485	40.75038009	-73.98338988	1
0	6	36733	379	40.749156	-73.9916	128	40.72710258	-74.00297088	1
0	6	1041	477	40.75640548	-73.9900262	318	40.75320159	-73.9779874	1
0	6	27096	336	40.73047747	-73.99906065	305	40.76095756	-73.96724467	1
0	6	1438	445	40.72740794	-73.98142006	285	40.73454567	-73.99074142	1
0	6	36150	470	40.74345335	-74.00004031	444	40.7423543	-73.98915076	1
0	6	11424	2021	40.75929124	-73.98859651	450	40.76227205	-73.98788205	1
0	6	1249	326	40.72953837	-73.98426726	294	40.73049393	-73.9957214	1
0	6	32074	253	40.73543934	-73.99453948	251	40.72317958	-73.99480012	1
0	6	814	2002	40.716887	-73.963198	195	40.70905623	-74.01043382	1
0	6	403	477	40.75640548	-73.9900262	462	40.74691959	-74.00451887	1
0	6	1038	479	40.76019252	-73.9912551	2012	40.739445	-73.976806	1
0	6	1911	432	40.72621788	-73.98379855	293	40.73028666	-73.9907647	1
0	6	1508	285	40.73454567	-73.99074142	360	40.70717936	-74.00887308	1
0	6	2265	2012	40.739445	-73.976806	486	40.7462009	-73.98855723	1
0	6	42181	470	40.74345335	-74.00004031	150	40.7208736	-73.98085795	1
0	6	1064	546	40.74444921	-73.98303529	459	40.746745	-74.007756	1
0	6	42182	2010	40.72165481	-74.00234737	303	40.72362738	-73.99949601	1
0	6	10008	305	40.76095756	-73.96724467	524	40.75527307	-73.98316936	1
0	6	7373	465	40.75513557	-73.98658032	510	40.7606597	-73.98042047	1
0	6	1710	477	40.75640548	-73.9900262	153	40.752062307	-73.9816324043	1
0	6	7360	477	40.75640548	-73.9900262	435	40.74173969	-73.99415556	1
0	6	42183	466	40.74395411	-73.99144871	386	40.71494807	-74.00234482	1
0	6	1521	482	40.73935542	-73.99931783	382	40.73492695	-73.99200509	1
0	6	40825	521	40.75044999	-73.99481051	510	40.7606597	-73.98042047	1
0	6	1692	524	40.75527307	-73.98316936	359	40.75510267	-73.97498696	1
0	6	10853	477	40.75640548	-73.9900262	464	40.75934501	-73.96759673	1
0	6	1295	267	40.75097711	-73.98765428	519	40.75188406	-73.97770164	1
0	6	4252	488	40.75645824	-73.99372222	497	40.73704984	-73.99009296	1
0	6	37310	2022	40.75849116	-73.95920622	484	40.75500254	-73.98014437	1
0	6	23885	448	40.75660359	-73.9979009	515	40.76009437	-73.99461843	1
0	6	9648	426	40.71754834	-74.01322069	79	40.71911552	-74.00666661	1
0	6	24480	521	40.75044999	-73.99481051	475	40.73524276	-73.98758561	2
0	6	1070	508	40.76341379	-73.99667444	224	40.71146364	-74.00552427	1
0	6	1733	174	40.7381765	-73.97738662	440	40.75255434	-73.97282625	1
0	6	24470	521	40.75044999	-73.99481051	522	40.75714758	-73.97207836	1
0	6	8125	488	40.75645824	-73.99372222	519	40.75188406	-73.97770164	2
0	6	11269	387	40.71273266	-74.0046073	337	40.7037992	-74.00838676	1
0	6	28982	450	40.76227205	-73.98788205	317	40.72453734	-73.98185424	1
0	6	27033	151	40.7218158	-73.99720307	382	40.73492695	-73.99200509	1
0	6	5293	312	40.722055	-73.989111	236	40.7284186	-73.98713956	1
0	6	2946	295	40.71406667	-73.99293911	410	40.72066442	-73.98517977	1
0	6	42184	401	40.72019576	-73.98997825	411	40.72228087	-73.97668709	1
0	6	972	358	40.73291553	-74.00711384	450	40.76227205	-73.98788205	1
0	6	35293	317	40.72453734	-73.98185424	254	40.73532427	-73.99800419	1
0	6	1515	524	40.75527307	-73.98316936	228	40.7546011026	-73.971878855	1
0	6	1065	521	40.75044999	-73.99481051	525	40.75594159	-74.0021163	1
0	6	26374	328	40.72405549	-74.00965965	329	40.72043411	-74.01020609	1
0	6	499	308	40.71307916	-73.99851193	461	40.73587678	-73.98205027	1
0	6	24438	160	40.748238	-73.978311	329	40.72043411	-74.01020609	1
0	6	920	480	40.76669671	-73.99061728	510	40.7606597	-73.98042047	1
0	6	5779	245	40.69327018	-73.97703874	239	40.69196566	-73.9813018	1
0	6	23101	284	40.7390169121	-74.0026376103	453	40.74475148	-73.99915362	1
0	6	42185	461	40.73587678	-73.98205027	264	40.70706456	-74.00731853	1
0	6	1529	315	40.70355377	-74.00670227	195	40.70905623	-74.01043382	1
0	6	10704	477	40.75640548	-73.9900262	225	40.74195138	-74.00803013	1
0	6	2147	511	40.72938685	-73.97772429	301	40.72217444	-73.98368779	1
0	6	1122	462	40.74691959	-74.00451887	329	40.72043411	-74.01020609	1
0	6	5802	466	40.74395411	-73.99144871	472	40.7457121	-73.98194829	1
0	6	24527	521	40.75044999	-73.99481051	484	40.75500254	-73.98014437	1
0	6	36475	380	40.73401143	-74.00293877	2004	40.724399	-74.004704	1
0	6	25986	281	40.7643971	-73.97371465	385	40.75797322	-73.96603308	1
0	6	15915	490	40.751551	-73.993934	285	40.73454567	-73.99074142	1
0	6	24777	315	40.70355377	-74.00670227	327	40.7153379	-74.01658354	1
0	6	8079	72	40.76727216	-73.99392888	447	40.76370739	-73.9851615	1
0	6	1305	317	40.72453734	-73.98185424	260	40.70365182	-74.01167797	1
0	6	1323	2009	40.71117444	-73.99682619	527	40.74315566	-73.97434726	1
0	6	3112	480	40.76669671	-73.99061728	447	40.76370739	-73.9851615	1
0	6	722	318	40.75320159	-73.9779874	173	40.76064679	-73.98442659	1
0	6	2204	2021	40.75929124	-73.98859651	510	40.7606597	-73.98042047	1
0	6	36198	262	40.69178232	-73.97372989	243	40.687979	-73.978474	1
0	6	1537	515	40.76009437	-73.99461843	173	40.76064679	-73.98442659	1
0	6	3749	444	40.7423543	-73.98915076	174	40.7381765	-73.97738662	1
0	6	2198	382	40.73492695	-73.99200509	493	40.7568001	-73.98291153	1
0	6	1400	331	40.71173107	-73.99193043	315	40.70355377	-74.00670227	1
0	6	1874	511	40.72938685	-73.97772429	428	40.72467721	-73.98783413	1
0	6	1625	488	40.75645824	-73.99372222	285	40.73454567	-73.99074142	1
0	6	9207	326	40.72953837	-73.98426726	527	40.74315566	-73.97434726	1
0	6	1481	480	40.76669671	-73.99061728	524	40.75527307	-73.98316936	1
0	6	42186	236	40.7284186	-73.98713956	519	40.75188406	-73.97770164	1
0	6	1795	477	40.75640548	-73.9900262	173	40.76064679	-73.98442659	1
0	6	1477	502	40.714215	-73.981346	296	40.71413089	-73.9970468	1
0	6	9171	2021	40.75929124	-73.98859651	337	40.7037992	-74.00838676	1
0	6	1981	457	40.76695317	-73.98169333	456	40.7597108	-73.97402311	1
0	6	17186	238	40.7361967	-74.00859207	375	40.72679454	-73.99695094	1
0	6	1552	448	40.75660359	-73.9979009	521	40.75044999	-73.99481051	1
0	6	42187	385	40.75797322	-73.96603308	520	40.75992262	-73.97648516	1
0	6	24436	247	40.73535398	-74.00483091	520	40.75992262	-73.97648516	1
0	6	34734	488	40.75645824	-73.99372222	528	40.74290902	-73.97706058	1
0	6	11758	485	40.75038009	-73.98338988	2006	40.76590936	-73.97634151	1
0	6	2159	408	40.71076228	-73.99400398	387	40.71273266	-74.0046073	1
0	6	35354	477	40.75640548	-73.9900262	455	40.75001986	-73.96905301	1
0	6	30624	469	40.76344058	-73.98268129	253	40.73543934	-73.99453948	1
0	6	42188	416	40.68753406	-73.97265183	416	40.68753406	-73.97265183	1
0	6	30287	453	40.74475148	-73.99915362	305	40.76095756	-73.96724467	1
0	6	24439	477	40.75640548	-73.9900262	347	40.72873888	-74.00748842	1
0	6	5479	318	40.75320159	-73.9779874	474	40.7451677	-73.98683077	1
0	6	1633	501	40.744219	-73.97121214	367	40.75828065	-73.97069431	1
0	6	14848	250	40.72456089	-73.99565293	293	40.73028666	-73.9907647	1
