0	6	578	487	40.73314259	-73.97573881	2000	40.70255088	-73.98940236	1
0	6	24209	487	40.73314259	-73.97573881	534	40.70255065	-74.0127234	1
0	6	24233	391	40.69760127	-73.99344559	345	40.73649403	-73.99704374	1
0	6	44269	167	40.7489006	-73.97604882	264	40.70706456	-74.00731853	1
0	6	8675	499	40.76915505	-73.98191841	147	40.71542197	-74.01121978	1
0	6	8980	336	40.73047747	-73.99906065	511	40.72938685	-73.97772429	1
0	6	65345	329	40.72043411	-74.01020609	359	40.75510267	-73.97498696	1
0	6	47428	2002	40.716887	-73.963198	336	40.73047747	-73.99906065	1
0	6	1226	318	40.75320159	-73.9779874	405	40.739323	-74.008119	1
0	6	59037	83	40.68382604	-73.97632328	510	40.7606597	-73.98042047	1
0	6	13526	300	40.728145	-73.990214	328	40.72405549	-74.00965965	1
0	6	25109	477	40.75640548	-73.9900262	329	40.72043411	-74.01020609	1
0	6	60360	251	40.72317958	-73.99480012	337	40.7037992	-74.00838676	1
0	6	12038	546	40.74444921	-73.98303529	440	40.75255434	-73.97282625	1
0	6	7156	498	40.74854862	-73.98808416	359	40.75510267	-73.97498696	1
0	6	24354	350	40.71559509	-73.9870295	319	40.71336124	-74.00937622	1
0	6	9861	318	40.75320159	-73.9779874	367	40.75828065	-73.97069431	1
0	6	44451	478	40.76030096	-73.99884222	510	40.7606597	-73.98042047	1
0	6	745	301	40.72217444	-73.98368779	375	40.72679454	-73.99695094	1
0	6	664	529	40.7575699	-73.99098507	352	40.76340613	-73.97722479	2
0	6	1847	475	40.73524276	-73.98758561	167	40.7489006	-73.97604882	1
0	6	3906	280	40.73331967	-73.99510132	519	40.75188406	-73.97770164	1
0	6	38769	359	40.75510267	-73.97498696	422	40.770513	-73.988038	1
0	6	31665	488	40.75645824	-73.99372222	507	40.73912601	-73.97973776	1
0	6	5629	127	40.73172428	-74.00674436	327	40.7153379	-74.01658354	1
0	6	48184	488	40.75645824	-73.99372222	2017	40.75022392	-73.97121414	1
0	6	2047	477	40.75640548	-73.9900262	522	40.75714758	-73.97207836	1
0	6	53431	369	40.73224119	-74.00026394	538	40.75795248	-73.97787642	1
0	6	2353	445	40.72740794	-73.98142006	280	40.73331967	-73.99510132	1
0	6	25236	448	40.75660359	-73.9979009	212	40.74334935	-74.00681753	1
0	6	57341	259	40.70122128	-74.01234218	402	40.7403432	-73.98955109	1
0	6	55261	516	40.75206862	-73.96784384	497	40.73704984	-73.99009296	1
0	6	864	366	40.693261	-73.968896	324	40.689888	-73.981013	1
0	6	5766	433	40.72955361	-73.98057249	496	40.73726186	-73.99238967	1
0	6	23651	307	40.71427487	-73.98990025	473	40.72110063	-73.9919254	1
0	6	503	477	40.75640548	-73.9900262	519	40.75188406	-73.97770164	4
0	6	842	477	40.75640548	-73.9900262	352	40.76340613	-73.97722479	2
0	6	40342	325	40.73624527	-73.98473765	367	40.75828065	-73.97069431	1
0	6	3530	167	40.7489006	-73.97604882	228	40.7546011026	-73.971878855	1
0	6	21319	509	40.7454973	-74.00197139	358	40.73291553	-74.00711384	1
0	6	662	477	40.75640548	-73.9900262	293	40.73028666	-73.9907647	1
0	6	2061	297	40.734232	-73.986923	519	40.75188406	-73.97770164	1
0	6	8967	477	40.75640548	-73.9900262	486	40.7462009	-73.98855723	1
0	6	1563	116	40.74177603	-74.00149746	168	40.73971301	-73.99456405	1
0	6	40784	529	40.7575699	-73.99098507	290	40.76020258	-73.96478473	1
0	6	762	485	40.75038009	-73.98338988	281	40.7643971	-73.97371465	1
0	6	15972	346	40.73652889	-74.00618026	276	40.71748752	-74.0104554	1
0	6	8546	477	40.75640548	-73.9900262	458	40.751396	-74.005226	1
0	6	747	477	40.75640548	-73.9900262	497	40.73704984	-73.99009296	1
0	6	54757	529	40.7575699	-73.99098507	516	40.75206862	-73.96784384	1
0	6	1039	320	40.71743998	-74.00583475	2004	40.724399	-74.004704	1
0	6	768	519	40.75188406	-73.97770164	526	40.74765947	-73.98490707	1
0	6	11994	511	40.72938685	-73.97772429	297	40.734232	-73.986923	1
0	6	30567	382	40.73492695	-73.99200509	195	40.70905623	-74.01043382	1
0	6	12788	521	40.75044999	-73.99481051	326	40.72953837	-73.98426726	1
0	6	24265	223	40.73781509	-73.99994661	405	40.739323	-74.008119	1
0	6	671	229	40.72743423	-73.99379025	493	40.7568001	-73.98291153	1
0	6	35215	341	40.71782143	-73.97628939	116	40.74177603	-74.00149746	1
0	6	757	477	40.75640548	-73.9900262	167	40.7489006	-73.97604882	1
0	6	4218	127	40.73172428	-74.00674436	348	40.72490985	-74.00154702	1
0	6	37550	428	40.72467721	-73.98783413	442	40.746647	-73.993915	1
0	6	1710	477	40.75640548	-73.9900262	153	40.752062307	-73.9816324043	1
0	6	12544	459	40.746745	-74.007756	294	40.73049393	-73.9957214	1
0	6	2915	433	40.72955361	-73.98057249	497	40.73704984	-73.99009296	1
0	6	1330	153	40.752062307	-73.9816324043	518	40.74780373	-73.9734419	1
0	6	43848	312	40.722055	-73.989111	369	40.73224119	-74.00026394	1
0	6	1127	523	40.75466591	-73.99138152	457	40.76695317	-73.98169333	1
0	6	38827	336	40.73047747	-73.99906065	345	40.73649403	-73.99704374	1
0	6	44082	2008	40.70569254	-74.01677685	486	40.7462009	-73.98855723	1
0	6	2878	504	40.73221853	-73.98165557	281	40.7643971	-73.97371465	1
0	6	1159	529	40.7575699	-73.99098507	359	40.75510267	-73.97498696	1
0	6	750	326	40.72953837	-73.98426726	167	40.7489006	-73.97604882	1
0	6	66421	473	40.72110063	-73.9919254	492	40.75019995	-73.99093085	1
0	6	53130	284	40.7390169121	-74.0026376103	538	40.75795248	-73.97787642	1
0	6	2746	519	40.75188406	-73.97770164	304	40.70463334	-74.01361706	1
0	6	11099	453	40.74475148	-73.99915362	459	40.746745	-74.007756	1
0	6	786	488	40.75645824	-73.99372222	536	40.74144387	-73.97536082	1
0	6	8258	459	40.746745	-74.007756	459	40.746745	-74.007756	1
0	6	66422	433	40.72955361	-73.98057249	304	40.70463334	-74.01361706	1
0	6	50522	528	40.74290902	-73.97706058	524	40.75527307	-73.98316936	1
0	6	65336	528	40.74290902	-73.97706058	173	40.76064679	-73.98442659	1
0	6	35201	290	40.76020258	-73.96478473	444	40.7423543	-73.98915076	1
0	6	39902	486	40.7462009	-73.98855723	487	40.73314259	-73.97573881	1
0	6	14981	450	40.76227205	-73.98788205	504	40.73221853	-73.98165557	1
0	6	21119	528	40.74290902	-73.97706058	325	40.73624527	-73.98473765	1
0	6	681	3002	40.711512	-74.015756	329	40.72043411	-74.01020609	1
0	6	22227	453	40.74475148	-73.99915362	369	40.73224119	-74.00026394	1
0	6	24277	485	40.75038009	-73.98338988	402	40.7403432	-73.98955109	1
0	6	24457	326	40.72953837	-73.98426726	456	40.7597108	-73.97402311	2
0	6	66423	2002	40.716887	-73.963198	486	40.7462009	-73.98855723	1
0	6	28267	79	40.71911552	-74.00666661	319	40.71336124	-74.00937622	1
0	6	891	224	40.71146364	-74.00552427	306	40.70823502	-74.00530063	3
0	6	16679	479	40.76019252	-73.9912551	521	40.75044999	-73.99481051	1
0	6	1911	432	40.72621788	-73.98379855	293	40.73028666	-73.9907647	1
0	6	5089	267	40.75097711	-73.98765428	524	40.75527307	-73.98316936	1
0	6	2731	358	40.73291553	-74.00711384	328	40.72405549	-74.00965965	1
0	6	18640	358	40.73291553	-74.00711384	446	40.74487634	-73.99529885	1
0	6	1140	502	40.714215	-73.981346	401	40.72019576	-73.98997825	1
0	6	1156	417	40.71291224	-74.01020234	360	40.70717936	-74.00887308	3
0	6	946	515	40.76009437	-73.99461843	359	40.75510267	-73.97498696	2
0	6	52105	366	40.693261	-73.968896	262	40.69178232	-73.97372989	1
0	6	6148	454	40.75455731	-73.96592976	422	40.770513	-73.988038	1
0	6	23136	478	40.76030096	-73.99884222	2021	40.75929124	-73.98859651	1
0	6	30242	341	40.71782143	-73.97628939	307	40.71427487	-73.98990025	1
0	6	972	358	40.73291553	-74.00711384	450	40.76227205	-73.98788205	1
0	6	8455	264	40.70706456	-74.00731853	152	40.71473993	-74.00910627	1
0	6	6286	325	40.73624527	-73.98473765	267	40.75097711	-73.98765428	1
0	6	13805	469	40.76344058	-73.98268129	492	40.75019995	-73.99093085	1
0	6	23075	529	40.7575699	-73.99098507	422	40.770513	-73.988038	1
0	6	22346	490	40.751551	-73.993934	499	40.76915505	-73.98191841	1
0	6	27746	477	40.75640548	-73.9900262	325	40.73624527	-73.98473765	1
0	6	2309	290	40.76020258	-73.96478473	359	40.75510267	-73.97498696	1
0	6	1318	2009	40.71117444	-73.99682619	360	40.70717936	-74.00887308	1
0	6	49977	417	40.71291224	-74.01020234	511	40.72938685	-73.97772429	1
0	6	1629	160	40.748238	-73.978311	351	40.70530954	-74.00612572	1
0	6	654	325	40.73624527	-73.98473765	388	40.749717753	-74.002950346	1
0	6	14298	470	40.74345335	-74.00004031	496	40.73726186	-73.99238967	1
0	6	1538	528	40.74290902	-73.97706058	305	40.76095756	-73.96724467	1
0	6	65333	431	40.68864636	-73.98263429	143	40.69239502	-73.99337909	1
0	6	30706	504	40.73221853	-73.98165557	319	40.71336124	-74.00937622	1
0	6	28274	217	40.70277159	-73.99383605	233	40.69246277	-73.98963911	1
0	6	754	546	40.74444921	-73.98303529	168	40.73971301	-73.99456405	1
0	6	18835	488	40.75645824	-73.99372222	489	40.75066386	-74.00176802	1
0	6	3023	514	40.76087502	-74.00277668	465	40.75513557	-73.98658032	1
0	6	24289	241	40.68981035	-73.97493121	305	40.76095756	-73.96724467	1
0	6	23204	285	40.73454567	-73.99074142	247	40.73535398	-74.00483091	1
0	6	839	521	40.75044999	-73.99481051	337	40.7037992	-74.00838676	1
0	6	1119	521	40.75044999	-73.99481051	463	40.74206539	-74.00443172	1
0	6	34734	488	40.75645824	-73.99372222	528	40.74290902	-73.97706058	1
0	6	7094	422	40.770513	-73.988038	327	40.7153379	-74.01658354	1
0	6	7401	428	40.72467721	-73.98783413	168	40.73971301	-73.99456405	1
0	6	836	514	40.76087502	-74.00277668	459	40.746745	-74.007756	1
0	6	29685	2017	40.75022392	-73.97121414	515	40.76009437	-73.99461843	1
0	6	15532	352	40.76340613	-73.97722479	173	40.76064679	-73.98442659	1
0	6	26840	477	40.75640548	-73.9900262	479	40.76019252	-73.9912551	1
0	6	25903	275	40.68650065	-73.96563307	344	40.6851443	-73.95380904	1
0	6	1108	345	40.73649403	-73.99704374	347	40.72873888	-74.00748842	1
0	6	8756	147	40.71542197	-74.01121978	329	40.72043411	-74.01020609	1
0	6	970	469	40.76344058	-73.98268129	499	40.76915505	-73.98191841	1
0	6	724	237	40.73047309	-73.98672378	285	40.73454567	-73.99074142	1
0	6	843	342	40.71739973	-73.98016555	417	40.71291224	-74.01020234	1
0	6	10289	540	40.74147286	-73.98320928	285	40.73454567	-73.99074142	1
0	6	66424	356	40.71622644	-73.98261206	173	40.76064679	-73.98442659	1
0	6	15182	274	40.68691865	-73.976682	354	40.69363137	-73.96223558	1
0	6	649	327	40.7153379	-74.01658354	329	40.72043411	-74.01020609	5
0	6	580	363	40.70834698	-74.01713445	327	40.7153379	-74.01658354	1
0	6	37743	518	40.74780373	-73.9734419	449	40.76461837	-73.98789473	1
0	6	890	488	40.75645824	-73.99372222	336	40.73047747	-73.99906065	1
0	6	42219	512	40.7500727	-73.99839279	440	40.75255434	-73.97282625	1
0	6	4882	545	40.736502	-73.97809472	442	40.746647	-73.993915	1
0	6	867	477	40.75640548	-73.9900262	484	40.75500254	-73.98014437	1
0	6	5249	529	40.7575699	-73.99098507	458	40.751396	-74.005226	1
0	6	7154	318	40.75320159	-73.9779874	305	40.76095756	-73.96724467	1
0	6	36704	128	40.72710258	-74.00297088	265	40.72229346	-73.99147535	1
0	6	8363	529	40.7575699	-73.99098507	447	40.76370739	-73.9851615	1
0	6	2924	482	40.73935542	-73.99931783	327	40.7153379	-74.01658354	1
0	6	981	173	40.76064679	-73.98442659	450	40.76227205	-73.98788205	1
0	6	38088	521	40.75044999	-73.99481051	507	40.73912601	-73.97973776	1
0	6	44525	243	40.687979	-73.978474	168	40.73971301	-73.99456405	1
0	6	34882	2017	40.75022392	-73.97121414	483	40.73223272	-73.98889957	1
0	6	1983	258	40.68940747	-73.96885458	324	40.689888	-73.981013	1
0	6	44681	533	40.75299641	-73.98721619	236	40.7284186	-73.98713956	1
0	6	913	345	40.73649403	-73.99704374	345	40.73649403	-73.99704374	1
0	6	4307	472	40.7457121	-73.98194829	524	40.75527307	-73.98316936	1
0	6	3223	511	40.72938685	-73.97772429	435	40.74173969	-73.99415556	1
0	6	36203	300	40.728145	-73.990214	312	40.722055	-73.989111	1
0	6	3475	244	40.69196035	-73.96536851	324	40.689888	-73.981013	2
0	6	17763	291	40.713126	-73.984844	306	40.70823502	-74.00530063	1
0	6	32060	302	40.72082834	-73.97793172	307	40.71427487	-73.98990025	1
0	6	923	488	40.75645824	-73.99372222	147	40.71542197	-74.01121978	1
0	6	46558	438	40.72779126	-73.98564945	499	40.76915505	-73.98191841	1
0	6	6066	2009	40.71117444	-73.99682619	315	40.70355377	-74.00670227	1
0	6	24380	307	40.71427487	-73.98990025	212	40.74334935	-74.00681753	1
0	6	7984	492	40.75019995	-73.99093085	325	40.73624527	-73.98473765	1
0	6	1361	167	40.7489006	-73.97604882	510	40.7606597	-73.98042047	1
0	6	29953	319	40.71336124	-74.00937622	293	40.73028666	-73.9907647	1
0	6	44998	308	40.71307916	-73.99851193	402	40.7403432	-73.98955109	1
0	6	17395	410	40.72066442	-73.98517977	341	40.71782143	-73.97628939	1
0	6	47826	358	40.73291553	-74.00711384	486	40.7462009	-73.98855723	1
0	6	2488	518	40.74780373	-73.9734419	519	40.75188406	-73.97770164	1
0	6	8105	382	40.73492695	-73.99200509	2004	40.724399	-74.004704	1
0	6	12520	2022	40.75849116	-73.95920622	2017	40.75022392	-73.97121414	1
0	6	46187	486	40.7462009	-73.98855723	511	40.72938685	-73.97772429	1
0	6	13916	428	40.72467721	-73.98783413	293	40.73028666	-73.9907647	1
0	6	48893	348	40.72490985	-74.00154702	387	40.71273266	-74.0046073	1
0	6	19289	323	40.69236178	-73.98631746	301	40.72217444	-73.98368779	1
0	6	2606	480	40.76669671	-73.99061728	450	40.76227205	-73.98788205	1
0	6	951	507	40.73912601	-73.97973776	510	40.7606597	-73.98042047	1
0	6	25478	422	40.770513	-73.988038	468	40.7652654	-73.98192338	1
0	6	24241	515	40.76009437	-73.99461843	2012	40.739445	-73.976806	1
0	6	1079	318	40.75320159	-73.9779874	524	40.75527307	-73.98316936	2
0	6	2249	533	40.75299641	-73.98721619	444	40.7423543	-73.98915076	1
0	6	54747	393	40.72299208	-73.97995466	290	40.76020258	-73.96478473	1
0	6	917	504	40.73221853	-73.98165557	2012	40.739445	-73.976806	1
0	6	3509	326	40.72953837	-73.98426726	497	40.73704984	-73.99009296	1
0	6	42116	483	40.73223272	-73.98889957	417	40.71291224	-74.01020234	1
0	6	44685	465	40.75513557	-73.98658032	2021	40.75929124	-73.98859651	1
0	6	1106	238	40.7361967	-74.00859207	328	40.72405549	-74.00965965	1
0	6	19924	375	40.72679454	-73.99695094	151	40.7218158	-73.99720307	1
0	6	2456	468	40.7652654	-73.98192338	456	40.7597108	-73.97402311	1
0	6	35324	243	40.687979	-73.978474	510	40.7606597	-73.98042047	1
0	6	1092	511	40.72938685	-73.97772429	497	40.73704984	-73.99009296	1
0	6	990	531	40.71893904	-73.99266288	417	40.71291224	-74.01020234	1
0	6	5250	492	40.75019995	-73.99093085	167	40.7489006	-73.97604882	1
0	6	48960	275	40.68650065	-73.96563307	275	40.68650065	-73.96563307	1
0	6	21086	275	40.68650065	-73.96563307	313	40.69610226	-73.96751037	1
0	6	943	327	40.7153379	-74.01658354	417	40.71291224	-74.01020234	1
0	6	2127	264	40.70706456	-74.00731853	415	40.7047177	-74.00926027	1
0	6	31272	546	40.74444921	-73.98303529	472	40.7457121	-73.98194829	2
0	6	58683	512	40.7500727	-73.99839279	457	40.76695317	-73.98169333	1
0	6	24238	376	40.70862144	-74.00722156	260	40.70365182	-74.01167797	1
0	6	31760	391	40.69760127	-73.99344559	430	40.7014851	-73.98656928	1
0	6	2547	318	40.75320159	-73.9779874	490	40.751551	-73.993934	1
0	6	908	477	40.75640548	-73.9900262	538	40.75795248	-73.97787642	1
0	6	8420	327	40.7153379	-74.01658354	147	40.71542197	-74.01121978	1
0	6	977	477	40.75640548	-73.9900262	500	40.76228826	-73.98336183	1
0	6	11680	512	40.7500727	-73.99839279	458	40.751396	-74.005226	1
0	6	15667	494	40.74734825	-73.99723551	521	40.75044999	-73.99481051	1
0	6	975	2008	40.70569254	-74.01677685	304	40.70463334	-74.01361706	1
0	6	25434	511	40.72938685	-73.97772429	285	40.73454567	-73.99074142	1
0	6	983	319	40.71336124	-74.00937622	329	40.72043411	-74.01020609	1
0	6	11603	526	40.74765947	-73.98490707	537	40.74025878	-73.98409214	1
0	6	800	477	40.75640548	-73.9900262	359	40.75510267	-73.97498696	2
0	6	18504	515	40.76009437	-73.99461843	284	40.7390169121	-74.0026376103	1
0	6	43869	267	40.75097711	-73.98765428	456	40.7597108	-73.97402311	1
0	6	19762	116	40.74177603	-74.00149746	518	40.74780373	-73.9734419	1
0	6	15107	520	40.75992262	-73.97648516	510	40.7606597	-73.98042047	1
0	6	11471	2012	40.739445	-73.976806	528	40.74290902	-73.97706058	1
0	6	17551	346	40.73652889	-74.00618026	347	40.72873888	-74.00748842	1
0	6	13258	146	40.71625008	-74.0091059	329	40.72043411	-74.01020609	1
0	6	29573	358	40.73291553	-74.00711384	484	40.75500254	-73.98014437	1
0	6	24332	477	40.75640548	-73.9900262	517	40.75149263	-73.97798848	1
0	6	751	271	40.68528172	-73.97805813	2000	40.70255088	-73.98940236	1
0	6	22642	482	40.73935542	-73.99931783	253	40.73543934	-73.99453948	1
0	6	10032	293	40.73028666	-73.9907647	151	40.7218158	-73.99720307	1
0	6	25025	2003	40.73416059	-73.98024289	417	40.71291224	-74.01020234	1
0	6	971	529	40.7575699	-73.99098507	457	40.76695317	-73.98169333	1
0	6	23006	483	40.73223272	-73.98889957	285	40.73454567	-73.99074142	1
0	6	38869	488	40.75645824	-73.99372222	455	40.75001986	-73.96905301	1
0	6	3379	401	40.72019576	-73.98997825	375	40.72679454	-73.99695094	1
0	6	11958	402	40.7403432	-73.98955109	546	40.74444921	-73.98303529	1
0	6	2822	487	40.73314259	-73.97573881	545	40.736502	-73.97809472	2
0	6	289	358	40.73291553	-74.00711384	116	40.74177603	-74.00149746	1
0	6	817	320	40.71743998	-74.00583475	417	40.71291224	-74.01020234	1
0	6	2883	519	40.75188406	-73.97770164	497	40.73704984	-73.99009296	1
0	6	950	342	40.71739973	-73.98016555	296	40.71413089	-73.9970468	1
0	6	8238	472	40.7457121	-73.98194829	284	40.7390169121	-74.0026376103	1
0	6	1241	318	40.75320159	-73.9779874	520	40.75992262	-73.97648516	1
0	6	22416	285	40.73454567	-73.99074142	328	40.72405549	-74.00965965	1
0	6	32466	238	40.7361967	-74.00859207	488	40.75645824	-73.99372222	1
0	6	9723	228	40.7546011026	-73.971878855	507	40.73912601	-73.97973776	1
0	6	14529	458	40.751396	-74.005226	329	40.72043411	-74.01020609	1
0	6	2668	477	40.75640548	-73.9900262	440	40.75255434	-73.97282625	1
0	6	41011	477	40.75640548	-73.9900262	280	40.73331967	-73.99510132	1
0	6	915	540	40.74147286	-73.98320928	417	40.71291224	-74.01020234	1
0	6	781	443	40.70853074	-73.96408963	384	40.68317813	-73.9659641	1
0	6	995	329	40.72043411	-74.01020609	521	40.75044999	-73.99481051	1
0	6	24299	532	40.710451	-73.960876	384	40.68317813	-73.9659641	1
0	6	14958	428	40.72467721	-73.98783413	326	40.72953837	-73.98426726	1
0	6	3054	327	40.7153379	-74.01658354	387	40.71273266	-74.0046073	2
0	6	1492	2008	40.70569254	-74.01677685	3002	40.711512	-74.015756	1
0	6	940	318	40.75320159	-73.9779874	281	40.7643971	-73.97371465	1
0	6	2304	415	40.7047177	-74.00926027	264	40.70706456	-74.00731853	1
0	6	41327	512	40.7500727	-73.99839279	546	40.74444921	-73.98303529	1
0	6	1303	391	40.69760127	-73.99344559	477	40.75640548	-73.9900262	1
0	6	22979	521	40.75044999	-73.99481051	528	40.74290902	-73.97706058	1
0	6	3218	517	40.75149263	-73.97798848	528	40.74290902	-73.97706058	1
0	6	35377	2009	40.71117444	-73.99682619	265	40.72229346	-73.99147535	1
0	6	3331	465	40.75513557	-73.98658032	305	40.76095756	-73.96724467	1
0	6	1053	345	40.73649403	-73.99704374	150	40.7208736	-73.98085795	1
0	6	46072	2003	40.73416059	-73.98024289	528	40.74290902	-73.97706058	1
0	6	784	453	40.74475148	-73.99915362	173	40.76064679	-73.98442659	1
0	6	8038	507	40.73912601	-73.97973776	474	40.7451677	-73.98683077	1
0	6	34281	2021	40.75929124	-73.98859651	228	40.7546011026	-73.971878855	1
0	6	66425	346	40.73652889	-74.00618026	440	40.75255434	-73.97282625	1
0	6	507	478	40.76030096	-73.99884222	529	40.7575699	-73.99098507	1
0	6	2089	174	40.7381765	-73.97738662	2003	40.73416059	-73.98024289	1
0	6	3165	519	40.75188406	-73.97770164	458	40.751396	-74.005226	1
0	6	24310	232	40.69597683	-73.99014892	343	40.69794	-73.96986848	1
0	6	874	482	40.73935542	-73.99931783	459	40.746745	-74.007756	2
0	6	4815	285	40.73454567	-73.99074142	375	40.72679454	-73.99695094	1
0	6	35320	328	40.72405549	-74.00965965	484	40.75500254	-73.98014437	1
0	6	2880	529	40.7575699	-73.99098507	520	40.75992262	-73.97648516	1
0	6	24268	444	40.7423543	-73.98915076	330	40.71450451	-74.00562789	1
0	6	3829	546	40.74444921	-73.98303529	536	40.74144387	-73.97536082	1
0	6	11364	318	40.75320159	-73.9779874	456	40.7597108	-73.97402311	1
0	6	35564	358	40.73291553	-74.00711384	319	40.71336124	-74.00937622	1
0	6	5762	519	40.75188406	-73.97770164	472	40.7457121	-73.98194829	1
0	6	11774	489	40.75066386	-74.00176802	334	40.74238787	-73.99726235	1
0	6	19040	518	40.74780373	-73.9734419	462	40.74691959	-74.00451887	1
0	6	5309	448	40.75660359	-73.9979009	352	40.76340613	-73.97722479	1
0	6	13561	468	40.7652654	-73.98192338	500	40.76228826	-73.98336183	1
0	6	24226	529	40.7575699	-73.99098507	137	40.761628	-73.972924	1
0	6	24334	223	40.73781509	-73.99994661	318	40.75320159	-73.9779874	1
0	6	35304	434	40.74317449	-74.00366443	534	40.70255065	-74.0127234	1
0	6	42393	485	40.75038009	-73.98338988	455	40.75001986	-73.96905301	1
0	6	4070	294	40.73049393	-73.9957214	444	40.7423543	-73.98915076	1
0	6	25824	438	40.72779126	-73.98564945	358	40.73291553	-74.00711384	1
0	6	676	519	40.75188406	-73.97770164	475	40.73524276	-73.98758561	2
0	6	926	540	40.74147286	-73.98320928	466	40.74395411	-73.99144871	1
0	6	57155	529	40.7575699	-73.99098507	367	40.75828065	-73.97069431	1
0	6	8436	447	40.76370739	-73.9851615	359	40.75510267	-73.97498696	1
0	6	34896	513	40.768254	-73.988639	510	40.7606597	-73.98042047	1
0	6	279	417	40.71291224	-74.01020234	306	40.70823502	-74.00530063	1
0	6	780	318	40.75320159	-73.9779874	493	40.7568001	-73.98291153	1
0	6	1264	302	40.72082834	-73.97793172	521	40.75044999	-73.99481051	1
0	6	12448	528	40.74290902	-73.97706058	497	40.73704984	-73.99009296	1
0	6	22355	479	40.76019252	-73.9912551	382	40.73492695	-73.99200509	1
0	6	42521	2021	40.75929124	-73.98859651	137	40.761628	-73.972924	1
0	6	54755	529	40.7575699	-73.99098507	304	40.70463334	-74.01361706	1
0	6	39941	497	40.73704984	-73.99009296	522	40.75714758	-73.97207836	1
0	6	16677	519	40.75188406	-73.97770164	2006	40.76590936	-73.97634151	1
0	6	35327	224	40.71146364	-74.00552427	329	40.72043411	-74.01020609	1
0	6	24757	512	40.7500727	-73.99839279	510	40.7606597	-73.98042047	1
0	6	1849	512	40.7500727	-73.99839279	315	40.70355377	-74.00670227	1
0	6	832	448	40.75660359	-73.9979009	173	40.76064679	-73.98442659	1
0	6	1067	417	40.71291224	-74.01020234	415	40.7047177	-74.00926027	1
0	6	1074	422	40.770513	-73.988038	500	40.76228826	-73.98336183	2
0	6	1953	241	40.68981035	-73.97493121	324	40.689888	-73.981013	3
0	6	4691	444	40.7423543	-73.98915076	294	40.73049393	-73.9957214	1
0	6	9659	223	40.73781509	-73.99994661	253	40.73543934	-73.99453948	1
0	6	25237	485	40.75038009	-73.98338988	167	40.7489006	-73.97604882	1
0	6	35975	328	40.72405549	-74.00965965	422	40.770513	-73.988038	1
0	6	42121	2003	40.73416059	-73.98024289	516	40.75206862	-73.96784384	1
0	6	41183	414	40.70281858	-73.98765762	343	40.69794	-73.96986848	1
0	6	24300	518	40.74780373	-73.9734419	334	40.74238787	-73.99726235	1
0	6	36060	536	40.74144387	-73.97536082	522	40.75714758	-73.97207836	1
0	6	1041	477	40.75640548	-73.9900262	318	40.75320159	-73.9779874	1
0	6	4855	507	40.73912601	-73.97973776	472	40.7457121	-73.98194829	1
0	6	14130	477	40.75640548	-73.9900262	493	40.7568001	-73.98291153	2
0	6	985	515	40.76009437	-73.99461843	318	40.75320159	-73.9779874	2
0	6	35202	432	40.72621788	-73.98379855	337	40.7037992	-74.00838676	1
0	6	9922	446	40.74487634	-73.99529885	334	40.74238787	-73.99726235	1
0	6	12662	351	40.70530954	-74.00612572	351	40.70530954	-74.00612572	1
0	6	1050	270	40.69308257	-73.97178913	239	40.69196566	-73.9813018	1
0	6	13570	485	40.75038009	-73.98338988	318	40.75320159	-73.9779874	1
0	6	1864	433	40.72955361	-73.98057249	285	40.73454567	-73.99074142	1
0	6	11528	253	40.73543934	-73.99453948	444	40.7423543	-73.98915076	1
0	6	66426	393	40.72299208	-73.97995466	116	40.74177603	-74.00149746	1
0	6	1005	529	40.7575699	-73.99098507	267	40.75097711	-73.98765428	1
0	6	37909	464	40.75934501	-73.96759673	519	40.75188406	-73.97770164	1
0	6	3018	2008	40.70569254	-74.01677685	327	40.7153379	-74.01658354	1
0	6	884	529	40.7575699	-73.99098507	510	40.7606597	-73.98042047	1
0	6	1358	529	40.7575699	-73.99098507	228	40.7546011026	-73.971878855	1
0	6	881	174	40.7381765	-73.97738662	422	40.770513	-73.988038	1
0	6	24307	477	40.75640548	-73.9900262	496	40.73726186	-73.99238967	1
0	6	994	417	40.71291224	-74.01020234	233	40.69246277	-73.98963911	1
0	6	66427	325	40.73624527	-73.98473765	533	40.75299641	-73.98721619	1
0	6	24320	358	40.73291553	-74.00711384	174	40.7381765	-73.97738662	1
0	6	36711	485	40.75038009	-73.98338988	72	40.76727216	-73.99392888	1
0	6	222	281	40.7643971	-73.97371465	507	40.73912601	-73.97973776	1
0	6	8312	490	40.751551	-73.993934	318	40.75320159	-73.9779874	1
0	6	2557	363	40.70834698	-74.01713445	195	40.70905623	-74.01043382	1
0	6	1397	465	40.75513557	-73.98658032	359	40.75510267	-73.97498696	2
0	6	13587	488	40.75645824	-73.99372222	512	40.7500727	-73.99839279	2
0	6	826	367	40.75828065	-73.97069431	426	40.71754834	-74.01322069	1
0	6	66428	2004	40.724399	-74.004704	538	40.75795248	-73.97787642	1
0	6	62124	351	40.70530954	-74.00612572	459	40.746745	-74.007756	1
0	6	1172	470	40.74345335	-74.00004031	284	40.7390169121	-74.0026376103	1
0	6	43555	453	40.74475148	-73.99915362	524	40.75527307	-73.98316936	1
0	6	57131	82	40.71117416	-74.00016545	435	40.74173969	-73.99415556	1
0	6	7051	472	40.7457121	-73.98194829	318	40.75320159	-73.9779874	1
0	6	1833	270	40.69308257	-73.97178913	324	40.689888	-73.981013	2
0	6	1001	369	40.73224119	-74.00026394	306	40.70823502	-74.00530063	1
0	6	33932	462	40.74691959	-74.00451887	72	40.76727216	-73.99392888	1
0	6	14407	326	40.72953837	-73.98426726	483	40.73223272	-73.98889957	1
0	6	51237	259	40.70122128	-74.01234218	2012	40.739445	-73.976806	1
0	6	37282	485	40.75038009	-73.98338988	538	40.75795248	-73.97787642	1
0	6	11229	435	40.74173969	-73.99415556	325	40.73624527	-73.98473765	1
0	6	1069	508	40.76341379	-73.99667444	137	40.761628	-73.972924	1
0	6	22263	515	40.76009437	-73.99461843	519	40.75188406	-73.97770164	1
0	6	1055	404	40.7405826	-74.00550867	328	40.72405549	-74.00965965	1
0	6	62176	259	40.70122128	-74.01234218	350	40.71559509	-73.9870295	1
0	6	66430	332	40.71219906	-73.97948148	317	40.72453734	-73.98185424	1
0	6	35802	450	40.76227205	-73.98788205	442	40.746647	-73.993915	1
0	6	12521	347	40.72873888	-74.00748842	470	40.74345335	-74.00004031	1
0	6	21511	328	40.72405549	-74.00965965	446	40.74487634	-73.99529885	1
0	6	24361	437	40.6809833854	-73.9500479759	391	40.69760127	-73.99344559	1
0	6	4558	518	40.74780373	-73.9734419	351	40.70530954	-74.00612572	1
0	6	4066	368	40.73038599	-74.00214988	347	40.72873888	-74.00748842	1
0	6	28066	477	40.75640548	-73.9900262	501	40.744219	-73.97121214	1
0	6	8501	318	40.75320159	-73.9779874	533	40.75299641	-73.98721619	1
0	6	58988	528	40.74290902	-73.97706058	315	40.70355377	-74.00670227	1
0	6	785	326	40.72953837	-73.98426726	293	40.73028666	-73.9907647	1
0	6	25291	433	40.72955361	-73.98057249	316	40.70955958	-74.00653609	1
0	6	13766	252	40.73226398	-73.99852205	328	40.72405549	-74.00965965	1
0	6	2460	363	40.70834698	-74.01713445	426	40.71754834	-74.01322069	1
0	6	1090	394	40.72521311	-73.97768752	293	40.73028666	-73.9907647	1
0	6	1122	462	40.74691959	-74.00451887	329	40.72043411	-74.01020609	1
0	6	10969	517	40.75149263	-73.97798848	546	40.74444921	-73.98303529	1
0	6	28061	444	40.7423543	-73.98915076	173	40.76064679	-73.98442659	1
0	6	27219	307	40.71427487	-73.98990025	147	40.71542197	-74.01121978	1
0	6	1947	422	40.770513	-73.988038	173	40.76064679	-73.98442659	1
0	6	22320	445	40.72740794	-73.98142006	168	40.73971301	-73.99456405	1
0	6	1263	284	40.7390169121	-74.0026376103	352	40.76340613	-73.97722479	1
0	6	4010	432	40.72621788	-73.98379855	267	40.75097711	-73.98765428	1
0	6	30104	297	40.734232	-73.986923	347	40.72873888	-74.00748842	1
0	6	24694	512	40.7500727	-73.99839279	327	40.7153379	-74.01658354	1
0	6	1826	296	40.71413089	-73.9970468	417	40.71291224	-74.01020234	1
0	6	14906	534	40.70255065	-74.0127234	332	40.71219906	-73.97948148	1
0	6	24859	488	40.75645824	-73.99372222	319	40.71336124	-74.00937622	1
0	6	517	478	40.76030096	-73.99884222	490	40.751551	-73.993934	1
0	6	35359	356	40.71622644	-73.98261206	250	40.72456089	-73.99565293	1
0	6	618	521	40.75044999	-73.99481051	462	40.74691959	-74.00451887	1
0	6	1650	448	40.75660359	-73.9979009	490	40.751551	-73.993934	1
0	6	2419	403	40.72502876	-73.99069656	347	40.72873888	-74.00748842	1
0	6	21205	151	40.7218158	-73.99720307	426	40.71754834	-74.01322069	1
0	6	641	515	40.76009437	-73.99461843	510	40.7606597	-73.98042047	1
0	6	1095	127	40.73172428	-74.00674436	247	40.73535398	-74.00483091	2
0	6	60802	278	40.69766564	-73.98476437	406	40.69512845	-73.99595065	1
0	6	36784	486	40.7462009	-73.98855723	305	40.76095756	-73.96724467	1
0	6	39524	296	40.71413089	-73.9970468	325	40.73624527	-73.98473765	1
0	6	1251	488	40.75645824	-73.99372222	284	40.7390169121	-74.0026376103	1
0	6	9250	488	40.75645824	-73.99372222	359	40.75510267	-73.97498696	3
0	6	9694	318	40.75320159	-73.9779874	522	40.75714758	-73.97207836	1
0	6	1886	519	40.75188406	-73.97770164	444	40.7423543	-73.98915076	1
0	6	210	358	40.73291553	-74.00711384	284	40.7390169121	-74.0026376103	2
0	6	8437	472	40.7457121	-73.98194829	528	40.74290902	-73.97706058	2
0	6	3185	501	40.744219	-73.97121214	519	40.75188406	-73.97770164	1
0	6	1110	426	40.71754834	-74.01322069	329	40.72043411	-74.01020609	2
0	6	18982	384	40.68317813	-73.9659641	271	40.68528172	-73.97805813	1
0	6	24371	415	40.7047177	-74.00926027	534	40.70255065	-74.0127234	1
0	6	6004	267	40.75097711	-73.98765428	493	40.7568001	-73.98291153	1
0	6	53493	507	40.73912601	-73.97973776	345	40.73649403	-73.99704374	1
0	6	35505	453	40.74475148	-73.99915362	253	40.73543934	-73.99453948	2
0	6	1131	405	40.739323	-74.008119	426	40.71754834	-74.01322069	1
0	6	722	318	40.75320159	-73.9779874	173	40.76064679	-73.98442659	2
0	6	1580	511	40.72938685	-73.97772429	293	40.73028666	-73.9907647	1
0	6	5202	284	40.7390169121	-74.0026376103	405	40.739323	-74.008119	1
0	6	21078	357	40.73261787	-73.99158043	426	40.71754834	-74.01322069	1
0	6	10725	157	40.69089272	-73.99612349	323	40.69236178	-73.98631746	1
0	6	34457	512	40.7500727	-73.99839279	329	40.72043411	-74.01020609	1
0	6	2016	420	40.68764484	-73.96968902	253	40.73543934	-73.99453948	2
0	6	11960	290	40.76020258	-73.96478473	528	40.74290902	-73.97706058	1
0	6	1155	428	40.72467721	-73.98783413	116	40.74177603	-74.00149746	1
0	6	4092	318	40.75320159	-73.9779874	499	40.76915505	-73.98191841	1
0	6	18616	495	40.76269882	-73.99301222	447	40.76370739	-73.9851615	1
0	6	35144	511	40.72938685	-73.97772429	2012	40.739445	-73.976806	1
0	6	1107	406	40.69512845	-73.99595065	233	40.69246277	-73.98963911	1
0	6	4682	434	40.74317449	-74.00366443	497	40.73704984	-73.99009296	1
0	6	19044	512	40.7500727	-73.99839279	528	40.74290902	-73.97706058	1
0	6	27883	531	40.71893904	-73.99266288	394	40.72521311	-73.97768752	1
0	6	24477	546	40.74444921	-73.98303529	382	40.73492695	-73.99200509	1
0	6	1342	453	40.74475148	-73.99915362	462	40.74691959	-74.00451887	1
0	6	17993	504	40.73221853	-73.98165557	127	40.73172428	-74.00674436	1
0	6	24341	488	40.75645824	-73.99372222	475	40.73524276	-73.98758561	2
0	6	2067	419	40.69580705	-73.97355569	239	40.69196566	-73.9813018	1
0	6	18426	488	40.75645824	-73.99372222	265	40.72229346	-73.99147535	1
0	6	47258	261	40.69474881	-73.98362464	239	40.69196566	-73.9813018	1
0	6	24492	487	40.73314259	-73.97573881	388	40.749717753	-74.002950346	1
0	6	514	428	40.72467721	-73.98783413	252	40.73226398	-73.99852205	1
0	6	11934	380	40.73401143	-74.00293877	524	40.75527307	-73.98316936	1
0	6	50404	440	40.75255434	-73.97282625	517	40.75149263	-73.97798848	1
0	6	1208	546	40.74444921	-73.98303529	522	40.75714758	-73.97207836	1
0	6	16038	488	40.75645824	-73.99372222	486	40.7462009	-73.98855723	1
0	6	4297	151	40.7218158	-73.99720307	417	40.71291224	-74.01020234	1
0	6	1175	488	40.75645824	-73.99372222	137	40.761628	-73.972924	1
0	6	15106	2009	40.71117444	-73.99682619	387	40.71273266	-74.0046073	1
0	6	12773	487	40.73314259	-73.97573881	253	40.73543934	-73.99453948	1
0	6	1180	450	40.76227205	-73.98788205	318	40.75320159	-73.9779874	1
0	6	1368	504	40.73221853	-73.98165557	153	40.752062307	-73.9816324043	1
0	6	1921	504	40.73221853	-73.98165557	459	40.746745	-74.007756	1
0	6	613	488	40.75645824	-73.99372222	458	40.751396	-74.005226	1
0	6	2115	358	40.73291553	-74.00711384	504	40.73221853	-73.98165557	1
0	6	12254	482	40.73935542	-73.99931783	128	40.72710258	-74.00297088	1
0	6	42175	423	40.76584941	-73.98690506	474	40.7451677	-73.98683077	1
0	6	6615	361	40.71605866	-73.99190759	337	40.7037992	-74.00838676	1
0	6	33147	271	40.68528172	-73.97805813	431	40.68864636	-73.98263429	1
0	6	1287	519	40.75188406	-73.97770164	525	40.75594159	-74.0021163	1
0	6	1104	347	40.72873888	-74.00748842	327	40.7153379	-74.01658354	1
0	6	7427	403	40.72502876	-73.99069656	151	40.7218158	-73.99720307	1
0	6	1515	524	40.75527307	-73.98316936	228	40.7546011026	-73.971878855	1
0	6	8760	151	40.7218158	-73.99720307	229	40.72743423	-73.99379025	1
0	6	1265	504	40.73221853	-73.98165557	297	40.734232	-73.986923	1
0	6	8370	229	40.72743423	-73.99379025	432	40.72621788	-73.98379855	1
0	6	24389	258	40.68940747	-73.96885458	426	40.71754834	-74.01322069	1
0	6	27623	490	40.751551	-73.993934	359	40.75510267	-73.97498696	1
0	6	1200	490	40.751551	-73.993934	447	40.76370739	-73.9851615	1
0	6	18713	501	40.744219	-73.97121214	454	40.75455731	-73.96592976	1
0	6	1962	462	40.74691959	-74.00451887	402	40.7403432	-73.98955109	1
0	6	8125	488	40.75645824	-73.99372222	519	40.75188406	-73.97770164	1
0	6	3382	383	40.735238	-74.000271	359	40.75510267	-73.97498696	1
0	6	1244	300	40.728145	-73.990214	268	40.71910537	-73.99973337	1
0	6	3201	519	40.75188406	-73.97770164	485	40.75038009	-73.98338988	1
0	6	53232	153	40.752062307	-73.9816324043	455	40.75001986	-73.96905301	1
0	6	44849	228	40.7546011026	-73.971878855	484	40.75500254	-73.98014437	1
0	6	8172	500	40.76228826	-73.98336183	367	40.75828065	-73.97069431	1
0	6	505	417	40.71291224	-74.01020234	79	40.71911552	-74.00666661	1
0	6	29135	450	40.76227205	-73.98788205	173	40.76064679	-73.98442659	1
0	6	7848	2021	40.75929124	-73.98859651	508	40.76341379	-73.99667444	1
0	6	7563	382	40.73492695	-73.99200509	545	40.736502	-73.97809472	1
0	6	54767	120	40.68676793	-73.95928168	443	40.70853074	-73.96408963	1
0	6	11575	280	40.73331967	-73.99510132	168	40.73971301	-73.99456405	2
0	6	26108	474	40.7451677	-73.98683077	504	40.73221853	-73.98165557	1
0	6	11157	402	40.7403432	-73.98955109	497	40.73704984	-73.99009296	1
0	6	31479	504	40.73221853	-73.98165557	455	40.75001986	-73.96905301	1
0	6	20812	459	40.746745	-74.007756	388	40.749717753	-74.002950346	1
0	6	56416	276	40.71748752	-74.0104554	128	40.72710258	-74.00297088	1
0	6	49085	127	40.73172428	-74.00674436	195	40.70905623	-74.01043382	1
0	6	12599	498	40.74854862	-73.98808416	462	40.74691959	-74.00451887	1
0	6	15950	528	40.74290902	-73.97706058	450	40.76227205	-73.98788205	1
0	6	14287	341	40.71782143	-73.97628939	410	40.72066442	-73.98517977	1
0	6	7946	533	40.75299641	-73.98721619	439	40.7262807	-73.98978041	1
0	6	36045	237	40.73047309	-73.98672378	151	40.7218158	-73.99720307	1
0	6	5027	482	40.73935542	-73.99931783	466	40.74395411	-73.99144871	1
0	6	1080	2003	40.73416059	-73.98024289	440	40.75255434	-73.97282625	1
0	6	35735	290	40.76020258	-73.96478473	455	40.75001986	-73.96905301	1
0	6	12898	488	40.75645824	-73.99372222	525	40.75594159	-74.0021163	1
0	6	8230	458	40.751396	-74.005226	442	40.746647	-73.993915	1
0	6	1948	486	40.7462009	-73.98855723	497	40.73704984	-73.99009296	1
0	6	2499	408	40.71076228	-73.99400398	331	40.71173107	-73.99193043	1
0	6	1386	127	40.73172428	-74.00674436	147	40.71542197	-74.01121978	1
0	6	833	417	40.71291224	-74.01020234	534	40.70255065	-74.0127234	1
0	6	2554	308	40.71307916	-73.99851193	360	40.70717936	-74.00887308	1
0	6	1269	365	40.68223166	-73.9614583	437	40.6809833854	-73.9500479759	1
0	6	24658	383	40.735238	-74.000271	223	40.73781509	-73.99994661	1
0	6	6519	422	40.770513	-73.988038	486	40.7462009	-73.98855723	1
0	6	24420	2003	40.73416059	-73.98024289	526	40.74765947	-73.98490707	1
0	6	4519	510	40.7606597	-73.98042047	367	40.75828065	-73.97069431	1
0	6	2763	521	40.75044999	-73.99481051	329	40.72043411	-74.01020609	1
0	6	1489	482	40.73935542	-73.99931783	280	40.73331967	-73.99510132	1
0	6	1298	318	40.75320159	-73.9779874	352	40.76340613	-73.97722479	1
0	6	1347	157	40.69089272	-73.99612349	314	40.69424674	-73.99215922	1
0	6	1125	513	40.768254	-73.988639	500	40.76228826	-73.98336183	1
0	6	1275	423	40.76584941	-73.98690506	402	40.7403432	-73.98955109	1
0	6	5138	317	40.72453734	-73.98185424	450	40.76227205	-73.98788205	1
0	6	11314	116	40.74177603	-74.00149746	462	40.74691959	-74.00451887	2
0	6	3815	504	40.73221853	-73.98165557	164	40.75323098	-73.97032517	1
0	6	10103	433	40.72955361	-73.98057249	297	40.734232	-73.986923	1
0	6	1297	315	40.70355377	-74.00670227	329	40.72043411	-74.01020609	1
0	6	1692	524	40.75527307	-73.98316936	359	40.75510267	-73.97498696	2
0	6	11854	294	40.73049393	-73.9957214	2012	40.739445	-73.976806	1
0	6	1918	457	40.76695317	-73.98169333	173	40.76064679	-73.98442659	1
0	6	24681	487	40.73314259	-73.97573881	540	40.74147286	-73.98320928	1
0	6	31774	301	40.72217444	-73.98368779	347	40.72873888	-74.00748842	1
0	6	1363	167	40.7489006	-73.97604882	359	40.75510267	-73.97498696	1
0	6	5525	72	40.76727216	-73.99392888	388	40.749717753	-74.002950346	1
0	6	4035	488	40.75645824	-73.99372222	318	40.75320159	-73.9779874	1
0	6	1199	410	40.72066442	-73.98517977	323	40.69236178	-73.98631746	1
0	6	6661	518	40.74780373	-73.9734419	507	40.73912601	-73.97973776	1
0	6	1467	472	40.7457121	-73.98194829	519	40.75188406	-73.97770164	2
0	6	8617	415	40.7047177	-74.00926027	224	40.71146364	-74.00552427	1
0	6	15146	2008	40.70569254	-74.01677685	363	40.70834698	-74.01713445	1
0	6	6651	389	40.71044554	-73.96525063	2002	40.716887	-73.963198	1
0	6	24398	534	40.70255065	-74.0127234	3002	40.711512	-74.015756	1
0	6	14637	303	40.72362738	-73.99949601	504	40.73221853	-73.98165557	1
0	6	1382	493	40.7568001	-73.98291153	450	40.76227205	-73.98788205	1
0	6	2531	487	40.73314259	-73.97573881	402	40.7403432	-73.98955109	1
0	6	1205	318	40.75320159	-73.9779874	450	40.76227205	-73.98788205	1
0	6	40561	218	40.69028437	-73.98707105	157	40.69089272	-73.99612349	1
0	6	24390	524	40.75527307	-73.98316936	456	40.7597108	-73.97402311	1
0	6	2439	253	40.73543934	-73.99453948	334	40.74238787	-73.99726235	1
0	6	18710	380	40.73401143	-74.00293877	280	40.73331967	-73.99510132	1
0	6	32531	482	40.73935542	-73.99931783	357	40.73261787	-73.99158043	1
0	6	42173	334	40.74238787	-73.99726235	528	40.74290902	-73.97706058	1
0	6	3112	480	40.76669671	-73.99061728	447	40.76370739	-73.9851615	1
0	6	824	448	40.75660359	-73.9979009	519	40.75188406	-73.97770164	1
0	6	1356	326	40.72953837	-73.98426726	375	40.72679454	-73.99695094	1
0	6	12420	504	40.73221853	-73.98165557	504	40.73221853	-73.98165557	1
0	6	2437	318	40.75320159	-73.9779874	510	40.7606597	-73.98042047	1
0	6	23177	223	40.73781509	-73.99994661	519	40.75188406	-73.97770164	1
0	6	6567	479	40.76019252	-73.9912551	508	40.76341379	-73.99667444	2
0	6	1681	263	40.71729	-73.996375	152	40.71473993	-74.00910627	1
0	6	40858	510	40.7606597	-73.98042047	475	40.73524276	-73.98758561	1
0	6	28047	486	40.7462009	-73.98855723	173	40.76064679	-73.98442659	1
0	6	4014	533	40.75299641	-73.98721619	318	40.75320159	-73.9779874	1
0	6	1405	394	40.72521311	-73.97768752	335	40.72903917	-73.99404649	1
0	6	35293	317	40.72453734	-73.98185424	254	40.73532427	-73.99800419	1
0	6	218	359	40.75510267	-73.97498696	450	40.76227205	-73.98788205	1
0	6	32074	253	40.73543934	-73.99453948	251	40.72317958	-73.99480012	1
0	6	35299	509	40.7454973	-74.00197139	524	40.75527307	-73.98316936	1
0	6	3961	545	40.736502	-73.97809472	519	40.75188406	-73.97770164	1
0	6	2197	507	40.73912601	-73.97973776	382	40.73492695	-73.99200509	1
0	6	2876	195	40.70905623	-74.01043382	337	40.7037992	-74.00838676	1
0	6	22783	212	40.74334935	-74.00681753	463	40.74206539	-74.00443172	1
0	6	2674	426	40.71754834	-74.01322069	304	40.70463334	-74.01361706	1
0	6	1567	252	40.73226398	-73.99852205	375	40.72679454	-73.99695094	1
0	6	1314	345	40.73649403	-73.99704374	375	40.72679454	-73.99695094	1
0	6	2039	477	40.75640548	-73.9900262	520	40.75992262	-73.97648516	1
0	6	936	513	40.768254	-73.988639	499	40.76915505	-73.98191841	1
0	6	1320	478	40.76030096	-73.99884222	521	40.75044999	-73.99481051	1
0	6	678	433	40.72955361	-73.98057249	223	40.73781509	-73.99994661	1
0	6	2083	363	40.70834698	-74.01713445	329	40.72043411	-74.01020609	2
0	6	36171	490	40.751551	-73.993934	526	40.74765947	-73.98490707	1
0	6	9882	127	40.73172428	-74.00674436	345	40.73649403	-73.99704374	1
0	6	33002	383	40.735238	-74.000271	453	40.74475148	-73.99915362	1
0	6	1460	457	40.76695317	-73.98169333	367	40.75828065	-73.97069431	1
0	6	15861	329	40.72043411	-74.01020609	328	40.72405549	-74.00965965	1
0	6	1348	284	40.7390169121	-74.0026376103	382	40.73492695	-73.99200509	1
0	6	10127	2002	40.716887	-73.963198	282	40.70827295	-73.96834101	1
0	6	8586	488	40.75645824	-73.99372222	480	40.76669671	-73.99061728	1
0	6	24843	518	40.74780373	-73.9734419	522	40.75714758	-73.97207836	1
0	6	35894	274	40.68691865	-73.976682	390	40.69221589	-73.9842844	1
0	6	848	403	40.72502876	-73.99069656	417	40.71291224	-74.01020234	1
0	6	1261	380	40.73401143	-74.00293877	212	40.74334935	-74.00681753	1
0	6	1281	518	40.74780373	-73.9734419	173	40.76064679	-73.98442659	1
0	6	4030	504	40.73221853	-73.98165557	174	40.7381765	-73.97738662	1
0	6	36510	502	40.714215	-73.981346	2010	40.72165481	-74.00234737	1
0	6	727	278	40.69766564	-73.98476437	2000	40.70255088	-73.98940236	1
0	6	11242	449	40.76461837	-73.98789473	523	40.75466591	-73.99138152	1
0	6	30349	128	40.72710258	-74.00297088	380	40.73401143	-74.00293877	1
0	6	1173	488	40.75645824	-73.99372222	167	40.7489006	-73.97604882	1
0	6	18447	472	40.7457121	-73.98194829	501	40.744219	-73.97121214	2
0	6	1771	422	40.770513	-73.988038	510	40.7606597	-73.98042047	1
0	6	1456	358	40.73291553	-74.00711384	293	40.73028666	-73.9907647	1
0	6	8070	485	40.75038009	-73.98338988	472	40.7457121	-73.98194829	1
0	6	3879	128	40.72710258	-74.00297088	329	40.72043411	-74.01020609	1
0	6	7434	479	40.76019252	-73.9912551	519	40.75188406	-73.97770164	1
0	6	1836	405	40.739323	-74.008119	521	40.75044999	-73.99481051	1
0	6	6128	472	40.7457121	-73.98194829	485	40.75038009	-73.98338988	1
0	6	1008	521	40.75044999	-73.99481051	458	40.751396	-74.005226	1
0	6	1232	405	40.739323	-74.008119	284	40.7390169121	-74.0026376103	1
0	6	20425	488	40.75645824	-73.99372222	508	40.76341379	-73.99667444	1
0	6	16091	454	40.75455731	-73.96592976	2012	40.739445	-73.976806	1
0	6	8046	168	40.73971301	-73.99456405	475	40.73524276	-73.98758561	1
0	6	12766	293	40.73028666	-73.9907647	317	40.72453734	-73.98185424	1
0	6	15255	388	40.749717753	-74.002950346	480	40.76669671	-73.99061728	1
0	6	1452	518	40.74780373	-73.9734419	2012	40.739445	-73.976806	1
0	6	16987	453	40.74475148	-73.99915362	490	40.751551	-73.993934	1
0	6	1406	512	40.7500727	-73.99839279	212	40.74334935	-74.00681753	1
0	6	26407	397	40.68415748	-73.96922273	271	40.68528172	-73.97805813	1
0	6	8797	509	40.7454973	-74.00197139	223	40.73781509	-73.99994661	1
0	6	2034	417	40.71291224	-74.01020234	304	40.70463334	-74.01361706	1
0	6	1438	445	40.72740794	-73.98142006	285	40.73454567	-73.99074142	1
0	6	1454	540	40.74147286	-73.98320928	486	40.7462009	-73.98855723	1
0	6	15099	336	40.73047747	-73.99906065	285	40.73454567	-73.99074142	1
0	6	37174	438	40.72779126	-73.98564945	236	40.7284186	-73.98713956	1
0	6	6438	319	40.71336124	-74.00937622	387	40.71273266	-74.0046073	1
0	6	27626	474	40.7451677	-73.98683077	528	40.74290902	-73.97706058	1
0	6	20046	502	40.714215	-73.981346	342	40.71739973	-73.98016555	1
0	6	57180	153	40.752062307	-73.9816324043	359	40.75510267	-73.97498696	1
0	6	954	334	40.74238787	-73.99726235	72	40.76727216	-73.99392888	1
0	6	21846	482	40.73935542	-73.99931783	116	40.74177603	-74.00149746	1
0	6	4400	153	40.752062307	-73.9816324043	519	40.75188406	-73.97770164	1
0	6	35215	341	40.71782143	-73.97628939	116	40.74177603	-74.00149746	1
0	6	757	477	40.75640548	-73.9900262	167	40.7489006	-73.97604882	3
0	6	4218	127	40.73172428	-74.00674436	348	40.72490985	-74.00154702	1
0	6	37550	428	40.72467721	-73.98783413	442	40.746647	-73.993915	1
0	6	1710	477	40.75640548	-73.9900262	153	40.752062307	-73.9816324043	1
0	6	12544	459	40.746745	-74.007756	294	40.73049393	-73.9957214	1
0	6	2915	433	40.72955361	-73.98057249	497	40.73704984	-73.99009296	1
0	6	503	477	40.75640548	-73.9900262	519	40.75188406	-73.97770164	3
0	6	1330	153	40.752062307	-73.9816324043	518	40.74780373	-73.9734419	1
0	6	43848	312	40.722055	-73.989111	369	40.73224119	-74.00026394	1
0	6	1127	523	40.75466591	-73.99138152	457	40.76695317	-73.98169333	1
0	6	38827	336	40.73047747	-73.99906065	345	40.73649403	-73.99704374	1
0	6	44082	2008	40.70569254	-74.01677685	486	40.7462009	-73.98855723	1
0	6	2878	504	40.73221853	-73.98165557	281	40.7643971	-73.97371465	1
0	6	1159	529	40.7575699	-73.99098507	359	40.75510267	-73.97498696	1
0	6	750	326	40.72953837	-73.98426726	167	40.7489006	-73.97604882	1
0	6	66421	473	40.72110063	-73.9919254	492	40.75019995	-73.99093085	1
0	6	53130	284	40.7390169121	-74.0026376103	538	40.75795248	-73.97787642	1
0	6	2746	519	40.75188406	-73.97770164	304	40.70463334	-74.01361706	1
0	6	11099	453	40.74475148	-73.99915362	459	40.746745	-74.007756	1
0	6	786	488	40.75645824	-73.99372222	536	40.74144387	-73.97536082	1
0	6	8258	459	40.746745	-74.007756	459	40.746745	-74.007756	1
0	6	66422	433	40.72955361	-73.98057249	304	40.70463334	-74.01361706	1
0	6	50522	528	40.74290902	-73.97706058	524	40.75527307	-73.98316936	1
0	6	65336	528	40.74290902	-73.97706058	173	40.76064679	-73.98442659	1
0	6	35201	290	40.76020258	-73.96478473	444	40.7423543	-73.98915076	1
0	6	39902	486	40.7462009	-73.98855723	487	40.73314259	-73.97573881	1
0	6	14981	450	40.76227205	-73.98788205	504	40.73221853	-73.98165557	1
0	6	21119	528	40.74290902	-73.97706058	325	40.73624527	-73.98473765	1
0	6	681	3002	40.711512	-74.015756	329	40.72043411	-74.01020609	1
0	6	22227	453	40.74475148	-73.99915362	369	40.73224119	-74.00026394	1
0	6	24277	485	40.75038009	-73.98338988	402	40.7403432	-73.98955109	1
0	6	24457	326	40.72953837	-73.98426726	456	40.7597108	-73.97402311	2
0	6	66423	2002	40.716887	-73.963198	486	40.7462009	-73.98855723	1
0	6	28267	79	40.71911552	-74.00666661	319	40.71336124	-74.00937622	1
0	6	891	224	40.71146364	-74.00552427	306	40.70823502	-74.00530063	3
0	6	16679	479	40.76019252	-73.9912551	521	40.75044999	-73.99481051	1
0	6	1911	432	40.72621788	-73.98379855	293	40.73028666	-73.9907647	1
0	6	5089	267	40.75097711	-73.98765428	524	40.75527307	-73.98316936	1
0	6	2731	358	40.73291553	-74.00711384	328	40.72405549	-74.00965965	1
0	6	18640	358	40.73291553	-74.00711384	446	40.74487634	-73.99529885	1
0	6	1140	502	40.714215	-73.981346	401	40.72019576	-73.98997825	1
0	6	1156	417	40.71291224	-74.01020234	360	40.70717936	-74.00887308	3
0	6	946	515	40.76009437	-73.99461843	359	40.75510267	-73.97498696	2
0	6	52105	366	40.693261	-73.968896	262	40.69178232	-73.97372989	1
0	6	6148	454	40.75455731	-73.96592976	422	40.770513	-73.988038	1
0	6	23136	478	40.76030096	-73.99884222	2021	40.75929124	-73.98859651	1
0	6	30242	341	40.71782143	-73.97628939	307	40.71427487	-73.98990025	1
0	6	972	358	40.73291553	-74.00711384	450	40.76227205	-73.98788205	2
0	6	8455	264	40.70706456	-74.00731853	152	40.71473993	-74.00910627	1
0	6	6286	325	40.73624527	-73.98473765	267	40.75097711	-73.98765428	1
0	6	13805	469	40.76344058	-73.98268129	492	40.75019995	-73.99093085	1
0	6	23075	529	40.7575699	-73.99098507	422	40.770513	-73.988038	1
0	6	22346	490	40.751551	-73.993934	499	40.76915505	-73.98191841	1
0	6	27746	477	40.75640548	-73.9900262	325	40.73624527	-73.98473765	1
0	6	2309	290	40.76020258	-73.96478473	359	40.75510267	-73.97498696	1
0	6	1318	2009	40.71117444	-73.99682619	360	40.70717936	-74.00887308	1
0	6	49977	417	40.71291224	-74.01020234	511	40.72938685	-73.97772429	1
0	6	1629	160	40.748238	-73.978311	351	40.70530954	-74.00612572	1
0	6	654	325	40.73624527	-73.98473765	388	40.749717753	-74.002950346	1
0	6	14298	470	40.74345335	-74.00004031	496	40.73726186	-73.99238967	1
0	6	1538	528	40.74290902	-73.97706058	305	40.76095756	-73.96724467	1
0	6	65333	431	40.68864636	-73.98263429	143	40.69239502	-73.99337909	1
0	6	30706	504	40.73221853	-73.98165557	319	40.71336124	-74.00937622	1
0	6	28274	217	40.70277159	-73.99383605	233	40.69246277	-73.98963911	1
0	6	754	546	40.74444921	-73.98303529	168	40.73971301	-73.99456405	1
0	6	18835	488	40.75645824	-73.99372222	489	40.75066386	-74.00176802	1
0	6	3023	514	40.76087502	-74.00277668	465	40.75513557	-73.98658032	1
0	6	24289	241	40.68981035	-73.97493121	305	40.76095756	-73.96724467	1
0	6	23204	285	40.73454567	-73.99074142	247	40.73535398	-74.00483091	1
0	6	839	521	40.75044999	-73.99481051	337	40.7037992	-74.00838676	1
0	6	1119	521	40.75044999	-73.99481051	463	40.74206539	-74.00443172	1
0	6	34734	488	40.75645824	-73.99372222	528	40.74290902	-73.97706058	1
0	6	7094	422	40.770513	-73.988038	327	40.7153379	-74.01658354	1
0	6	7401	428	40.72467721	-73.98783413	168	40.73971301	-73.99456405	1
0	6	836	514	40.76087502	-74.00277668	459	40.746745	-74.007756	1
0	6	29685	2017	40.75022392	-73.97121414	515	40.76009437	-73.99461843	1
0	6	15532	352	40.76340613	-73.97722479	173	40.76064679	-73.98442659	1
0	6	26840	477	40.75640548	-73.9900262	479	40.76019252	-73.9912551	1
0	6	25903	275	40.68650065	-73.96563307	344	40.6851443	-73.95380904	1
0	6	1108	345	40.73649403	-73.99704374	347	40.72873888	-74.00748842	1
0	6	664	529	40.7575699	-73.99098507	352	40.76340613	-73.97722479	1
0	6	8756	147	40.71542197	-74.01121978	329	40.72043411	-74.01020609	1
0	6	970	469	40.76344058	-73.98268129	499	40.76915505	-73.98191841	1
0	6	724	237	40.73047309	-73.98672378	285	40.73454567	-73.99074142	1
0	6	843	342	40.71739973	-73.98016555	417	40.71291224	-74.01020234	1
0	6	10289	540	40.74147286	-73.98320928	285	40.73454567	-73.99074142	1
0	6	66424	356	40.71622644	-73.98261206	173	40.76064679	-73.98442659	1
0	6	15182	274	40.68691865	-73.976682	354	40.69363137	-73.96223558	1
0	6	649	327	40.7153379	-74.01658354	329	40.72043411	-74.01020609	5
0	6	580	363	40.70834698	-74.01713445	327	40.7153379	-74.01658354	1
0	6	37743	518	40.74780373	-73.9734419	449	40.76461837	-73.98789473	1
0	6	890	488	40.75645824	-73.99372222	336	40.73047747	-73.99906065	1
0	6	42219	512	40.7500727	-73.99839279	440	40.75255434	-73.97282625	1
0	6	4882	545	40.736502	-73.97809472	442	40.746647	-73.993915	1
0	6	867	477	40.75640548	-73.9900262	484	40.75500254	-73.98014437	1
0	6	5249	529	40.7575699	-73.99098507	458	40.751396	-74.005226	1
0	6	7154	318	40.75320159	-73.9779874	305	40.76095756	-73.96724467	1
0	6	36704	128	40.72710258	-74.00297088	265	40.72229346	-73.99147535	1
0	6	8363	529	40.7575699	-73.99098507	447	40.76370739	-73.9851615	1
0	6	2924	482	40.73935542	-73.99931783	327	40.7153379	-74.01658354	1
0	6	981	173	40.76064679	-73.98442659	450	40.76227205	-73.98788205	1
0	6	38088	521	40.75044999	-73.99481051	507	40.73912601	-73.97973776	1
0	6	44525	243	40.687979	-73.978474	168	40.73971301	-73.99456405	1
0	6	34882	2017	40.75022392	-73.97121414	483	40.73223272	-73.98889957	1
0	6	1983	258	40.68940747	-73.96885458	324	40.689888	-73.981013	1
0	6	44681	533	40.75299641	-73.98721619	236	40.7284186	-73.98713956	1
0	6	913	345	40.73649403	-73.99704374	345	40.73649403	-73.99704374	1
0	6	4307	472	40.7457121	-73.98194829	524	40.75527307	-73.98316936	1
0	6	3223	511	40.72938685	-73.97772429	435	40.74173969	-73.99415556	1
0	6	36203	300	40.728145	-73.990214	312	40.722055	-73.989111	1
0	6	3475	244	40.69196035	-73.96536851	324	40.689888	-73.981013	2
0	6	17763	291	40.713126	-73.984844	306	40.70823502	-74.00530063	1
0	6	32060	302	40.72082834	-73.97793172	307	40.71427487	-73.98990025	1
0	6	923	488	40.75645824	-73.99372222	147	40.71542197	-74.01121978	1
0	6	46558	438	40.72779126	-73.98564945	499	40.76915505	-73.98191841	1
0	6	6066	2009	40.71117444	-73.99682619	315	40.70355377	-74.00670227	1
0	6	24380	307	40.71427487	-73.98990025	212	40.74334935	-74.00681753	1
0	6	7984	492	40.75019995	-73.99093085	325	40.73624527	-73.98473765	1
0	6	1361	167	40.7489006	-73.97604882	510	40.7606597	-73.98042047	1
0	6	29953	319	40.71336124	-74.00937622	293	40.73028666	-73.9907647	1
0	6	44998	308	40.71307916	-73.99851193	402	40.7403432	-73.98955109	2
0	6	17395	410	40.72066442	-73.98517977	341	40.71782143	-73.97628939	1
0	6	47826	358	40.73291553	-74.00711384	486	40.7462009	-73.98855723	1
0	6	2488	518	40.74780373	-73.9734419	519	40.75188406	-73.97770164	1
0	6	8105	382	40.73492695	-73.99200509	2004	40.724399	-74.004704	1
0	6	12520	2022	40.75849116	-73.95920622	2017	40.75022392	-73.97121414	1
0	6	46187	486	40.7462009	-73.98855723	511	40.72938685	-73.97772429	1
0	6	13916	428	40.72467721	-73.98783413	293	40.73028666	-73.9907647	1
0	6	48893	348	40.72490985	-74.00154702	387	40.71273266	-74.0046073	1
0	6	19289	323	40.69236178	-73.98631746	301	40.72217444	-73.98368779	1
0	6	2606	480	40.76669671	-73.99061728	450	40.76227205	-73.98788205	1
0	6	951	507	40.73912601	-73.97973776	510	40.7606597	-73.98042047	1
0	6	25478	422	40.770513	-73.988038	468	40.7652654	-73.98192338	1
0	6	24241	515	40.76009437	-73.99461843	2012	40.739445	-73.976806	1
0	6	1079	318	40.75320159	-73.9779874	524	40.75527307	-73.98316936	2
0	6	2249	533	40.75299641	-73.98721619	444	40.7423543	-73.98915076	1
0	6	54747	393	40.72299208	-73.97995466	290	40.76020258	-73.96478473	1
0	6	917	504	40.73221853	-73.98165557	2012	40.739445	-73.976806	1
0	6	3509	326	40.72953837	-73.98426726	497	40.73704984	-73.99009296	1
0	6	42116	483	40.73223272	-73.98889957	417	40.71291224	-74.01020234	1
0	6	44685	465	40.75513557	-73.98658032	2021	40.75929124	-73.98859651	1
0	6	1106	238	40.7361967	-74.00859207	328	40.72405549	-74.00965965	1
0	6	19924	375	40.72679454	-73.99695094	151	40.7218158	-73.99720307	1
0	6	2456	468	40.7652654	-73.98192338	456	40.7597108	-73.97402311	1
0	6	35324	243	40.687979	-73.978474	510	40.7606597	-73.98042047	1
0	6	1092	511	40.72938685	-73.97772429	497	40.73704984	-73.99009296	1
0	6	990	531	40.71893904	-73.99266288	417	40.71291224	-74.01020234	1
0	6	5250	492	40.75019995	-73.99093085	167	40.7489006	-73.97604882	1
0	6	48960	275	40.68650065	-73.96563307	275	40.68650065	-73.96563307	1
0	6	21086	275	40.68650065	-73.96563307	313	40.69610226	-73.96751037	1
0	6	943	327	40.7153379	-74.01658354	417	40.71291224	-74.01020234	1
0	6	2127	264	40.70706456	-74.00731853	415	40.7047177	-74.00926027	1
0	6	31272	546	40.74444921	-73.98303529	472	40.7457121	-73.98194829	2
0	6	58683	512	40.7500727	-73.99839279	457	40.76695317	-73.98169333	1
0	6	918	511	40.72938685	-73.97772429	225	40.74195138	-74.00803013	1
0	6	24238	376	40.70862144	-74.00722156	260	40.70365182	-74.01167797	1
0	6	31760	391	40.69760127	-73.99344559	430	40.7014851	-73.98656928	1
0	6	2547	318	40.75320159	-73.9779874	490	40.751551	-73.993934	1
0	6	908	477	40.75640548	-73.9900262	538	40.75795248	-73.97787642	3
0	6	8420	327	40.7153379	-74.01658354	147	40.71542197	-74.01121978	1
0	6	977	477	40.75640548	-73.9900262	500	40.76228826	-73.98336183	1
0	6	11680	512	40.7500727	-73.99839279	458	40.751396	-74.005226	1
0	6	15667	494	40.74734825	-73.99723551	521	40.75044999	-73.99481051	1
0	6	975	2008	40.70569254	-74.01677685	304	40.70463334	-74.01361706	1
0	6	25434	511	40.72938685	-73.97772429	285	40.73454567	-73.99074142	1
0	6	983	319	40.71336124	-74.00937622	329	40.72043411	-74.01020609	1
0	6	11603	526	40.74765947	-73.98490707	537	40.74025878	-73.98409214	1
0	6	800	477	40.75640548	-73.9900262	359	40.75510267	-73.97498696	2
0	6	18504	515	40.76009437	-73.99461843	284	40.7390169121	-74.0026376103	1
0	6	43869	267	40.75097711	-73.98765428	456	40.7597108	-73.97402311	1
0	6	19762	116	40.74177603	-74.00149746	518	40.74780373	-73.9734419	1
0	6	15107	520	40.75992262	-73.97648516	510	40.7606597	-73.98042047	1
0	6	11471	2012	40.739445	-73.976806	528	40.74290902	-73.97706058	1
0	6	17551	346	40.73652889	-74.00618026	347	40.72873888	-74.00748842	1
0	6	13258	146	40.71625008	-74.0091059	329	40.72043411	-74.01020609	1
0	6	29573	358	40.73291553	-74.00711384	484	40.75500254	-73.98014437	1
0	6	24332	477	40.75640548	-73.9900262	517	40.75149263	-73.97798848	1
0	6	751	271	40.68528172	-73.97805813	2000	40.70255088	-73.98940236	1
0	6	22642	482	40.73935542	-73.99931783	253	40.73543934	-73.99453948	1
0	6	10032	293	40.73028666	-73.9907647	151	40.7218158	-73.99720307	1
0	6	25025	2003	40.73416059	-73.98024289	417	40.71291224	-74.01020234	1
0	6	971	529	40.7575699	-73.99098507	457	40.76695317	-73.98169333	1
0	6	23006	483	40.73223272	-73.98889957	285	40.73454567	-73.99074142	1
0	6	38869	488	40.75645824	-73.99372222	455	40.75001986	-73.96905301	1
0	6	3379	401	40.72019576	-73.98997825	375	40.72679454	-73.99695094	1
0	6	11958	402	40.7403432	-73.98955109	546	40.74444921	-73.98303529	1
0	6	2822	487	40.73314259	-73.97573881	545	40.736502	-73.97809472	2
0	6	289	358	40.73291553	-74.00711384	116	40.74177603	-74.00149746	1
0	6	817	320	40.71743998	-74.00583475	417	40.71291224	-74.01020234	1
0	6	842	477	40.75640548	-73.9900262	352	40.76340613	-73.97722479	1
0	6	2883	519	40.75188406	-73.97770164	497	40.73704984	-73.99009296	1
0	6	950	342	40.71739973	-73.98016555	296	40.71413089	-73.9970468	1
0	6	8238	472	40.7457121	-73.98194829	284	40.7390169121	-74.0026376103	1
0	6	1241	318	40.75320159	-73.9779874	520	40.75992262	-73.97648516	1
0	6	22416	285	40.73454567	-73.99074142	328	40.72405549	-74.00965965	1
0	6	32466	238	40.7361967	-74.00859207	488	40.75645824	-73.99372222	1
0	6	9723	228	40.7546011026	-73.971878855	507	40.73912601	-73.97973776	1
0	6	14529	458	40.751396	-74.005226	329	40.72043411	-74.01020609	1
0	6	2668	477	40.75640548	-73.9900262	440	40.75255434	-73.97282625	1
0	6	41011	477	40.75640548	-73.9900262	280	40.73331967	-73.99510132	1
0	6	915	540	40.74147286	-73.98320928	417	40.71291224	-74.01020234	1
0	6	781	443	40.70853074	-73.96408963	384	40.68317813	-73.9659641	1
0	6	995	329	40.72043411	-74.01020609	521	40.75044999	-73.99481051	1
0	6	24299	532	40.710451	-73.960876	384	40.68317813	-73.9659641	1
0	6	14958	428	40.72467721	-73.98783413	326	40.72953837	-73.98426726	1
0	6	3054	327	40.7153379	-74.01658354	387	40.71273266	-74.0046073	2
0	6	1492	2008	40.70569254	-74.01677685	3002	40.711512	-74.015756	1
0	6	940	318	40.75320159	-73.9779874	281	40.7643971	-73.97371465	1
0	6	2304	415	40.7047177	-74.00926027	264	40.70706456	-74.00731853	1
0	6	41327	512	40.7500727	-73.99839279	546	40.74444921	-73.98303529	1
0	6	1303	391	40.69760127	-73.99344559	477	40.75640548	-73.9900262	1
0	6	22979	521	40.75044999	-73.99481051	528	40.74290902	-73.97706058	1
0	6	3218	517	40.75149263	-73.97798848	528	40.74290902	-73.97706058	1
0	6	35377	2009	40.71117444	-73.99682619	265	40.72229346	-73.99147535	1
0	6	3331	465	40.75513557	-73.98658032	305	40.76095756	-73.96724467	1
0	6	1053	345	40.73649403	-73.99704374	150	40.7208736	-73.98085795	1
0	6	46072	2003	40.73416059	-73.98024289	528	40.74290902	-73.97706058	1
0	6	784	453	40.74475148	-73.99915362	173	40.76064679	-73.98442659	1
0	6	8038	507	40.73912601	-73.97973776	474	40.7451677	-73.98683077	1
0	6	34281	2021	40.75929124	-73.98859651	228	40.7546011026	-73.971878855	1
0	6	66425	346	40.73652889	-74.00618026	440	40.75255434	-73.97282625	1
0	6	507	478	40.76030096	-73.99884222	529	40.7575699	-73.99098507	1
0	6	2089	174	40.7381765	-73.97738662	2003	40.73416059	-73.98024289	1
0	6	3165	519	40.75188406	-73.97770164	458	40.751396	-74.005226	1
0	6	24310	232	40.69597683	-73.99014892	343	40.69794	-73.96986848	1
0	6	874	482	40.73935542	-73.99931783	459	40.746745	-74.007756	2
0	6	4815	285	40.73454567	-73.99074142	375	40.72679454	-73.99695094	1
0	6	35320	328	40.72405549	-74.00965965	484	40.75500254	-73.98014437	1
0	6	2880	529	40.7575699	-73.99098507	520	40.75992262	-73.97648516	1
0	6	24268	444	40.7423543	-73.98915076	330	40.71450451	-74.00562789	1
0	6	3829	546	40.74444921	-73.98303529	536	40.74144387	-73.97536082	1
0	6	11364	318	40.75320159	-73.9779874	456	40.7597108	-73.97402311	1
0	6	35564	358	40.73291553	-74.00711384	319	40.71336124	-74.00937622	1
0	6	5762	519	40.75188406	-73.97770164	472	40.7457121	-73.98194829	1
0	6	11774	489	40.75066386	-74.00176802	334	40.74238787	-73.99726235	1
0	6	19040	518	40.74780373	-73.9734419	462	40.74691959	-74.00451887	1
0	6	5309	448	40.75660359	-73.9979009	352	40.76340613	-73.97722479	1
0	6	13561	468	40.7652654	-73.98192338	500	40.76228826	-73.98336183	1
0	6	24226	529	40.7575699	-73.99098507	137	40.761628	-73.972924	1
0	6	24334	223	40.73781509	-73.99994661	318	40.75320159	-73.9779874	1
0	6	35304	434	40.74317449	-74.00366443	534	40.70255065	-74.0127234	1
0	6	42393	485	40.75038009	-73.98338988	455	40.75001986	-73.96905301	1
0	6	4070	294	40.73049393	-73.9957214	444	40.7423543	-73.98915076	1
0	6	25824	438	40.72779126	-73.98564945	358	40.73291553	-74.00711384	1
0	6	676	519	40.75188406	-73.97770164	475	40.73524276	-73.98758561	2
0	6	926	540	40.74147286	-73.98320928	466	40.74395411	-73.99144871	1
0	6	57155	529	40.7575699	-73.99098507	367	40.75828065	-73.97069431	1
0	6	8436	447	40.76370739	-73.9851615	359	40.75510267	-73.97498696	1
0	6	34896	513	40.768254	-73.988639	510	40.7606597	-73.98042047	1
0	6	279	417	40.71291224	-74.01020234	306	40.70823502	-74.00530063	1
0	6	780	318	40.75320159	-73.9779874	493	40.7568001	-73.98291153	1
0	6	1264	302	40.72082834	-73.97793172	521	40.75044999	-73.99481051	1
0	6	12448	528	40.74290902	-73.97706058	497	40.73704984	-73.99009296	1
0	6	22355	479	40.76019252	-73.9912551	382	40.73492695	-73.99200509	1
0	6	42521	2021	40.75929124	-73.98859651	137	40.761628	-73.972924	1
0	6	54755	529	40.7575699	-73.99098507	304	40.70463334	-74.01361706	1
0	6	39941	497	40.73704984	-73.99009296	522	40.75714758	-73.97207836	1
0	6	16677	519	40.75188406	-73.97770164	2006	40.76590936	-73.97634151	1
0	6	35327	224	40.71146364	-74.00552427	329	40.72043411	-74.01020609	1
0	6	24757	512	40.7500727	-73.99839279	510	40.7606597	-73.98042047	1
0	6	1849	512	40.7500727	-73.99839279	315	40.70355377	-74.00670227	1
0	6	832	448	40.75660359	-73.9979009	173	40.76064679	-73.98442659	1
0	6	1067	417	40.71291224	-74.01020234	415	40.7047177	-74.00926027	1
0	6	1074	422	40.770513	-73.988038	500	40.76228826	-73.98336183	2
0	6	1953	241	40.68981035	-73.97493121	324	40.689888	-73.981013	4
0	6	4691	444	40.7423543	-73.98915076	294	40.73049393	-73.9957214	1
0	6	9659	223	40.73781509	-73.99994661	253	40.73543934	-73.99453948	1
0	6	25237	485	40.75038009	-73.98338988	167	40.7489006	-73.97604882	1
0	6	35975	328	40.72405549	-74.00965965	422	40.770513	-73.988038	1
0	6	42121	2003	40.73416059	-73.98024289	516	40.75206862	-73.96784384	2
0	6	41183	414	40.70281858	-73.98765762	343	40.69794	-73.96986848	1
0	6	24300	518	40.74780373	-73.9734419	334	40.74238787	-73.99726235	1
0	6	36060	536	40.74144387	-73.97536082	522	40.75714758	-73.97207836	1
0	6	1041	477	40.75640548	-73.9900262	318	40.75320159	-73.9779874	2
0	6	4855	507	40.73912601	-73.97973776	472	40.7457121	-73.98194829	1
0	6	14130	477	40.75640548	-73.9900262	493	40.7568001	-73.98291153	2
0	6	985	515	40.76009437	-73.99461843	318	40.75320159	-73.9779874	2
0	6	35202	432	40.72621788	-73.98379855	337	40.7037992	-74.00838676	1
0	6	9922	446	40.74487634	-73.99529885	334	40.74238787	-73.99726235	1
0	6	12662	351	40.70530954	-74.00612572	351	40.70530954	-74.00612572	1
0	6	1050	270	40.69308257	-73.97178913	239	40.69196566	-73.9813018	1
0	6	13570	485	40.75038009	-73.98338988	318	40.75320159	-73.9779874	1
0	6	1864	433	40.72955361	-73.98057249	285	40.73454567	-73.99074142	1
0	6	11528	253	40.73543934	-73.99453948	444	40.7423543	-73.98915076	1
0	6	66426	393	40.72299208	-73.97995466	116	40.74177603	-74.00149746	1
0	6	1005	529	40.7575699	-73.99098507	267	40.75097711	-73.98765428	1
0	6	37909	464	40.75934501	-73.96759673	519	40.75188406	-73.97770164	1
0	6	3018	2008	40.70569254	-74.01677685	327	40.7153379	-74.01658354	1
0	6	884	529	40.7575699	-73.99098507	510	40.7606597	-73.98042047	1
0	6	1358	529	40.7575699	-73.99098507	228	40.7546011026	-73.971878855	1
0	6	881	174	40.7381765	-73.97738662	422	40.770513	-73.988038	1
0	6	24307	477	40.75640548	-73.9900262	496	40.73726186	-73.99238967	1
0	6	994	417	40.71291224	-74.01020234	233	40.69246277	-73.98963911	1
0	6	66427	325	40.73624527	-73.98473765	533	40.75299641	-73.98721619	1
0	6	24320	358	40.73291553	-74.00711384	174	40.7381765	-73.97738662	1
0	6	36711	485	40.75038009	-73.98338988	72	40.76727216	-73.99392888	1
0	6	222	281	40.7643971	-73.97371465	507	40.73912601	-73.97973776	1
0	6	8312	490	40.751551	-73.993934	318	40.75320159	-73.9779874	1
0	6	2557	363	40.70834698	-74.01713445	195	40.70905623	-74.01043382	1
0	6	1397	465	40.75513557	-73.98658032	359	40.75510267	-73.97498696	2
0	6	13587	488	40.75645824	-73.99372222	512	40.7500727	-73.99839279	2
0	6	826	367	40.75828065	-73.97069431	426	40.71754834	-74.01322069	1
0	6	66428	2004	40.724399	-74.004704	538	40.75795248	-73.97787642	1
0	6	62124	351	40.70530954	-74.00612572	459	40.746745	-74.007756	1
0	6	1172	470	40.74345335	-74.00004031	284	40.7390169121	-74.0026376103	1
0	6	43555	453	40.74475148	-73.99915362	524	40.75527307	-73.98316936	1
0	6	57131	82	40.71117416	-74.00016545	435	40.74173969	-73.99415556	1
0	6	7051	472	40.7457121	-73.98194829	318	40.75320159	-73.9779874	1
0	6	1833	270	40.69308257	-73.97178913	324	40.689888	-73.981013	2
0	6	1001	369	40.73224119	-74.00026394	306	40.70823502	-74.00530063	1
0	6	33932	462	40.74691959	-74.00451887	72	40.76727216	-73.99392888	1
0	6	14407	326	40.72953837	-73.98426726	483	40.73223272	-73.98889957	1
0	6	51237	259	40.70122128	-74.01234218	2012	40.739445	-73.976806	1
0	6	37282	485	40.75038009	-73.98338988	538	40.75795248	-73.97787642	1
0	6	11229	435	40.74173969	-73.99415556	325	40.73624527	-73.98473765	1
0	6	1069	508	40.76341379	-73.99667444	137	40.761628	-73.972924	1
0	6	66429	430	40.7014851	-73.98656928	337	40.7037992	-74.00838676	1
0	6	22263	515	40.76009437	-73.99461843	519	40.75188406	-73.97770164	1
0	6	1055	404	40.7405826	-74.00550867	328	40.72405549	-74.00965965	1
0	6	62176	259	40.70122128	-74.01234218	350	40.71559509	-73.9870295	1
0	6	66430	332	40.71219906	-73.97948148	317	40.72453734	-73.98185424	1
0	6	35802	450	40.76227205	-73.98788205	442	40.746647	-73.993915	1
0	6	12521	347	40.72873888	-74.00748842	470	40.74345335	-74.00004031	1
0	6	21511	328	40.72405549	-74.00965965	446	40.74487634	-73.99529885	1
0	6	24361	437	40.6809833854	-73.9500479759	391	40.69760127	-73.99344559	1
0	6	4558	518	40.74780373	-73.9734419	351	40.70530954	-74.00612572	1
0	6	4066	368	40.73038599	-74.00214988	347	40.72873888	-74.00748842	1
0	6	28066	477	40.75640548	-73.9900262	501	40.744219	-73.97121214	2
0	6	8501	318	40.75320159	-73.9779874	533	40.75299641	-73.98721619	1
0	6	58988	528	40.74290902	-73.97706058	315	40.70355377	-74.00670227	1
0	6	60409	406	40.69512845	-73.99595065	325	40.73624527	-73.98473765	1
0	6	785	326	40.72953837	-73.98426726	293	40.73028666	-73.9907647	1
0	6	25291	433	40.72955361	-73.98057249	316	40.70955958	-74.00653609	1
0	6	13766	252	40.73226398	-73.99852205	328	40.72405549	-74.00965965	1
0	6	2460	363	40.70834698	-74.01713445	426	40.71754834	-74.01322069	1
0	6	1090	394	40.72521311	-73.97768752	293	40.73028666	-73.9907647	1
0	6	1122	462	40.74691959	-74.00451887	329	40.72043411	-74.01020609	1
0	6	10969	517	40.75149263	-73.97798848	546	40.74444921	-73.98303529	1
0	6	28061	444	40.7423543	-73.98915076	173	40.76064679	-73.98442659	1
0	6	27219	307	40.71427487	-73.98990025	147	40.71542197	-74.01121978	1
0	6	1947	422	40.770513	-73.988038	173	40.76064679	-73.98442659	1
0	6	22320	445	40.72740794	-73.98142006	168	40.73971301	-73.99456405	1
0	6	1263	284	40.7390169121	-74.0026376103	352	40.76340613	-73.97722479	1
0	6	4010	432	40.72621788	-73.98379855	267	40.75097711	-73.98765428	1
0	6	1198	519	40.75188406	-73.97770164	415	40.7047177	-74.00926027	1
0	6	30104	297	40.734232	-73.986923	347	40.72873888	-74.00748842	1
0	6	24694	512	40.7500727	-73.99839279	327	40.7153379	-74.01658354	1
0	6	1826	296	40.71413089	-73.9970468	417	40.71291224	-74.01020234	1
0	6	14906	534	40.70255065	-74.0127234	332	40.71219906	-73.97948148	1
0	6	24859	488	40.75645824	-73.99372222	319	40.71336124	-74.00937622	1
0	6	517	478	40.76030096	-73.99884222	490	40.751551	-73.993934	1
0	6	35359	356	40.71622644	-73.98261206	250	40.72456089	-73.99565293	1
0	6	618	521	40.75044999	-73.99481051	462	40.74691959	-74.00451887	1
0	6	1650	448	40.75660359	-73.9979009	490	40.751551	-73.993934	1
0	6	2419	403	40.72502876	-73.99069656	347	40.72873888	-74.00748842	1
0	6	1194	519	40.75188406	-73.97770164	195	40.70905623	-74.01043382	1
0	6	21205	151	40.7218158	-73.99720307	426	40.71754834	-74.01322069	1
0	6	641	515	40.76009437	-73.99461843	510	40.7606597	-73.98042047	1
0	6	1095	127	40.73172428	-74.00674436	247	40.73535398	-74.00483091	2
0	6	60802	278	40.69766564	-73.98476437	406	40.69512845	-73.99595065	1
0	6	36784	486	40.7462009	-73.98855723	305	40.76095756	-73.96724467	1
0	6	39524	296	40.71413089	-73.9970468	325	40.73624527	-73.98473765	1
0	6	1251	488	40.75645824	-73.99372222	284	40.7390169121	-74.0026376103	1
0	6	9250	488	40.75645824	-73.99372222	359	40.75510267	-73.97498696	4
0	6	9694	318	40.75320159	-73.9779874	522	40.75714758	-73.97207836	1
0	6	1886	519	40.75188406	-73.97770164	444	40.7423543	-73.98915076	1
0	6	210	358	40.73291553	-74.00711384	284	40.7390169121	-74.0026376103	2
0	6	8437	472	40.7457121	-73.98194829	528	40.74290902	-73.97706058	2
0	6	3185	501	40.744219	-73.97121214	519	40.75188406	-73.97770164	1
0	6	1110	426	40.71754834	-74.01322069	329	40.72043411	-74.01020609	2
0	6	18982	384	40.68317813	-73.9659641	271	40.68528172	-73.97805813	1
0	6	24371	415	40.7047177	-74.00926027	534	40.70255065	-74.0127234	1
0	6	6004	267	40.75097711	-73.98765428	493	40.7568001	-73.98291153	1
0	6	53493	507	40.73912601	-73.97973776	345	40.73649403	-73.99704374	1
0	6	35505	453	40.74475148	-73.99915362	253	40.73543934	-73.99453948	2
0	6	1131	405	40.739323	-74.008119	426	40.71754834	-74.01322069	1
0	6	722	318	40.75320159	-73.9779874	173	40.76064679	-73.98442659	2
0	6	1580	511	40.72938685	-73.97772429	293	40.73028666	-73.9907647	1
0	6	5202	284	40.7390169121	-74.0026376103	405	40.739323	-74.008119	1
0	6	21078	357	40.73261787	-73.99158043	426	40.71754834	-74.01322069	1
0	6	10725	157	40.69089272	-73.99612349	323	40.69236178	-73.98631746	1
0	6	34457	512	40.7500727	-73.99839279	329	40.72043411	-74.01020609	1
0	6	2016	420	40.68764484	-73.96968902	253	40.73543934	-73.99453948	2
0	6	11960	290	40.76020258	-73.96478473	528	40.74290902	-73.97706058	1
0	6	1155	428	40.72467721	-73.98783413	116	40.74177603	-74.00149746	1
0	6	4092	318	40.75320159	-73.9779874	499	40.76915505	-73.98191841	1
0	6	18616	495	40.76269882	-73.99301222	447	40.76370739	-73.9851615	1
0	6	35144	511	40.72938685	-73.97772429	2012	40.739445	-73.976806	1
0	6	1107	406	40.69512845	-73.99595065	233	40.69246277	-73.98963911	1
0	6	4682	434	40.74317449	-74.00366443	497	40.73704984	-73.99009296	1
0	6	19044	512	40.7500727	-73.99839279	528	40.74290902	-73.97706058	1
0	6	27883	531	40.71893904	-73.99266288	394	40.72521311	-73.97768752	1
0	6	24477	546	40.74444921	-73.98303529	382	40.73492695	-73.99200509	1
0	6	1342	453	40.74475148	-73.99915362	462	40.74691959	-74.00451887	2
0	6	17993	504	40.73221853	-73.98165557	127	40.73172428	-74.00674436	1
0	6	24341	488	40.75645824	-73.99372222	475	40.73524276	-73.98758561	2
0	6	2067	419	40.69580705	-73.97355569	239	40.69196566	-73.9813018	1
0	6	18426	488	40.75645824	-73.99372222	265	40.72229346	-73.99147535	1
0	6	47258	261	40.69474881	-73.98362464	239	40.69196566	-73.9813018	1
0	6	24492	487	40.73314259	-73.97573881	388	40.749717753	-74.002950346	1
0	6	18079	426	40.71754834	-74.01322069	367	40.75828065	-73.97069431	1
0	6	514	428	40.72467721	-73.98783413	252	40.73226398	-73.99852205	1
0	6	11934	380	40.73401143	-74.00293877	524	40.75527307	-73.98316936	1
0	6	50404	440	40.75255434	-73.97282625	517	40.75149263	-73.97798848	1
0	6	62392	406	40.69512845	-73.99595065	510	40.7606597	-73.98042047	1
0	6	1208	546	40.74444921	-73.98303529	522	40.75714758	-73.97207836	1
0	6	16038	488	40.75645824	-73.99372222	486	40.7462009	-73.98855723	1
0	6	4297	151	40.7218158	-73.99720307	417	40.71291224	-74.01020234	1
0	6	1175	488	40.75645824	-73.99372222	137	40.761628	-73.972924	1
0	6	15106	2009	40.71117444	-73.99682619	387	40.71273266	-74.0046073	1
0	6	12773	487	40.73314259	-73.97573881	253	40.73543934	-73.99453948	1
0	6	1496	508	40.76341379	-73.99667444	426	40.71754834	-74.01322069	1
0	6	1180	450	40.76227205	-73.98788205	318	40.75320159	-73.9779874	1
0	6	1368	504	40.73221853	-73.98165557	153	40.752062307	-73.9816324043	1
0	6	54392	483	40.73223272	-73.98889957	347	40.72873888	-74.00748842	1
0	6	1921	504	40.73221853	-73.98165557	459	40.746745	-74.007756	1
0	6	66431	460	40.71285887	-73.96590294	243	40.687979	-73.978474	1
0	6	613	488	40.75645824	-73.99372222	458	40.751396	-74.005226	1
0	6	2115	358	40.73291553	-74.00711384	504	40.73221853	-73.98165557	1
0	6	12254	482	40.73935542	-73.99931783	128	40.72710258	-74.00297088	1
0	6	6722	347	40.72873888	-74.00748842	457	40.76695317	-73.98169333	1
0	6	42175	423	40.76584941	-73.98690506	474	40.7451677	-73.98683077	1
0	6	6615	361	40.71605866	-73.99190759	337	40.7037992	-74.00838676	1
0	6	33147	271	40.68528172	-73.97805813	431	40.68864636	-73.98263429	1
0	6	1287	519	40.75188406	-73.97770164	525	40.75594159	-74.0021163	1
0	6	1104	347	40.72873888	-74.00748842	327	40.7153379	-74.01658354	1
0	6	7427	403	40.72502876	-73.99069656	151	40.7218158	-73.99720307	1
0	6	66432	481	40.71260486	-73.96264403	72	40.76727216	-73.99392888	1
0	6	1515	524	40.75527307	-73.98316936	228	40.7546011026	-73.971878855	1
0	6	8760	151	40.7218158	-73.99720307	229	40.72743423	-73.99379025	1
0	6	1265	504	40.73221853	-73.98165557	297	40.734232	-73.986923	1
0	6	8370	229	40.72743423	-73.99379025	432	40.72621788	-73.98379855	1
0	6	24389	258	40.68940747	-73.96885458	426	40.71754834	-74.01322069	1
0	6	27623	490	40.751551	-73.993934	359	40.75510267	-73.97498696	1
0	6	888	237	40.73047309	-73.98672378	422	40.770513	-73.988038	1
0	6	1200	490	40.751551	-73.993934	447	40.76370739	-73.9851615	1
0	6	18713	501	40.744219	-73.97121214	454	40.75455731	-73.96592976	1
0	6	1962	462	40.74691959	-74.00451887	402	40.7403432	-73.98955109	1
0	6	8125	488	40.75645824	-73.99372222	519	40.75188406	-73.97770164	1
0	6	3382	383	40.735238	-74.000271	359	40.75510267	-73.97498696	1
0	6	17372	487	40.73314259	-73.97573881	337	40.7037992	-74.00838676	1
0	6	1244	300	40.728145	-73.990214	268	40.71910537	-73.99973337	1
0	6	3201	519	40.75188406	-73.97770164	485	40.75038009	-73.98338988	1
0	6	53232	153	40.752062307	-73.9816324043	455	40.75001986	-73.96905301	1
0	6	44849	228	40.7546011026	-73.971878855	484	40.75500254	-73.98014437	1
0	6	8172	500	40.76228826	-73.98336183	367	40.75828065	-73.97069431	1
0	6	505	417	40.71291224	-74.01020234	79	40.71911552	-74.00666661	1
0	6	29135	450	40.76227205	-73.98788205	173	40.76064679	-73.98442659	1
0	6	7848	2021	40.75929124	-73.98859651	508	40.76341379	-73.99667444	1
0	6	7563	382	40.73492695	-73.99200509	545	40.736502	-73.97809472	1
0	6	54767	120	40.68676793	-73.95928168	443	40.70853074	-73.96408963	1
0	6	18641	405	40.739323	-74.008119	459	40.746745	-74.007756	1
0	6	11575	280	40.73331967	-73.99510132	168	40.73971301	-73.99456405	2
0	6	26108	474	40.7451677	-73.98683077	504	40.73221853	-73.98165557	1
0	6	11157	402	40.7403432	-73.98955109	497	40.73704984	-73.99009296	1
0	6	31479	504	40.73221853	-73.98165557	455	40.75001986	-73.96905301	1
0	6	53154	448	40.75660359	-73.9979009	249	40.71870987	-74.0090009	1
0	6	20812	459	40.746745	-74.007756	388	40.749717753	-74.002950346	1
0	6	56416	276	40.71748752	-74.0104554	128	40.72710258	-74.00297088	1
0	6	49085	127	40.73172428	-74.00674436	195	40.70905623	-74.01043382	1
0	6	12599	498	40.74854862	-73.98808416	462	40.74691959	-74.00451887	1
0	6	1130	478	40.76030096	-73.99884222	127	40.73172428	-74.00674436	1
0	6	15950	528	40.74290902	-73.97706058	450	40.76227205	-73.98788205	1
0	6	14287	341	40.71782143	-73.97628939	410	40.72066442	-73.98517977	1
0	6	6706	432	40.72621788	-73.98379855	259	40.70122128	-74.01234218	1
0	6	7946	533	40.75299641	-73.98721619	439	40.7262807	-73.98978041	1
0	6	36045	237	40.73047309	-73.98672378	151	40.7218158	-73.99720307	1
0	6	5027	482	40.73935542	-73.99931783	466	40.74395411	-73.99144871	1
0	6	37511	238	40.7361967	-74.00859207	472	40.7457121	-73.98194829	1
0	6	54775	406	40.69512845	-73.99595065	363	40.70834698	-74.01713445	1
0	6	1080	2003	40.73416059	-73.98024289	440	40.75255434	-73.97282625	1
0	6	35735	290	40.76020258	-73.96478473	455	40.75001986	-73.96905301	1
0	6	60881	301	40.72217444	-73.98368779	225	40.74195138	-74.00803013	1
0	6	12898	488	40.75645824	-73.99372222	525	40.75594159	-74.0021163	1
0	6	8230	458	40.751396	-74.005226	442	40.746647	-73.993915	1
0	6	1297	315	40.70355377	-74.00670227	329	40.72043411	-74.01020609	2
0	6	1948	486	40.7462009	-73.98855723	497	40.73704984	-73.99009296	2
0	6	2499	408	40.71076228	-73.99400398	331	40.71173107	-73.99193043	1
0	6	1386	127	40.73172428	-74.00674436	147	40.71542197	-74.01121978	1
0	6	833	417	40.71291224	-74.01020234	534	40.70255065	-74.0127234	1
0	6	2554	308	40.71307916	-73.99851193	360	40.70717936	-74.00887308	1
0	6	1269	365	40.68223166	-73.9614583	437	40.6809833854	-73.9500479759	1
0	6	24658	383	40.735238	-74.000271	223	40.73781509	-73.99994661	1
0	6	6519	422	40.770513	-73.988038	486	40.7462009	-73.98855723	1
0	6	24420	2003	40.73416059	-73.98024289	526	40.74765947	-73.98490707	1
0	6	4519	510	40.7606597	-73.98042047	367	40.75828065	-73.97069431	1
0	6	2763	521	40.75044999	-73.99481051	329	40.72043411	-74.01020609	1
0	6	1489	482	40.73935542	-73.99931783	280	40.73331967	-73.99510132	1
0	6	1298	318	40.75320159	-73.9779874	352	40.76340613	-73.97722479	1
0	6	1347	157	40.69089272	-73.99612349	314	40.69424674	-73.99215922	1
0	6	1125	513	40.768254	-73.988639	500	40.76228826	-73.98336183	1
0	6	1275	423	40.76584941	-73.98690506	402	40.7403432	-73.98955109	1
0	6	5138	317	40.72453734	-73.98185424	450	40.76227205	-73.98788205	1
0	6	11314	116	40.74177603	-74.00149746	462	40.74691959	-74.00451887	2
0	6	3815	504	40.73221853	-73.98165557	164	40.75323098	-73.97032517	1
0	6	10103	433	40.72955361	-73.98057249	297	40.734232	-73.986923	1
0	6	1692	524	40.75527307	-73.98316936	359	40.75510267	-73.97498696	2
0	6	11854	294	40.73049393	-73.9957214	2012	40.739445	-73.976806	1
0	6	1918	457	40.76695317	-73.98169333	173	40.76064679	-73.98442659	1
0	6	24681	487	40.73314259	-73.97573881	540	40.74147286	-73.98320928	1
0	6	31774	301	40.72217444	-73.98368779	347	40.72873888	-74.00748842	1
0	6	1363	167	40.7489006	-73.97604882	359	40.75510267	-73.97498696	1
0	6	15063	454	40.75455731	-73.96592976	497	40.73704984	-73.99009296	1
0	6	5525	72	40.76727216	-73.99392888	388	40.749717753	-74.002950346	1
0	6	4035	488	40.75645824	-73.99372222	318	40.75320159	-73.9779874	1
0	6	1199	410	40.72066442	-73.98517977	323	40.69236178	-73.98631746	1
0	6	6661	518	40.74780373	-73.9734419	507	40.73912601	-73.97973776	1
0	6	1467	472	40.7457121	-73.98194829	519	40.75188406	-73.97770164	2
0	6	8617	415	40.7047177	-74.00926027	224	40.71146364	-74.00552427	1
0	6	15146	2008	40.70569254	-74.01677685	363	40.70834698	-74.01713445	1
0	6	6651	389	40.71044554	-73.96525063	2002	40.716887	-73.963198	1
0	6	24398	534	40.70255065	-74.0127234	3002	40.711512	-74.015756	1
0	6	14637	303	40.72362738	-73.99949601	504	40.73221853	-73.98165557	1
0	6	1334	525	40.75594159	-74.0021163	426	40.71754834	-74.01322069	1
0	6	1382	493	40.7568001	-73.98291153	450	40.76227205	-73.98788205	1
0	6	2531	487	40.73314259	-73.97573881	402	40.7403432	-73.98955109	1
0	6	1469	457	40.76695317	-73.98169333	386	40.71494807	-74.00234482	1
0	6	1205	318	40.75320159	-73.9779874	450	40.76227205	-73.98788205	1
0	6	40561	218	40.69028437	-73.98707105	157	40.69089272	-73.99612349	1
0	6	24390	524	40.75527307	-73.98316936	456	40.7597108	-73.97402311	1
0	6	2439	253	40.73543934	-73.99453948	334	40.74238787	-73.99726235	1
0	6	18710	380	40.73401143	-74.00293877	280	40.73331967	-73.99510132	1
0	6	32531	482	40.73935542	-73.99931783	357	40.73261787	-73.99158043	1
0	6	42173	334	40.74238787	-73.99726235	528	40.74290902	-73.97706058	1
0	6	3112	480	40.76669671	-73.99061728	447	40.76370739	-73.9851615	1
0	6	824	448	40.75660359	-73.9979009	519	40.75188406	-73.97770164	1
0	6	1356	326	40.72953837	-73.98426726	375	40.72679454	-73.99695094	1
0	6	12420	504	40.73221853	-73.98165557	504	40.73221853	-73.98165557	1
0	6	2437	318	40.75320159	-73.9779874	510	40.7606597	-73.98042047	1
0	6	23177	223	40.73781509	-73.99994661	519	40.75188406	-73.97770164	1
0	6	6567	479	40.76019252	-73.9912551	508	40.76341379	-73.99667444	2
0	6	814	2002	40.716887	-73.963198	195	40.70905623	-74.01043382	1
0	6	1681	263	40.71729	-73.996375	152	40.71473993	-74.00910627	1
0	6	40858	510	40.7606597	-73.98042047	475	40.73524276	-73.98758561	1
0	6	28047	486	40.7462009	-73.98855723	173	40.76064679	-73.98442659	1
0	6	4014	533	40.75299641	-73.98721619	318	40.75320159	-73.9779874	1
0	6	1405	394	40.72521311	-73.97768752	335	40.72903917	-73.99404649	1
0	6	35293	317	40.72453734	-73.98185424	254	40.73532427	-73.99800419	1
0	6	218	359	40.75510267	-73.97498696	450	40.76227205	-73.98788205	1
0	6	32074	253	40.73543934	-73.99453948	251	40.72317958	-73.99480012	1
0	6	35299	509	40.7454973	-74.00197139	524	40.75527307	-73.98316936	1
0	6	57626	488	40.75645824	-73.99372222	2012	40.739445	-73.976806	1
0	6	3961	545	40.736502	-73.97809472	519	40.75188406	-73.97770164	1
0	6	2197	507	40.73912601	-73.97973776	382	40.73492695	-73.99200509	1
0	6	24345	2010	40.72165481	-74.00234737	524	40.75527307	-73.98316936	1
0	6	2876	195	40.70905623	-74.01043382	337	40.7037992	-74.00838676	1
0	6	22783	212	40.74334935	-74.00681753	463	40.74206539	-74.00443172	1
0	6	2674	426	40.71754834	-74.01322069	304	40.70463334	-74.01361706	1
0	6	4182	72	40.76727216	-73.99392888	426	40.71754834	-74.01322069	1
0	6	1567	252	40.73226398	-73.99852205	375	40.72679454	-73.99695094	1
0	6	1314	345	40.73649403	-73.99704374	375	40.72679454	-73.99695094	1
0	6	2039	477	40.75640548	-73.9900262	520	40.75992262	-73.97648516	1
0	6	936	513	40.768254	-73.988639	499	40.76915505	-73.98191841	1
0	6	1320	478	40.76030096	-73.99884222	521	40.75044999	-73.99481051	1
0	6	678	433	40.72955361	-73.98057249	223	40.73781509	-73.99994661	1
0	6	24552	472	40.7457121	-73.98194829	327	40.7153379	-74.01658354	1
0	6	2083	363	40.70834698	-74.01713445	329	40.72043411	-74.01020609	2
0	6	36171	490	40.751551	-73.993934	526	40.74765947	-73.98490707	1
0	6	9882	127	40.73172428	-74.00674436	345	40.73649403	-73.99704374	1
0	6	63220	347	40.72873888	-74.00748842	534	40.70255065	-74.0127234	1
0	6	1284	462	40.74691959	-74.00451887	520	40.75992262	-73.97648516	1
0	6	18139	297	40.734232	-73.986923	501	40.744219	-73.97121214	1
0	6	35764	492	40.75019995	-73.99093085	2012	40.739445	-73.976806	1
0	6	33002	383	40.735238	-74.000271	453	40.74475148	-73.99915362	1
0	6	1460	457	40.76695317	-73.98169333	367	40.75828065	-73.97069431	1
0	6	15861	329	40.72043411	-74.01020609	328	40.72405549	-74.00965965	1
0	6	1375	448	40.75660359	-73.9979009	281	40.7643971	-73.97371465	1
0	6	11330	496	40.73726186	-73.99238967	228	40.7546011026	-73.971878855	1
0	6	1070	508	40.76341379	-73.99667444	224	40.71146364	-74.00552427	1
0	6	1348	284	40.7390169121	-74.0026376103	382	40.73492695	-73.99200509	1
0	6	10127	2002	40.716887	-73.963198	282	40.70827295	-73.96834101	1
0	6	35933	423	40.76584941	-73.98690506	127	40.73172428	-74.00674436	1
0	6	16210	280	40.73331967	-73.99510132	328	40.72405549	-74.00965965	1
0	6	8586	488	40.75645824	-73.99372222	480	40.76669671	-73.99061728	1
0	6	24843	518	40.74780373	-73.9734419	522	40.75714758	-73.97207836	1
0	6	35894	274	40.68691865	-73.976682	390	40.69221589	-73.9842844	1
0	6	848	403	40.72502876	-73.99069656	417	40.71291224	-74.01020234	1
0	6	20321	363	40.70834698	-74.01713445	72	40.76727216	-73.99392888	1
0	6	1261	380	40.73401143	-74.00293877	212	40.74334935	-74.00681753	1
0	6	10853	477	40.75640548	-73.9900262	464	40.75934501	-73.96759673	1
0	6	40124	487	40.73314259	-73.97573881	225	40.74195138	-74.00803013	1
0	6	1364	238	40.7361967	-74.00859207	306	40.70823502	-74.00530063	1
0	6	1281	518	40.74780373	-73.9734419	173	40.76064679	-73.98442659	1
0	6	21341	382	40.73492695	-73.99200509	528	40.74290902	-73.97706058	1
0	6	4030	504	40.73221853	-73.98165557	174	40.7381765	-73.97738662	1
0	6	3933	317	40.72453734	-73.98185424	518	40.74780373	-73.9734419	1
0	6	36510	502	40.714215	-73.981346	2010	40.72165481	-74.00234737	1
0	6	727	278	40.69766564	-73.98476437	2000	40.70255088	-73.98940236	1
0	6	11242	449	40.76461837	-73.98789473	523	40.75466591	-73.99138152	1
0	6	30349	128	40.72710258	-74.00297088	380	40.73401143	-74.00293877	1
0	6	1173	488	40.75645824	-73.99372222	167	40.7489006	-73.97604882	1
0	6	18447	472	40.7457121	-73.98194829	501	40.744219	-73.97121214	3
0	6	1771	422	40.770513	-73.988038	510	40.7606597	-73.98042047	1
0	6	1374	507	40.73912601	-73.97973776	2023	40.75968085	-73.97031366	1
0	6	24439	477	40.75640548	-73.9900262	347	40.72873888	-74.00748842	1
0	6	1456	358	40.73291553	-74.00711384	293	40.73028666	-73.9907647	1
0	6	8070	485	40.75038009	-73.98338988	472	40.7457121	-73.98194829	1
0	6	35354	477	40.75640548	-73.9900262	455	40.75001986	-73.96905301	1
0	6	3879	128	40.72710258	-74.00297088	329	40.72043411	-74.01020609	1
0	6	18050	328	40.72405549	-74.00965965	318	40.75320159	-73.9779874	1
0	6	1898	453	40.74475148	-73.99915362	327	40.7153379	-74.01658354	1
0	6	24629	327	40.7153379	-74.01658354	446	40.74487634	-73.99529885	1
0	6	13244	450	40.76227205	-73.98788205	482	40.73935542	-73.99931783	1
0	6	1477	502	40.714215	-73.981346	296	40.71413089	-73.9970468	1
0	6	1638	509	40.7454973	-74.00197139	347	40.72873888	-74.00748842	1
0	6	7434	479	40.76019252	-73.9912551	519	40.75188406	-73.97770164	1
0	6	473	514	40.76087502	-74.00277668	426	40.71754834	-74.01322069	1
0	6	1836	405	40.739323	-74.008119	521	40.75044999	-73.99481051	1
0	6	66433	369	40.73224119	-74.00026394	415	40.7047177	-74.00926027	1
0	6	12914	512	40.7500727	-73.99839279	512	40.7500727	-73.99839279	1
0	6	1168	325	40.73624527	-73.98473765	285	40.73454567	-73.99074142	1
0	6	2273	459	40.746745	-74.007756	426	40.71754834	-74.01322069	1
0	6	6128	472	40.7457121	-73.98194829	485	40.75038009	-73.98338988	1
0	6	934	448	40.75660359	-73.9979009	484	40.75500254	-73.98014437	1
0	6	1008	521	40.75044999	-73.99481051	458	40.751396	-74.005226	2
0	6	1232	405	40.739323	-74.008119	284	40.7390169121	-74.0026376103	1
0	6	66434	267	40.75097711	-73.98765428	2012	40.739445	-73.976806	1
0	6	20425	488	40.75645824	-73.99372222	508	40.76341379	-73.99667444	1
0	6	16091	454	40.75455731	-73.96592976	2012	40.739445	-73.976806	1
0	6	831	477	40.75640548	-73.9900262	528	40.74290902	-73.97706058	1
0	6	8046	168	40.73971301	-73.99456405	475	40.73524276	-73.98758561	1
0	6	19347	237	40.73047309	-73.98672378	519	40.75188406	-73.97770164	1
0	6	1109	263	40.71729	-73.996375	417	40.71291224	-74.01020234	1
0	6	9663	325	40.73624527	-73.98473765	521	40.75044999	-73.99481051	2
0	6	24252	325	40.73624527	-73.98473765	462	40.74691959	-74.00451887	1
0	6	12766	293	40.73028666	-73.9907647	317	40.72453734	-73.98185424	1
0	6	812	487	40.73314259	-73.97573881	151	40.7218158	-73.99720307	1
0	6	1902	487	40.73314259	-73.97573881	510	40.7606597	-73.98042047	1
0	6	47157	395	40.68807003	-73.98410637	366	40.693261	-73.968896	1
0	6	20835	497	40.73704984	-73.99009296	528	40.74290902	-73.97706058	1
0	6	33277	229	40.72743423	-73.99379025	363	40.70834698	-74.01713445	1
0	6	15255	388	40.749717753	-74.002950346	480	40.76669671	-73.99061728	1
0	6	31681	487	40.73314259	-73.97573881	519	40.75188406	-73.97770164	1
0	6	1452	518	40.74780373	-73.9734419	2012	40.739445	-73.976806	1
0	6	16987	453	40.74475148	-73.99915362	490	40.751551	-73.993934	1
0	6	30432	405	40.739323	-74.008119	147	40.71542197	-74.01121978	1
0	6	679	477	40.75640548	-73.9900262	510	40.7606597	-73.98042047	1
0	6	33831	290	40.76020258	-73.96478473	545	40.736502	-73.97809472	1
0	6	1406	512	40.7500727	-73.99839279	212	40.74334935	-74.00681753	1
0	6	20093	151	40.7218158	-73.99720307	302	40.72082834	-73.97793172	1
0	6	26407	397	40.68415748	-73.96922273	271	40.68528172	-73.97805813	1
0	6	8797	509	40.7454973	-74.00197139	223	40.73781509	-73.99994661	1
0	6	3084	501	40.744219	-73.97121214	2022	40.75849116	-73.95920622	1
0	6	702	482	40.73935542	-73.99931783	318	40.75320159	-73.9779874	1
0	6	1010	314	40.69424674	-73.99215922	2008	40.70569254	-74.01677685	1
0	6	2237	518	40.74780373	-73.9734419	518	40.74780373	-73.9734419	1
0	6	2034	417	40.71291224	-74.01020234	304	40.70463334	-74.01361706	1
0	6	554	355	40.71602118	-73.99974372	329	40.72043411	-74.01020609	1
0	6	2470	450	40.76227205	-73.98788205	267	40.75097711	-73.98765428	1
0	6	1309	519	40.75188406	-73.97770164	260	40.70365182	-74.01167797	1
0	6	33783	459	40.746745	-74.007756	470	40.74345335	-74.00004031	1
0	6	1438	445	40.72740794	-73.98142006	285	40.73454567	-73.99074142	1
0	6	1454	540	40.74147286	-73.98320928	486	40.7462009	-73.98855723	1
0	6	7540	128	40.72710258	-74.00297088	168	40.73971301	-73.99456405	1
0	6	42186	236	40.7284186	-73.98713956	519	40.75188406	-73.97770164	1
0	6	49214	2009	40.71117444	-73.99682619	528	40.74290902	-73.97706058	1
0	6	15099	336	40.73047747	-73.99906065	285	40.73454567	-73.99074142	1
0	6	6003	306	40.70823502	-74.00530063	249	40.71870987	-74.0090009	1
0	6	24697	512	40.7500727	-73.99839279	305	40.76095756	-73.96724467	1
0	6	1520	375	40.72679454	-73.99695094	223	40.73781509	-73.99994661	1
0	6	2708	330	40.71450451	-74.00562789	518	40.74780373	-73.9734419	1
0	6	37174	438	40.72779126	-73.98564945	236	40.7284186	-73.98713956	1
0	6	6438	319	40.71336124	-74.00937622	387	40.71273266	-74.0046073	1
0	6	7003	477	40.75640548	-73.9900262	498	40.74854862	-73.98808416	1
0	6	10618	496	40.73726186	-73.99238967	380	40.73401143	-74.00293877	1
0	6	12130	484	40.75500254	-73.98014437	367	40.75828065	-73.97069431	1
0	6	27626	474	40.7451677	-73.98683077	528	40.74290902	-73.97706058	1
0	6	20046	502	40.714215	-73.981346	342	40.71739973	-73.98016555	1
0	6	10276	247	40.73535398	-74.00483091	247	40.73535398	-74.00483091	1
0	6	38078	280	40.73331967	-73.99510132	402	40.7403432	-73.98955109	1
0	6	30000	253	40.73543934	-73.99453948	445	40.72740794	-73.98142006	1
0	6	7095	507	40.73912601	-73.97973776	315	40.70355377	-74.00670227	1
0	6	24127	325	40.73624527	-73.98473765	507	40.73912601	-73.97973776	1
0	6	57180	153	40.752062307	-73.9816324043	359	40.75510267	-73.97498696	1
0	6	5888	127	40.73172428	-74.00674436	377	40.72243797	-74.00566443	2
0	6	8378	168	40.73971301	-73.99456405	459	40.746745	-74.007756	1
0	6	26843	316	40.70955958	-74.00653609	337	40.7037992	-74.00838676	1
0	6	14532	495	40.76269882	-73.99301222	490	40.751551	-73.993934	1
0	6	954	334	40.74238787	-73.99726235	72	40.76727216	-73.99392888	1
0	6	1508	285	40.73454567	-73.99074142	360	40.70717936	-74.00887308	1
0	6	21639	497	40.73704984	-73.99009296	521	40.75044999	-73.99481051	1
0	6	10704	477	40.75640548	-73.9900262	225	40.74195138	-74.00803013	1
0	6	24430	270	40.69308257	-73.97178913	285	40.73454567	-73.99074142	1
0	6	10052	326	40.72953837	-73.98426726	359	40.75510267	-73.97498696	1
0	6	36521	307	40.71427487	-73.98990025	377	40.72243797	-74.00566443	1
0	6	4067	3002	40.711512	-74.015756	249	40.71870987	-74.0090009	1
0	6	35489	446	40.74487634	-73.99529885	305	40.76095756	-73.96724467	1
0	6	1486	531	40.71893904	-73.99266288	356	40.71622644	-73.98261206	1
0	6	1286	310	40.68926942	-73.98912867	417	40.71291224	-74.01020234	1
0	6	42178	263	40.71729	-73.996375	367	40.75828065	-73.97069431	1
0	6	942	523	40.75466591	-73.99138152	447	40.76370739	-73.9851615	1
0	6	8826	512	40.7500727	-73.99839279	402	40.7403432	-73.98955109	1
0	6	8679	128	40.72710258	-74.00297088	347	40.72873888	-74.00748842	1
0	6	2588	382	40.73492695	-73.99200509	336	40.73047747	-73.99906065	1
0	6	27332	426	40.71754834	-74.01322069	355	40.71602118	-73.99974372	1
0	6	740	477	40.75640548	-73.9900262	367	40.75828065	-73.97069431	2
0	6	47916	332	40.71219906	-73.97948148	402	40.7403432	-73.98955109	1
0	6	21846	482	40.73935542	-73.99931783	116	40.74177603	-74.00149746	1
0	6	4400	153	40.752062307	-73.9816324043	519	40.75188406	-73.97770164	1
0	6	4291	490	40.751551	-73.993934	500	40.76228826	-73.98336183	1
0	6	11607	151	40.7218158	-73.99720307	293	40.73028666	-73.9907647	1
0	6	2993	500	40.76228826	-73.98336183	456	40.7597108	-73.97402311	1
0	6	24504	167	40.7489006	-73.97604882	2012	40.739445	-73.976806	1
0	6	11293	328	40.72405549	-74.00965965	147	40.71542197	-74.01121978	1
0	6	24222	373	40.69331716	-73.95381995	473	40.72110063	-73.9919254	1
0	6	1258	312	40.722055	-73.989111	522	40.75714758	-73.97207836	1
0	6	1981	457	40.76695317	-73.98169333	456	40.7597108	-73.97402311	1
0	6	34548	164	40.75323098	-73.97032517	347	40.72873888	-74.00748842	1
0	6	24461	119	40.69608941	-73.97803415	412	40.7158155	-73.99422366	1
0	6	1612	524	40.75527307	-73.98316936	520	40.75992262	-73.97648516	1
0	6	1245	263	40.71729	-73.996375	475	40.73524276	-73.98758561	1
0	6	46409	454	40.75455731	-73.96592976	325	40.73624527	-73.98473765	1
0	6	2343	411	40.72228087	-73.97668709	223	40.73781509	-73.99994661	1
0	6	4522	329	40.72043411	-74.01020609	387	40.71273266	-74.0046073	1
0	6	28241	334	40.74238787	-73.99726235	469	40.76344058	-73.98268129	1
0	6	22619	238	40.7361967	-74.00859207	514	40.76087502	-74.00277668	1
0	6	33849	334	40.74238787	-73.99726235	368	40.73038599	-74.00214988	1
0	6	41944	460	40.71285887	-73.96590294	262	40.69178232	-73.97372989	1
0	6	403	477	40.75640548	-73.9900262	462	40.74691959	-74.00451887	1
0	6	28345	300	40.728145	-73.990214	317	40.72453734	-73.98185424	1
0	6	879	368	40.73038599	-74.00214988	426	40.71754834	-74.01322069	1
0	6	1525	391	40.69760127	-73.99344559	278	40.69766564	-73.98476437	1
0	6	1476	380	40.73401143	-74.00293877	459	40.746745	-74.007756	1
0	6	1529	315	40.70355377	-74.00670227	195	40.70905623	-74.01043382	1
0	6	2755	442	40.746647	-73.993915	168	40.73971301	-73.99456405	1
0	6	8233	382	40.73492695	-73.99200509	352	40.76340613	-73.97722479	1
0	6	1772	116	40.74177603	-74.00149746	456	40.7597108	-73.97402311	1
0	6	22093	116	40.74177603	-74.00149746	463	40.74206539	-74.00443172	2
0	6	39632	485	40.75038009	-73.98338988	440	40.75255434	-73.97282625	1
0	6	1481	480	40.76669671	-73.99061728	524	40.75527307	-73.98316936	1
0	6	10478	224	40.71146364	-74.00552427	264	40.70706456	-74.00731853	1
0	6	14134	387	40.71273266	-74.0046073	258	40.68940747	-73.96885458	1
0	6	24293	2003	40.73416059	-73.98024289	337	40.7037992	-74.00838676	1
0	6	41795	224	40.71146364	-74.00552427	249	40.71870987	-74.0090009	1
0	6	52351	153	40.752062307	-73.9816324043	479	40.76019252	-73.9912551	1
0	6	1220	352	40.76340613	-73.97722479	318	40.75320159	-73.9779874	1
0	6	2219	195	40.70905623	-74.01043382	264	40.70706456	-74.00731853	1
0	6	24777	315	40.70355377	-74.00670227	327	40.7153379	-74.01658354	1
0	6	24498	352	40.76340613	-73.97722479	128	40.72710258	-74.00297088	1
0	6	20262	265	40.72229346	-73.99147535	307	40.71427487	-73.98990025	1
0	6	19854	368	40.73038599	-74.00214988	402	40.7403432	-73.98955109	1
0	6	1461	479	40.76019252	-73.9912551	173	40.76064679	-73.98442659	1
0	6	3036	546	40.74444921	-73.98303529	318	40.75320159	-73.9779874	1
0	6	66435	481	40.71260486	-73.96264403	315	40.70355377	-74.00670227	1
0	6	1012	327	40.7153379	-74.01658354	249	40.71870987	-74.0090009	1
