0	23	9689	380	40.73401143	-74.00293877	356	40.71622644	-73.98261206	1
0	23	57610	323	40.69236178	-73.98631746	216	40.70037867	-73.99548059	1
0	23	21074	161	40.72917025	-73.99810231	504	40.73221853	-73.98165557	3
0	23	5936	536	40.74144387	-73.97536082	536	40.74144387	-73.97536082	1
0	23	31511	423	40.76584941	-73.98690506	2012	40.739445	-73.976806	1
0	23	75253	430	40.7014851	-73.98656928	280	40.73331967	-73.99510132	1
0	23	25002	468	40.7652654	-73.98192338	531	40.71893904	-73.99266288	1
0	23	47922	352	40.76340613	-73.97722479	3002	40.711512	-74.015756	1
0	23	56855	285	40.73454567	-73.99074142	344	40.6851443	-73.95380904	1
0	23	49240	470	40.74345335	-74.00004031	507	40.73912601	-73.97973776	1
0	23	47905	293	40.73028666	-73.9907647	520	40.75992262	-73.97648516	1
0	23	18976	459	40.746745	-74.007756	320	40.71743998	-74.00583475	1
0	23	42709	468	40.7652654	-73.98192338	403	40.72502876	-73.99069656	1
0	23	40600	290	40.76020258	-73.96478473	326	40.72953837	-73.98426726	1
0	23	13858	358	40.73291553	-74.00711384	3002	40.711512	-74.015756	1
0	23	22724	494	40.74734825	-73.99723551	499	40.76915505	-73.98191841	1
0	23	10910	494	40.74734825	-73.99723551	236	40.7284186	-73.98713956	1
0	23	52337	195	40.70905623	-74.01043382	349	40.71850211	-73.98329859	1
0	23	44798	447	40.76370739	-73.9851615	127	40.73172428	-74.00674436	1
0	23	36919	426	40.71754834	-74.01322069	489	40.75066386	-74.00176802	1
0	23	1112	523	40.75466591	-73.99138152	500	40.76228826	-73.98336183	2
0	23	15770	377	40.72243797	-74.00566443	195	40.70905623	-74.01043382	1
0	23	29921	79	40.71911552	-74.00666661	453	40.74475148	-73.99915362	1
0	23	73178	352	40.76340613	-73.97722479	428	40.72467721	-73.98783413	1
0	23	56974	477	40.75640548	-73.9900262	150	40.7208736	-73.98085795	1
0	23	14726	265	40.72229346	-73.99147535	340	40.71269042	-73.98776323	1
0	23	31046	238	40.7361967	-74.00859207	446	40.74487634	-73.99529885	1
0	23	12705	127	40.73172428	-74.00674436	495	40.76269882	-73.99301222	1
0	23	9834	347	40.72873888	-74.00748842	523	40.75466591	-73.99138152	1
0	23	23913	298	40.68683208	-73.9796772	344	40.6851443	-73.95380904	1
0	23	33665	382	40.73492695	-73.99200509	291	40.713126	-73.984844	1
0	23	50723	161	40.72917025	-73.99810231	2009	40.71117444	-73.99682619	1
0	23	15530	173	40.76064679	-73.98442659	540	40.74147286	-73.98320928	1
0	23	9605	325	40.73624527	-73.98473765	128	40.72710258	-74.00297088	1
0	23	68342	293	40.73028666	-73.9907647	525	40.75594159	-74.0021163	1
0	23	15329	458	40.751396	-74.005226	540	40.74147286	-73.98320928	1
0	23	73816	320	40.71743998	-74.00583475	238	40.7361967	-74.00859207	1
0	23	4664	325	40.73624527	-73.98473765	482	40.73935542	-73.99931783	1
0	23	12453	422	40.770513	-73.988038	422	40.770513	-73.988038	1
0	23	48316	252	40.73226398	-73.99852205	527	40.74315566	-73.97434726	3
0	23	11140	475	40.73524276	-73.98758561	434	40.74317449	-74.00366443	1
0	23	34496	460	40.71285887	-73.96590294	460	40.71285887	-73.96590294	3
0	23	7290	492	40.75019995	-73.99093085	225	40.74195138	-74.00803013	1
0	23	48720	266	40.72368361	-73.97574813	340	40.71269042	-73.98776323	1
0	23	22482	375	40.72679454	-73.99695094	311	40.7172274	-73.98802084	1
0	23	75254	336	40.73047747	-73.99906065	160	40.748238	-73.978311	1
0	23	58634	436	40.68216564	-73.95399026	372	40.694528	-73.958089	1
0	23	2731	358	40.73291553	-74.00711384	328	40.72405549	-74.00965965	2
0	23	4265	312	40.722055	-73.989111	401	40.72019576	-73.98997825	1
0	23	39596	294	40.73049393	-73.9957214	79	40.71911552	-74.00666661	1
0	23	23705	505	40.74901271	-73.98848395	499	40.76915505	-73.98191841	1
0	23	72978	472	40.7457121	-73.98194829	331	40.71173107	-73.99193043	1
0	23	3376	472	40.7457121	-73.98194829	360	40.70717936	-74.00887308	1
0	23	27942	352	40.76340613	-73.97722479	458	40.751396	-74.005226	1
0	23	30205	453	40.74475148	-73.99915362	525	40.75594159	-74.0021163	2
0	23	75255	489	40.75066386	-74.00176802	398	40.69165183	-73.9999786	1
0	23	9615	482	40.73935542	-73.99931783	477	40.75640548	-73.9900262	1
0	23	25342	300	40.728145	-73.990214	252	40.73226398	-73.99852205	1
0	23	4912	382	40.73492695	-73.99200509	294	40.73049393	-73.9957214	1
0	23	25806	264	40.70706456	-74.00731853	263	40.71729	-73.996375	1
0	23	40543	388	40.749717753	-74.002950346	382	40.73492695	-73.99200509	1
0	23	47338	394	40.72521311	-73.97768752	475	40.73524276	-73.98758561	1
0	23	71275	331	40.71173107	-73.99193043	327	40.7153379	-74.01658354	2
0	23	41427	252	40.73226398	-73.99852205	450	40.76227205	-73.98788205	1
0	23	21157	257	40.71939226	-74.00247214	483	40.73223272	-73.98889957	1
0	23	40069	257	40.71939226	-74.00247214	350	40.71559509	-73.9870295	1
0	23	11434	312	40.722055	-73.989111	229	40.72743423	-73.99379025	1
0	23	2045	285	40.73454567	-73.99074142	537	40.74025878	-73.98409214	1
0	23	41709	483	40.73223272	-73.98889957	411	40.72228087	-73.97668709	1
0	23	44850	252	40.73226398	-73.99852205	428	40.72467721	-73.98783413	2
0	23	48813	336	40.73047747	-73.99906065	237	40.73047309	-73.98672378	1
0	23	13726	375	40.72679454	-73.99695094	150	40.7208736	-73.98085795	2
0	23	34969	127	40.73172428	-74.00674436	540	40.74147286	-73.98320928	1
0	23	54242	375	40.72679454	-73.99695094	325	40.73624527	-73.98473765	1
0	23	37488	375	40.72679454	-73.99695094	405	40.739323	-74.008119	1
0	23	21184	495	40.76269882	-73.99301222	529	40.7575699	-73.99098507	2
0	23	29948	495	40.76269882	-73.99301222	488	40.75645824	-73.99372222	1
0	23	21345	348	40.72490985	-74.00154702	303	40.72362738	-73.99949601	1
0	23	45019	383	40.735238	-74.000271	495	40.76269882	-73.99301222	1
0	23	44103	401	40.72019576	-73.98997825	528	40.74290902	-73.97706058	1
0	23	26730	252	40.73226398	-73.99852205	323	40.69236178	-73.98631746	1
0	23	23129	479	40.76019252	-73.9912551	160	40.748238	-73.978311	1
0	23	13693	347	40.72873888	-74.00748842	334	40.74238787	-73.99726235	1
0	23	15748	482	40.73935542	-73.99931783	439	40.7262807	-73.98978041	2
0	23	17005	447	40.76370739	-73.9851615	318	40.75320159	-73.9779874	1
0	23	10290	440	40.75255434	-73.97282625	290	40.76020258	-73.96478473	1
0	23	29683	128	40.72710258	-74.00297088	432	40.72621788	-73.98379855	1
0	23	6597	368	40.73038599	-74.00214988	518	40.74780373	-73.9734419	1
0	23	27025	546	40.74444921	-73.98303529	326	40.72953837	-73.98426726	1
0	23	4022	537	40.74025878	-73.98409214	439	40.7262807	-73.98978041	1
0	23	9950	402	40.7403432	-73.98955109	519	40.75188406	-73.97770164	1
0	23	48315	540	40.74147286	-73.98320928	512	40.7500727	-73.99839279	1
0	23	3818	116	40.74177603	-74.00149746	380	40.73401143	-74.00293877	1
0	23	6431	458	40.751396	-74.005226	488	40.75645824	-73.99372222	1
0	23	2998	362	40.75172632	-73.98753523	517	40.75149263	-73.97798848	1
0	23	24026	312	40.722055	-73.989111	2012	40.739445	-73.976806	1
0	23	56916	257	40.71939226	-74.00247214	518	40.74780373	-73.9734419	1
0	23	49164	324	40.689888	-73.981013	274	40.68691865	-73.976682	1
0	23	25948	303	40.72362738	-73.99949601	151	40.7218158	-73.99720307	1
0	23	2605	504	40.73221853	-73.98165557	497	40.73704984	-73.99009296	1
0	23	45111	368	40.73038599	-74.00214988	471	40.71286844	-73.95698119	1
0	23	34342	488	40.75645824	-73.99372222	447	40.76370739	-73.9851615	1
0	23	5606	523	40.75466591	-73.99138152	72	40.76727216	-73.99392888	1
0	23	2575	478	40.76030096	-73.99884222	534	40.70255065	-74.0127234	1
0	23	917	504	40.73221853	-73.98165557	2012	40.739445	-73.976806	1
0	23	9740	3002	40.711512	-74.015756	327	40.7153379	-74.01658354	1
0	23	15513	489	40.75066386	-74.00176802	488	40.75645824	-73.99372222	1
0	23	53765	300	40.728145	-73.990214	334	40.74238787	-73.99726235	1
0	23	433	504	40.73221853	-73.98165557	312	40.722055	-73.989111	1
0	23	23557	241	40.68981035	-73.97493121	366	40.693261	-73.968896	1
0	23	17721	500	40.76228826	-73.98336183	415	40.7047177	-74.00926027	1
0	23	50563	507	40.73912601	-73.97973776	509	40.7454973	-74.00197139	1
0	23	10155	260	40.70365182	-74.01167797	224	40.71146364	-74.00552427	1
0	23	8283	2012	40.739445	-73.976806	441	40.756014	-73.967416	1
0	23	24238	376	40.70862144	-74.00722156	260	40.70365182	-74.01167797	1
0	23	32191	438	40.72779126	-73.98564945	527	40.74315566	-73.97434726	1
0	23	2604	536	40.74144387	-73.97536082	2017	40.75022392	-73.97121414	1
0	23	8018	229	40.72743423	-73.99379025	146	40.71625008	-74.0091059	1
0	23	62897	250	40.72456089	-73.99565293	224	40.71146364	-74.00552427	1
0	23	7808	173	40.76064679	-73.98442659	281	40.7643971	-73.97371465	1
0	23	25026	473	40.72110063	-73.9919254	531	40.71893904	-73.99266288	1
0	23	15232	490	40.751551	-73.993934	529	40.7575699	-73.99098507	1
0	23	31345	400	40.71926081	-73.98178024	401	40.72019576	-73.98997825	1
0	23	358	382	40.73492695	-73.99200509	161	40.72917025	-73.99810231	1
0	23	67312	503	40.73827428	-73.98751968	418	40.70224	-73.982578	1
0	23	4801	128	40.72710258	-74.00297088	146	40.71625008	-74.0091059	1
0	23	15046	293	40.73028666	-73.9907647	293	40.73028666	-73.9907647	1
0	23	13325	116	40.74177603	-74.00149746	458	40.751396	-74.005226	1
0	23	17815	380	40.73401143	-74.00293877	432	40.72621788	-73.98379855	1
0	23	24063	312	40.722055	-73.989111	408	40.71076228	-73.99400398	1
0	23	5054	540	40.74147286	-73.98320928	435	40.74173969	-73.99415556	1
0	23	27624	336	40.73047747	-73.99906065	250	40.72456089	-73.99565293	1
0	23	34235	368	40.73038599	-74.00214988	307	40.71427487	-73.98990025	1
0	23	26001	323	40.69236178	-73.98631746	143	40.69239502	-73.99337909	1
0	23	41586	531	40.71893904	-73.99266288	276	40.71748752	-74.0104554	1
0	23	70450	301	40.72217444	-73.98368779	395	40.68807003	-73.98410637	1
0	23	31538	334	40.74238787	-73.99726235	523	40.75466591	-73.99138152	1
0	23	6820	387	40.71273266	-74.0046073	319	40.71336124	-74.00937622	1
0	23	45205	383	40.735238	-74.000271	445	40.72740794	-73.98142006	1
0	23	46515	120	40.68676793	-73.95928168	258	40.68940747	-73.96885458	1
0	23	10780	236	40.7284186	-73.98713956	2003	40.73416059	-73.98024289	1
0	23	14690	336	40.73047747	-73.99906065	483	40.73223272	-73.98889957	1
0	23	31956	507	40.73912601	-73.97973776	380	40.73401143	-74.00293877	1
0	23	21114	450	40.76227205	-73.98788205	426	40.71754834	-74.01322069	1
0	23	75256	531	40.71893904	-73.99266288	261	40.69474881	-73.98362464	1
0	23	54636	353	40.68539567	-73.97431458	436	40.68216564	-73.95399026	2
0	23	53349	237	40.73047309	-73.98672378	470	40.74345335	-74.00004031	1
0	23	37298	2021	40.75929124	-73.98859651	485	40.75038009	-73.98338988	1
0	23	19175	265	40.72229346	-73.99147535	531	40.71893904	-73.99266288	1
0	23	61538	249	40.71870987	-74.0090009	247	40.73535398	-74.00483091	1
0	23	15203	294	40.73049393	-73.9957214	252	40.73226398	-73.99852205	1
0	23	75257	312	40.722055	-73.989111	344	40.6851443	-73.95380904	1
0	23	50812	2012	40.739445	-73.976806	432	40.72621788	-73.98379855	1
0	23	14733	280	40.73331967	-73.99510132	236	40.7284186	-73.98713956	1
0	23	65155	494	40.74734825	-73.99723551	513	40.768254	-73.988639	1
0	23	74190	500	40.76228826	-73.98336183	284	40.7390169121	-74.0026376103	1
0	23	440	504	40.73221853	-73.98165557	2022	40.75849116	-73.95920622	1
0	23	22436	439	40.7262807	-73.98978041	531	40.71893904	-73.99266288	1
0	23	13867	323	40.69236178	-73.98631746	395	40.68807003	-73.98410637	1
0	23	4016	446	40.74487634	-73.99529885	477	40.75640548	-73.9900262	1
0	23	5699	164	40.75323098	-73.97032517	438	40.72779126	-73.98564945	1
0	23	34315	502	40.714215	-73.981346	257	40.71939226	-74.00247214	1
0	23	20253	453	40.74475148	-73.99915362	477	40.75640548	-73.9900262	1
0	23	56786	83	40.68382604	-73.97632328	489	40.75066386	-74.00176802	1
0	23	2219	195	40.70905623	-74.01043382	264	40.70706456	-74.00731853	1
0	23	17354	497	40.73704984	-73.99009296	393	40.72299208	-73.97995466	1
0	23	22151	274	40.68691865	-73.976682	409	40.6906495	-73.95643107	1
0	23	34312	449	40.76461837	-73.98789473	505	40.74901271	-73.98848395	1
0	23	29192	415	40.7047177	-74.00926027	331	40.71173107	-73.99193043	1
0	23	9472	2010	40.72165481	-74.00234737	151	40.7218158	-73.99720307	1
0	23	5551	247	40.73535398	-74.00483091	268	40.71910537	-73.99973337	1
0	23	30565	428	40.72467721	-73.98783413	531	40.71893904	-73.99266288	1
0	23	32641	324	40.689888	-73.981013	421	40.69573398	-73.97129668	1
0	23	26942	265	40.72229346	-73.99147535	296	40.71413089	-73.9970468	1
0	23	4027	319	40.71336124	-74.00937622	376	40.70862144	-74.00722156	1
0	23	50746	144	40.69839895	-73.98068914	144	40.69839895	-73.98068914	1
0	23	2437	318	40.75320159	-73.9779874	510	40.7606597	-73.98042047	1
0	23	52728	438	40.72779126	-73.98564945	362	40.75172632	-73.98753523	1
0	23	6797	432	40.72621788	-73.98379855	348	40.72490985	-74.00154702	1
0	23	40176	323	40.69236178	-73.98631746	454	40.75455731	-73.96592976	1
0	23	7058	329	40.72043411	-74.01020609	225	40.74195138	-74.00803013	1
0	23	53615	522	40.75714758	-73.97207836	362	40.75172632	-73.98753523	1
0	23	9979	509	40.7454973	-74.00197139	405	40.739323	-74.008119	1
0	23	10778	251	40.72317958	-73.99480012	237	40.73047309	-73.98672378	1
0	23	7530	476	40.74394314	-73.97966069	521	40.75044999	-73.99481051	1
0	23	28869	388	40.749717753	-74.002950346	380	40.73401143	-74.00293877	1
0	23	25215	488	40.75645824	-73.99372222	435	40.74173969	-73.99415556	2
0	23	28238	504	40.73221853	-73.98165557	325	40.73624527	-73.98473765	1
0	23	25634	438	40.72779126	-73.98564945	518	40.74780373	-73.9734419	1
0	23	49837	216	40.70037867	-73.99548059	323	40.69236178	-73.98631746	1
0	23	42035	504	40.73221853	-73.98165557	516	40.75206862	-73.96784384	1
0	23	2853	459	40.746745	-74.007756	307	40.71427487	-73.98990025	1
0	23	57058	263	40.71729	-73.996375	507	40.73912601	-73.97973776	1
0	23	41862	445	40.72740794	-73.98142006	469	40.76344058	-73.98268129	1
0	23	65024	116	40.74177603	-74.00149746	143	40.69239502	-73.99337909	1
0	23	20344	422	40.770513	-73.988038	446	40.74487634	-73.99529885	1
0	23	33404	83	40.68382604	-73.97632328	365	40.68223166	-73.9614583	1
0	23	14830	485	40.75038009	-73.98338988	485	40.75038009	-73.98338988	1
0	23	21652	285	40.73454567	-73.99074142	518	40.74780373	-73.9734419	1
0	23	4983	537	40.74025878	-73.98409214	382	40.73492695	-73.99200509	1
0	23	2020	445	40.72740794	-73.98142006	459	40.746745	-74.007756	1
0	23	31614	225	40.74195138	-74.00803013	358	40.73291553	-74.00711384	1
0	23	9737	151	40.7218158	-73.99720307	483	40.73223272	-73.98889957	1
0	23	8474	382	40.73492695	-73.99200509	432	40.72621788	-73.98379855	1
0	23	46722	540	40.74147286	-73.98320928	336	40.73047747	-73.99906065	1
0	23	29129	473	40.72110063	-73.9919254	400	40.71926081	-73.98178024	2
0	23	2657	280	40.73331967	-73.99510132	463	40.74206539	-74.00443172	1
0	23	28729	520	40.75992262	-73.97648516	472	40.7457121	-73.98194829	1
0	23	13667	435	40.74173969	-73.99415556	546	40.74444921	-73.98303529	1
0	23	9952	128	40.72710258	-74.00297088	293	40.73028666	-73.9907647	1
0	23	27158	470	40.74345335	-74.00004031	489	40.75066386	-74.00176802	2
0	23	29256	402	40.7403432	-73.98955109	167	40.7489006	-73.97604882	1
0	23	18056	271	40.68528172	-73.97805813	262	40.69178232	-73.97372989	1
0	23	35478	253	40.73543934	-73.99453948	151	40.7218158	-73.99720307	1
0	23	32926	428	40.72467721	-73.98783413	307	40.71427487	-73.98990025	1
0	23	87	482	40.73935542	-73.99931783	402	40.7403432	-73.98955109	1
0	23	3257	523	40.75466591	-73.99138152	459	40.746745	-74.007756	1
0	23	9305	116	40.74177603	-74.00149746	521	40.75044999	-73.99481051	1
0	23	21057	247	40.73535398	-74.00483091	236	40.7284186	-73.98713956	2
0	23	5744	284	40.7390169121	-74.0026376103	285	40.73454567	-73.99074142	1
0	23	4590	519	40.75188406	-73.97770164	540	40.74147286	-73.98320928	2
0	23	642	483	40.73223272	-73.98889957	301	40.72217444	-73.98368779	1
0	23	32963	127	40.73172428	-74.00674436	326	40.72953837	-73.98426726	1
0	23	895	406	40.69512845	-73.99595065	157	40.69089272	-73.99612349	1
0	23	6141	382	40.73492695	-73.99200509	348	40.72490985	-74.00154702	2
0	23	39686	545	40.736502	-73.97809472	285	40.73454567	-73.99074142	1
0	23	18480	377	40.72243797	-74.00566443	268	40.71910537	-73.99973337	1
0	23	40251	72	40.76727216	-73.99392888	503	40.73827428	-73.98751968	1
0	23	38747	433	40.72955361	-73.98057249	380	40.73401143	-74.00293877	1
0	23	12038	546	40.74444921	-73.98303529	440	40.75255434	-73.97282625	1
0	23	14165	479	40.76019252	-73.9912551	488	40.75645824	-73.99372222	1
0	23	52287	463	40.74206539	-74.00443172	536	40.74144387	-73.97536082	1
0	23	53602	128	40.72710258	-74.00297088	362	40.75172632	-73.98753523	1
0	23	16666	387	40.71273266	-74.0046073	307	40.71427487	-73.98990025	1
0	23	56538	518	40.74780373	-73.9734419	72	40.76727216	-73.99392888	1
0	23	46999	476	40.74394314	-73.97966069	428	40.72467721	-73.98783413	1
0	23	24344	488	40.75645824	-73.99372222	449	40.76461837	-73.98789473	1
0	23	66482	372	40.694528	-73.958089	409	40.6906495	-73.95643107	1
0	23	41813	290	40.76020258	-73.96478473	174	40.7381765	-73.97738662	1
0	23	33209	463	40.74206539	-74.00443172	475	40.73524276	-73.98758561	1
0	23	691	336	40.73047747	-73.99906065	405	40.739323	-74.008119	1
0	23	41457	296	40.71413089	-73.9970468	457	40.76695317	-73.98169333	1
0	23	12629	450	40.76227205	-73.98788205	450	40.76227205	-73.98788205	1
0	23	39953	157	40.69089272	-73.99612349	271	40.68528172	-73.97805813	1
0	23	24581	499	40.76915505	-73.98191841	402	40.7403432	-73.98955109	1
0	23	26187	533	40.75299641	-73.98721619	442	40.746647	-73.993915	1
0	23	13601	151	40.7218158	-73.99720307	294	40.73049393	-73.9957214	1
0	23	75258	79	40.71911552	-74.00666661	489	40.75066386	-74.00176802	1
0	23	75259	463	40.74206539	-74.00443172	522	40.75714758	-73.97207836	1
0	23	5477	319	40.71336124	-74.00937622	3002	40.711512	-74.015756	1
0	23	33970	294	40.73049393	-73.9957214	223	40.73781509	-73.99994661	1
0	23	953	472	40.7457121	-73.98194829	536	40.74144387	-73.97536082	1
0	23	11747	375	40.72679454	-73.99695094	294	40.73049393	-73.9957214	1
0	23	14299	216	40.70037867	-73.99548059	233	40.69246277	-73.98963911	1
0	23	20148	430	40.7014851	-73.98656928	418	40.70224	-73.982578	1
0	23	19155	512	40.7500727	-73.99839279	488	40.75645824	-73.99372222	1
0	23	9972	482	40.73935542	-73.99931783	161	40.72917025	-73.99810231	1
0	23	17245	305	40.76095756	-73.96724467	505	40.74901271	-73.98848395	1
0	23	1757	539	40.71534825	-73.96024116	282	40.70827295	-73.96834101	1
0	23	35763	2003	40.73416059	-73.98024289	455	40.75001986	-73.96905301	1
0	23	14923	280	40.73331967	-73.99510132	445	40.72740794	-73.98142006	1
0	23	59005	373	40.69331716	-73.95381995	436	40.68216564	-73.95399026	1
0	23	3587	151	40.7218158	-73.99720307	329	40.72043411	-74.01020609	1
0	23	10291	438	40.72779126	-73.98564945	485	40.75038009	-73.98338988	1
0	23	48927	336	40.73047747	-73.99906065	301	40.72217444	-73.98368779	1
0	23	11056	447	40.76370739	-73.9851615	116	40.74177603	-74.00149746	1
0	23	52530	380	40.73401143	-74.00293877	423	40.76584941	-73.98690506	1
0	23	13162	116	40.74177603	-74.00149746	116	40.74177603	-74.00149746	1
0	23	2198	382	40.73492695	-73.99200509	493	40.7568001	-73.98291153	1
0	23	31204	265	40.72229346	-73.99147535	301	40.72217444	-73.98368779	1
0	23	3510	127	40.73172428	-74.00674436	116	40.74177603	-74.00149746	1
0	23	32169	439	40.7262807	-73.98978041	325	40.73624527	-73.98473765	1
0	23	2588	382	40.73492695	-73.99200509	336	40.73047747	-73.99906065	2
0	23	8319	380	40.73401143	-74.00293877	317	40.72453734	-73.98185424	1
0	23	9178	268	40.71910537	-73.99973337	401	40.72019576	-73.98997825	1
0	23	14678	382	40.73492695	-73.99200509	305	40.76095756	-73.96724467	1
0	23	15721	347	40.72873888	-74.00748842	488	40.75645824	-73.99372222	1
0	23	10620	247	40.73535398	-74.00483091	368	40.73038599	-74.00214988	1
0	23	19100	546	40.74444921	-73.98303529	434	40.74317449	-74.00366443	1
0	23	50378	386	40.71494807	-74.00234482	402	40.7403432	-73.98955109	1
0	23	7598	442	40.746647	-73.993915	511	40.72938685	-73.97772429	1
0	23	28875	453	40.74475148	-73.99915362	512	40.7500727	-73.99839279	1
0	23	13566	488	40.75645824	-73.99372222	380	40.73401143	-74.00293877	2
0	23	1208	546	40.74444921	-73.98303529	522	40.75714758	-73.97207836	1
0	23	54015	294	40.73049393	-73.9957214	388	40.749717753	-74.002950346	1
0	23	10988	236	40.7284186	-73.98713956	312	40.722055	-73.989111	2
0	23	7918	128	40.72710258	-74.00297088	463	40.74206539	-74.00443172	1
0	23	4377	380	40.73401143	-74.00293877	293	40.73028666	-73.9907647	1
0	23	35110	293	40.73028666	-73.9907647	312	40.722055	-73.989111	1
0	23	20036	537	40.74025878	-73.98409214	440	40.75255434	-73.97282625	1
0	23	50759	223	40.73781509	-73.99994661	453	40.74475148	-73.99915362	1
0	23	65301	237	40.73047309	-73.98672378	2002	40.716887	-73.963198	1
0	23	21714	251	40.72317958	-73.99480012	433	40.72955361	-73.98057249	1
0	23	13428	382	40.73492695	-73.99200509	358	40.73291553	-74.00711384	1
0	23	848	403	40.72502876	-73.99069656	417	40.71291224	-74.01020234	1
0	23	21896	472	40.7457121	-73.98194829	537	40.74025878	-73.98409214	1
0	23	54422	253	40.73543934	-73.99453948	350	40.71559509	-73.9870295	1
0	23	1454	540	40.74147286	-73.98320928	486	40.7462009	-73.98855723	1
0	23	23934	263	40.71729	-73.996375	302	40.72082834	-73.97793172	1
0	23	3692	382	40.73492695	-73.99200509	127	40.73172428	-74.00674436	1
0	23	31237	252	40.73226398	-73.99852205	433	40.72955361	-73.98057249	1
0	23	3935	382	40.73492695	-73.99200509	382	40.73492695	-73.99200509	1
0	23	46627	401	40.72019576	-73.98997825	350	40.71559509	-73.9870295	1
0	23	47834	250	40.72456089	-73.99565293	460	40.71285887	-73.96590294	1
0	23	3433	422	40.770513	-73.988038	488	40.75645824	-73.99372222	1
0	23	6661	518	40.74780373	-73.9734419	507	40.73912601	-73.97973776	1
0	23	22461	545	40.736502	-73.97809472	447	40.76370739	-73.9851615	1
0	23	28115	329	40.72043411	-74.01020609	296	40.71413089	-73.9970468	1
0	23	4170	384	40.68317813	-73.9659641	274	40.68691865	-73.976682	1
0	23	23840	329	40.72043411	-74.01020609	82	40.71117416	-74.00016545	1
0	23	53903	470	40.74345335	-74.00004031	478	40.76030096	-73.99884222	1
0	23	11778	224	40.71146364	-74.00552427	376	40.70862144	-74.00722156	1
0	23	11450	267	40.75097711	-73.98765428	495	40.76269882	-73.99301222	1
0	23	904	307	40.71427487	-73.98990025	259	40.70122128	-74.01234218	1
0	23	28236	380	40.73401143	-74.00293877	427	40.70251526	-74.01427023	1
0	23	24464	456	40.7597108	-73.97402311	318	40.75320159	-73.9779874	1
0	23	9098	380	40.73401143	-74.00293877	383	40.735238	-74.000271	1
0	23	26562	460	40.71285887	-73.96590294	354	40.69363137	-73.96223558	1
0	23	24682	446	40.74487634	-73.99529885	267	40.75097711	-73.98765428	1
0	23	23760	157	40.69089272	-73.99612349	430	40.7014851	-73.98656928	1
0	23	12392	423	40.76584941	-73.98690506	479	40.76019252	-73.9912551	1
0	23	49207	473	40.72110063	-73.9919254	435	40.74173969	-73.99415556	1
0	23	17022	519	40.75188406	-73.97770164	2003	40.73416059	-73.98024289	1
0	23	373	504	40.73221853	-73.98165557	536	40.74144387	-73.97536082	1
0	23	35018	72	40.76727216	-73.99392888	450	40.76227205	-73.98788205	1
0	23	19002	249	40.71870987	-74.0090009	477	40.75640548	-73.9900262	1
0	23	27706	412	40.7158155	-73.99422366	329	40.72043411	-74.01020609	1
0	23	22	285	40.73454567	-73.99074142	251	40.72317958	-73.99480012	1
0	23	22835	146	40.71625008	-74.0091059	380	40.73401143	-74.00293877	1
0	23	10725	157	40.69089272	-73.99612349	323	40.69236178	-73.98631746	1
0	23	19870	402	40.7403432	-73.98955109	432	40.72621788	-73.98379855	1
0	23	28910	380	40.73401143	-74.00293877	489	40.75066386	-74.00176802	1
0	23	21819	251	40.72317958	-73.99480012	308	40.71307916	-73.99851193	2
0	23	15409	326	40.72953837	-73.98426726	150	40.7208736	-73.98085795	1
0	23	57086	307	40.71427487	-73.98990025	2012	40.739445	-73.976806	1
0	23	20684	476	40.74394314	-73.97966069	459	40.746745	-74.007756	1
0	23	16447	127	40.73172428	-74.00674436	483	40.73223272	-73.98889957	1
0	23	56528	280	40.73331967	-73.99510132	511	40.72938685	-73.97772429	1
0	23	20918	271	40.68528172	-73.97805813	416	40.68753406	-73.97265183	1
0	23	16362	336	40.73047747	-73.99906065	151	40.7218158	-73.99720307	1
0	23	52073	505	40.74901271	-73.98848395	72	40.76727216	-73.99392888	1
0	23	30581	540	40.74147286	-73.98320928	252	40.73226398	-73.99852205	1
0	23	75260	2002	40.716887	-73.963198	458	40.751396	-74.005226	1
0	23	29537	435	40.74173969	-73.99415556	477	40.75640548	-73.9900262	1
0	23	4618	476	40.74394314	-73.97966069	264	40.70706456	-74.00731853	1
0	23	24944	486	40.7462009	-73.98855723	479	40.76019252	-73.9912551	1
0	23	22616	490	40.751551	-73.993934	495	40.76269882	-73.99301222	1
0	23	8039	335	40.72903917	-73.99404649	257	40.71939226	-74.00247214	1
0	23	7847	463	40.74206539	-74.00443172	435	40.74173969	-73.99415556	1
0	23	17227	327	40.7153379	-74.01658354	146	40.71625008	-74.0091059	1
0	23	14888	280	40.73331967	-73.99510132	462	40.74691959	-74.00451887	1
0	23	7102	285	40.73454567	-73.99074142	335	40.72903917	-73.99404649	1
0	23	33635	383	40.735238	-74.000271	265	40.72229346	-73.99147535	1
0	23	23330	483	40.73223272	-73.98889957	475	40.73524276	-73.98758561	1
0	23	32637	462	40.74691959	-74.00451887	160	40.748238	-73.978311	1
0	23	73141	472	40.7457121	-73.98194829	394	40.72521311	-73.97768752	1
0	23	4860	475	40.73524276	-73.98758561	284	40.7390169121	-74.0026376103	1
0	23	21962	467	40.68312489	-73.97895137	365	40.68223166	-73.9614583	1
0	23	34840	83	40.68382604	-73.97632328	157	40.69089272	-73.99612349	1
0	23	3641	280	40.73331967	-73.99510132	285	40.73454567	-73.99074142	1
0	23	12299	311	40.7172274	-73.98802084	356	40.71622644	-73.98261206	1
0	23	22668	306	40.70823502	-74.00530063	307	40.71427487	-73.98990025	1
0	23	31761	127	40.73172428	-74.00674436	79	40.71911552	-74.00666661	1
0	23	5858	306	40.70823502	-74.00530063	415	40.7047177	-74.00926027	1
0	23	53043	330	40.71450451	-74.00562789	340	40.71269042	-73.98776323	1
0	23	13700	546	40.74444921	-73.98303529	475	40.73524276	-73.98758561	1
0	23	31669	79	40.71911552	-74.00666661	408	40.71076228	-73.99400398	1
0	23	25111	274	40.68691865	-73.976682	418	40.70224	-73.982578	2
0	23	16478	402	40.7403432	-73.98955109	357	40.73261787	-73.99158043	1
0	23	55	466	40.74395411	-73.99144871	167	40.7489006	-73.97604882	1
0	23	32535	237	40.73047309	-73.98672378	325	40.73624527	-73.98473765	1
0	23	5886	462	40.74691959	-74.00451887	380	40.73401143	-74.00293877	1
0	23	50766	2003	40.73416059	-73.98024289	72	40.76727216	-73.99392888	1
0	23	265	519	40.75188406	-73.97770164	498	40.74854862	-73.98808416	1
0	23	23198	274	40.68691865	-73.976682	436	40.68216564	-73.95399026	1
0	23	21508	518	40.74780373	-73.9734419	167	40.7489006	-73.97604882	1
0	23	11326	152	40.71473993	-74.00910627	417	40.71291224	-74.01020234	1
0	23	25131	349	40.71850211	-73.98329859	531	40.71893904	-73.99266288	1
0	23	5601	449	40.76461837	-73.98789473	479	40.76019252	-73.9912551	1
0	23	18379	72	40.76727216	-73.99392888	525	40.75594159	-74.0021163	1
0	23	7987	2010	40.72165481	-74.00234737	127	40.73172428	-74.00674436	1
0	23	18795	483	40.73223272	-73.98889957	326	40.72953837	-73.98426726	1
0	23	5177	293	40.73028666	-73.9907647	237	40.73047309	-73.98672378	1
0	23	3190	482	40.73935542	-73.99931783	463	40.74206539	-74.00443172	1
0	23	58846	467	40.68312489	-73.97895137	258	40.68940747	-73.96885458	1
0	23	7071	161	40.72917025	-73.99810231	293	40.73028666	-73.9907647	1
0	23	23646	161	40.72917025	-73.99810231	509	40.7454973	-74.00197139	1
0	23	3862	488	40.75645824	-73.99372222	463	40.74206539	-74.00443172	1
0	23	16608	358	40.73291553	-74.00711384	368	40.73038599	-74.00214988	1
0	23	11224	490	40.751551	-73.993934	458	40.751396	-74.005226	1
0	23	775	459	40.746745	-74.007756	334	40.74238787	-73.99726235	1
0	23	17174	458	40.751396	-74.005226	432	40.72621788	-73.98379855	1
0	23	45495	545	40.736502	-73.97809472	438	40.72779126	-73.98564945	1
0	23	15006	512	40.7500727	-73.99839279	404	40.7405826	-74.00550867	1
0	23	2933	459	40.746745	-74.007756	285	40.73454567	-73.99074142	1
0	23	12948	471	40.71286844	-73.95698119	471	40.71286844	-73.95698119	1
0	23	48086	420	40.68764484	-73.96968902	262	40.69178232	-73.97372989	1
0	23	5304	146	40.71625008	-74.0091059	248	40.72185379	-74.00771779	1
0	23	9928	329	40.72043411	-74.01020609	327	40.7153379	-74.01658354	1
0	23	57151	291	40.713126	-73.984844	301	40.72217444	-73.98368779	1
0	23	6898	509	40.7454973	-74.00197139	434	40.74317449	-74.00366443	1
0	23	11434	312	40.722055	-73.989111	229	40.72743423	-73.99379025	1
0	23	2045	285	40.73454567	-73.99074142	537	40.74025878	-73.98409214	1
0	23	41709	483	40.73223272	-73.98889957	411	40.72228087	-73.97668709	1
0	23	44850	252	40.73226398	-73.99852205	428	40.72467721	-73.98783413	2
0	23	48813	336	40.73047747	-73.99906065	237	40.73047309	-73.98672378	1
0	23	13726	375	40.72679454	-73.99695094	150	40.7208736	-73.98085795	2
0	23	34969	127	40.73172428	-74.00674436	540	40.74147286	-73.98320928	1
0	23	54242	375	40.72679454	-73.99695094	325	40.73624527	-73.98473765	1
0	23	37488	375	40.72679454	-73.99695094	405	40.739323	-74.008119	1
0	23	21184	495	40.76269882	-73.99301222	529	40.7575699	-73.99098507	2
0	23	29948	495	40.76269882	-73.99301222	488	40.75645824	-73.99372222	1
0	23	21345	348	40.72490985	-74.00154702	303	40.72362738	-73.99949601	1
0	23	45019	383	40.735238	-74.000271	495	40.76269882	-73.99301222	1
0	23	44103	401	40.72019576	-73.98997825	528	40.74290902	-73.97706058	1
0	23	26730	252	40.73226398	-73.99852205	323	40.69236178	-73.98631746	1
0	23	23129	479	40.76019252	-73.9912551	160	40.748238	-73.978311	1
0	23	13693	347	40.72873888	-74.00748842	334	40.74238787	-73.99726235	1
0	23	15748	482	40.73935542	-73.99931783	439	40.7262807	-73.98978041	2
0	23	17005	447	40.76370739	-73.9851615	318	40.75320159	-73.9779874	1
0	23	25469	173	40.76064679	-73.98442659	382	40.73492695	-73.99200509	1
0	23	10290	440	40.75255434	-73.97282625	290	40.76020258	-73.96478473	1
0	23	29683	128	40.72710258	-74.00297088	432	40.72621788	-73.98379855	1
0	23	6597	368	40.73038599	-74.00214988	518	40.74780373	-73.9734419	1
0	23	27025	546	40.74444921	-73.98303529	326	40.72953837	-73.98426726	1
0	23	4022	537	40.74025878	-73.98409214	439	40.7262807	-73.98978041	1
0	23	9950	402	40.7403432	-73.98955109	519	40.75188406	-73.97770164	1
0	23	48315	540	40.74147286	-73.98320928	512	40.7500727	-73.99839279	1
0	23	3818	116	40.74177603	-74.00149746	380	40.73401143	-74.00293877	1
0	23	6431	458	40.751396	-74.005226	488	40.75645824	-73.99372222	1
0	23	2998	362	40.75172632	-73.98753523	517	40.75149263	-73.97798848	1
0	23	24026	312	40.722055	-73.989111	2012	40.739445	-73.976806	1
0	23	56916	257	40.71939226	-74.00247214	518	40.74780373	-73.9734419	1
0	23	49164	324	40.689888	-73.981013	274	40.68691865	-73.976682	1
0	23	25948	303	40.72362738	-73.99949601	151	40.7218158	-73.99720307	1
0	23	2605	504	40.73221853	-73.98165557	497	40.73704984	-73.99009296	1
0	23	45111	368	40.73038599	-74.00214988	471	40.71286844	-73.95698119	1
0	23	34342	488	40.75645824	-73.99372222	447	40.76370739	-73.9851615	1
0	23	5606	523	40.75466591	-73.99138152	72	40.76727216	-73.99392888	1
0	23	2575	478	40.76030096	-73.99884222	534	40.70255065	-74.0127234	1
0	23	917	504	40.73221853	-73.98165557	2012	40.739445	-73.976806	1
0	23	9740	3002	40.711512	-74.015756	327	40.7153379	-74.01658354	1
0	23	15513	489	40.75066386	-74.00176802	488	40.75645824	-73.99372222	1
0	23	53765	300	40.728145	-73.990214	334	40.74238787	-73.99726235	1
0	23	433	504	40.73221853	-73.98165557	312	40.722055	-73.989111	1
0	23	23557	241	40.68981035	-73.97493121	366	40.693261	-73.968896	1
0	23	17721	500	40.76228826	-73.98336183	415	40.7047177	-74.00926027	1
0	23	50563	507	40.73912601	-73.97973776	509	40.7454973	-74.00197139	1
0	23	10155	260	40.70365182	-74.01167797	224	40.71146364	-74.00552427	1
0	23	8283	2012	40.739445	-73.976806	441	40.756014	-73.967416	1
0	23	24238	376	40.70862144	-74.00722156	260	40.70365182	-74.01167797	1
0	23	32191	438	40.72779126	-73.98564945	527	40.74315566	-73.97434726	1
0	23	2604	536	40.74144387	-73.97536082	2017	40.75022392	-73.97121414	1
0	23	8018	229	40.72743423	-73.99379025	146	40.71625008	-74.0091059	1
0	23	62897	250	40.72456089	-73.99565293	224	40.71146364	-74.00552427	1
0	23	7808	173	40.76064679	-73.98442659	281	40.7643971	-73.97371465	1
0	23	25026	473	40.72110063	-73.9919254	531	40.71893904	-73.99266288	1
0	23	15232	490	40.751551	-73.993934	529	40.7575699	-73.99098507	1
0	23	31345	400	40.71926081	-73.98178024	401	40.72019576	-73.98997825	1
0	23	358	382	40.73492695	-73.99200509	161	40.72917025	-73.99810231	1
0	23	67312	503	40.73827428	-73.98751968	418	40.70224	-73.982578	1
0	23	4801	128	40.72710258	-74.00297088	146	40.71625008	-74.0091059	1
0	23	15046	293	40.73028666	-73.9907647	293	40.73028666	-73.9907647	1
0	23	13325	116	40.74177603	-74.00149746	458	40.751396	-74.005226	1
0	23	17815	380	40.73401143	-74.00293877	432	40.72621788	-73.98379855	1
0	23	24063	312	40.722055	-73.989111	408	40.71076228	-73.99400398	1
0	23	5054	540	40.74147286	-73.98320928	435	40.74173969	-73.99415556	1
0	23	27624	336	40.73047747	-73.99906065	250	40.72456089	-73.99565293	1
0	23	34235	368	40.73038599	-74.00214988	307	40.71427487	-73.98990025	1
0	23	26001	323	40.69236178	-73.98631746	143	40.69239502	-73.99337909	1
0	23	41586	531	40.71893904	-73.99266288	276	40.71748752	-74.0104554	1
0	23	70450	301	40.72217444	-73.98368779	395	40.68807003	-73.98410637	1
0	23	31538	334	40.74238787	-73.99726235	523	40.75466591	-73.99138152	1
0	23	6820	387	40.71273266	-74.0046073	319	40.71336124	-74.00937622	1
0	23	45205	383	40.735238	-74.000271	445	40.72740794	-73.98142006	1
0	23	46515	120	40.68676793	-73.95928168	258	40.68940747	-73.96885458	1
0	23	10780	236	40.7284186	-73.98713956	2003	40.73416059	-73.98024289	1
0	23	14690	336	40.73047747	-73.99906065	483	40.73223272	-73.98889957	1
0	23	31956	507	40.73912601	-73.97973776	380	40.73401143	-74.00293877	1
0	23	21114	450	40.76227205	-73.98788205	426	40.71754834	-74.01322069	1
0	23	75256	531	40.71893904	-73.99266288	261	40.69474881	-73.98362464	1
0	23	54636	353	40.68539567	-73.97431458	436	40.68216564	-73.95399026	2
0	23	53349	237	40.73047309	-73.98672378	470	40.74345335	-74.00004031	1
0	23	37298	2021	40.75929124	-73.98859651	485	40.75038009	-73.98338988	1
0	23	19175	265	40.72229346	-73.99147535	531	40.71893904	-73.99266288	1
0	23	61538	249	40.71870987	-74.0090009	247	40.73535398	-74.00483091	1
0	23	15203	294	40.73049393	-73.9957214	252	40.73226398	-73.99852205	1
0	23	75257	312	40.722055	-73.989111	344	40.6851443	-73.95380904	1
0	23	50812	2012	40.739445	-73.976806	432	40.72621788	-73.98379855	1
0	23	14733	280	40.73331967	-73.99510132	236	40.7284186	-73.98713956	1
0	23	65155	494	40.74734825	-73.99723551	513	40.768254	-73.988639	1
0	23	74190	500	40.76228826	-73.98336183	284	40.7390169121	-74.0026376103	1
0	23	440	504	40.73221853	-73.98165557	2022	40.75849116	-73.95920622	1
0	23	22436	439	40.7262807	-73.98978041	531	40.71893904	-73.99266288	1
0	23	13867	323	40.69236178	-73.98631746	395	40.68807003	-73.98410637	1
0	23	4016	446	40.74487634	-73.99529885	477	40.75640548	-73.9900262	1
0	23	5699	164	40.75323098	-73.97032517	438	40.72779126	-73.98564945	1
0	23	34315	502	40.714215	-73.981346	257	40.71939226	-74.00247214	1
0	23	20253	453	40.74475148	-73.99915362	477	40.75640548	-73.9900262	1
0	23	56786	83	40.68382604	-73.97632328	489	40.75066386	-74.00176802	1
0	23	2219	195	40.70905623	-74.01043382	264	40.70706456	-74.00731853	1
0	23	17354	497	40.73704984	-73.99009296	393	40.72299208	-73.97995466	1
0	23	22151	274	40.68691865	-73.976682	409	40.6906495	-73.95643107	1
0	23	34312	449	40.76461837	-73.98789473	505	40.74901271	-73.98848395	1
0	23	29192	415	40.7047177	-74.00926027	331	40.71173107	-73.99193043	1
0	23	9472	2010	40.72165481	-74.00234737	151	40.7218158	-73.99720307	1
0	23	5551	247	40.73535398	-74.00483091	268	40.71910537	-73.99973337	1
0	23	30565	428	40.72467721	-73.98783413	531	40.71893904	-73.99266288	1
0	23	32641	324	40.689888	-73.981013	421	40.69573398	-73.97129668	1
0	23	26942	265	40.72229346	-73.99147535	296	40.71413089	-73.9970468	1
0	23	4027	319	40.71336124	-74.00937622	376	40.70862144	-74.00722156	1
0	23	50746	144	40.69839895	-73.98068914	144	40.69839895	-73.98068914	1
0	23	2437	318	40.75320159	-73.9779874	510	40.7606597	-73.98042047	1
0	23	52728	438	40.72779126	-73.98564945	362	40.75172632	-73.98753523	1
0	23	6797	432	40.72621788	-73.98379855	348	40.72490985	-74.00154702	1
0	23	40176	323	40.69236178	-73.98631746	454	40.75455731	-73.96592976	1
0	23	7058	329	40.72043411	-74.01020609	225	40.74195138	-74.00803013	1
0	23	53615	522	40.75714758	-73.97207836	362	40.75172632	-73.98753523	1
0	23	9979	509	40.7454973	-74.00197139	405	40.739323	-74.008119	1
0	23	10778	251	40.72317958	-73.99480012	237	40.73047309	-73.98672378	1
0	23	7530	476	40.74394314	-73.97966069	521	40.75044999	-73.99481051	1
0	23	28869	388	40.749717753	-74.002950346	380	40.73401143	-74.00293877	1
0	23	25215	488	40.75645824	-73.99372222	435	40.74173969	-73.99415556	2
0	23	28238	504	40.73221853	-73.98165557	325	40.73624527	-73.98473765	1
0	23	25634	438	40.72779126	-73.98564945	518	40.74780373	-73.9734419	1
0	23	49837	216	40.70037867	-73.99548059	323	40.69236178	-73.98631746	1
0	23	42035	504	40.73221853	-73.98165557	516	40.75206862	-73.96784384	1
0	23	2853	459	40.746745	-74.007756	307	40.71427487	-73.98990025	1
0	23	57058	263	40.71729	-73.996375	507	40.73912601	-73.97973776	1
0	23	41862	445	40.72740794	-73.98142006	469	40.76344058	-73.98268129	1
0	23	65024	116	40.74177603	-74.00149746	143	40.69239502	-73.99337909	1
0	23	20344	422	40.770513	-73.988038	446	40.74487634	-73.99529885	1
0	23	33404	83	40.68382604	-73.97632328	365	40.68223166	-73.9614583	1
0	23	14830	485	40.75038009	-73.98338988	485	40.75038009	-73.98338988	1
0	23	21652	285	40.73454567	-73.99074142	518	40.74780373	-73.9734419	1
0	23	4983	537	40.74025878	-73.98409214	382	40.73492695	-73.99200509	1
0	23	2020	445	40.72740794	-73.98142006	459	40.746745	-74.007756	1
0	23	31614	225	40.74195138	-74.00803013	358	40.73291553	-74.00711384	1
0	23	9737	151	40.7218158	-73.99720307	483	40.73223272	-73.98889957	1
0	23	8474	382	40.73492695	-73.99200509	432	40.72621788	-73.98379855	1
0	23	46722	540	40.74147286	-73.98320928	336	40.73047747	-73.99906065	1
0	23	29129	473	40.72110063	-73.9919254	400	40.71926081	-73.98178024	2
0	23	2657	280	40.73331967	-73.99510132	463	40.74206539	-74.00443172	1
0	23	28729	520	40.75992262	-73.97648516	472	40.7457121	-73.98194829	1
0	23	13667	435	40.74173969	-73.99415556	546	40.74444921	-73.98303529	1
0	23	9952	128	40.72710258	-74.00297088	293	40.73028666	-73.9907647	1
0	23	27158	470	40.74345335	-74.00004031	489	40.75066386	-74.00176802	2
0	23	29256	402	40.7403432	-73.98955109	167	40.7489006	-73.97604882	1
0	23	18056	271	40.68528172	-73.97805813	262	40.69178232	-73.97372989	1
0	23	35478	253	40.73543934	-73.99453948	151	40.7218158	-73.99720307	1
0	23	32926	428	40.72467721	-73.98783413	307	40.71427487	-73.98990025	1
0	23	87	482	40.73935542	-73.99931783	402	40.7403432	-73.98955109	1
0	23	3257	523	40.75466591	-73.99138152	459	40.746745	-74.007756	1
0	23	9305	116	40.74177603	-74.00149746	521	40.75044999	-73.99481051	1
0	23	21057	247	40.73535398	-74.00483091	236	40.7284186	-73.98713956	2
0	23	5744	284	40.7390169121	-74.0026376103	285	40.73454567	-73.99074142	1
0	23	4590	519	40.75188406	-73.97770164	540	40.74147286	-73.98320928	2
0	23	642	483	40.73223272	-73.98889957	301	40.72217444	-73.98368779	1
0	23	32963	127	40.73172428	-74.00674436	326	40.72953837	-73.98426726	1
0	23	895	406	40.69512845	-73.99595065	157	40.69089272	-73.99612349	1
0	23	6141	382	40.73492695	-73.99200509	348	40.72490985	-74.00154702	2
0	23	39686	545	40.736502	-73.97809472	285	40.73454567	-73.99074142	1
0	23	18480	377	40.72243797	-74.00566443	268	40.71910537	-73.99973337	1
0	23	40251	72	40.76727216	-73.99392888	503	40.73827428	-73.98751968	1
0	23	38747	433	40.72955361	-73.98057249	380	40.73401143	-74.00293877	1
0	23	12038	546	40.74444921	-73.98303529	440	40.75255434	-73.97282625	1
0	23	14165	479	40.76019252	-73.9912551	488	40.75645824	-73.99372222	1
0	23	52287	463	40.74206539	-74.00443172	536	40.74144387	-73.97536082	1
0	23	53602	128	40.72710258	-74.00297088	362	40.75172632	-73.98753523	1
0	23	16666	387	40.71273266	-74.0046073	307	40.71427487	-73.98990025	1
0	23	56538	518	40.74780373	-73.9734419	72	40.76727216	-73.99392888	1
0	23	46999	476	40.74394314	-73.97966069	428	40.72467721	-73.98783413	1
0	23	24344	488	40.75645824	-73.99372222	449	40.76461837	-73.98789473	1
0	23	66482	372	40.694528	-73.958089	409	40.6906495	-73.95643107	1
0	23	41813	290	40.76020258	-73.96478473	174	40.7381765	-73.97738662	1
0	23	33209	463	40.74206539	-74.00443172	475	40.73524276	-73.98758561	1
0	23	691	336	40.73047747	-73.99906065	405	40.739323	-74.008119	1
0	23	41457	296	40.71413089	-73.9970468	457	40.76695317	-73.98169333	1
0	23	12629	450	40.76227205	-73.98788205	450	40.76227205	-73.98788205	1
0	23	39953	157	40.69089272	-73.99612349	271	40.68528172	-73.97805813	1
0	23	24581	499	40.76915505	-73.98191841	402	40.7403432	-73.98955109	1
0	23	26187	533	40.75299641	-73.98721619	442	40.746647	-73.993915	1
0	23	13601	151	40.7218158	-73.99720307	294	40.73049393	-73.9957214	1
0	23	75258	79	40.71911552	-74.00666661	489	40.75066386	-74.00176802	1
0	23	75259	463	40.74206539	-74.00443172	522	40.75714758	-73.97207836	1
0	23	5477	319	40.71336124	-74.00937622	3002	40.711512	-74.015756	1
0	23	33970	294	40.73049393	-73.9957214	223	40.73781509	-73.99994661	1
0	23	953	472	40.7457121	-73.98194829	536	40.74144387	-73.97536082	1
0	23	11747	375	40.72679454	-73.99695094	294	40.73049393	-73.9957214	1
0	23	14299	216	40.70037867	-73.99548059	233	40.69246277	-73.98963911	1
0	23	20148	430	40.7014851	-73.98656928	418	40.70224	-73.982578	1
0	23	19155	512	40.7500727	-73.99839279	488	40.75645824	-73.99372222	1
0	23	9972	482	40.73935542	-73.99931783	161	40.72917025	-73.99810231	1
0	23	17245	305	40.76095756	-73.96724467	505	40.74901271	-73.98848395	1
0	23	31394	540	40.74147286	-73.98320928	514	40.76087502	-74.00277668	1
0	23	1757	539	40.71534825	-73.96024116	282	40.70827295	-73.96834101	1
0	23	35763	2003	40.73416059	-73.98024289	455	40.75001986	-73.96905301	1
0	23	14923	280	40.73331967	-73.99510132	445	40.72740794	-73.98142006	1
0	23	59005	373	40.69331716	-73.95381995	436	40.68216564	-73.95399026	1
0	23	3587	151	40.7218158	-73.99720307	329	40.72043411	-74.01020609	1
0	23	10291	438	40.72779126	-73.98564945	485	40.75038009	-73.98338988	1
0	23	48927	336	40.73047747	-73.99906065	301	40.72217444	-73.98368779	1
0	23	11056	447	40.76370739	-73.9851615	116	40.74177603	-74.00149746	1
0	23	52530	380	40.73401143	-74.00293877	423	40.76584941	-73.98690506	1
0	23	13162	116	40.74177603	-74.00149746	116	40.74177603	-74.00149746	1
0	23	70521	137	40.761628	-73.972924	147	40.71542197	-74.01121978	1
0	23	2198	382	40.73492695	-73.99200509	493	40.7568001	-73.98291153	1
0	23	31204	265	40.72229346	-73.99147535	301	40.72217444	-73.98368779	1
0	23	3510	127	40.73172428	-74.00674436	116	40.74177603	-74.00149746	1
0	23	32169	439	40.7262807	-73.98978041	325	40.73624527	-73.98473765	1
0	23	2588	382	40.73492695	-73.99200509	336	40.73047747	-73.99906065	2
0	23	8319	380	40.73401143	-74.00293877	317	40.72453734	-73.98185424	1
0	23	9178	268	40.71910537	-73.99973337	401	40.72019576	-73.98997825	1
0	23	14678	382	40.73492695	-73.99200509	305	40.76095756	-73.96724467	1
0	23	15721	347	40.72873888	-74.00748842	488	40.75645824	-73.99372222	1
0	23	32145	2010	40.72165481	-74.00234737	465	40.75513557	-73.98658032	1
0	23	10620	247	40.73535398	-74.00483091	368	40.73038599	-74.00214988	1
0	23	19100	546	40.74444921	-73.98303529	434	40.74317449	-74.00366443	1
0	23	50378	386	40.71494807	-74.00234482	402	40.7403432	-73.98955109	1
0	23	7598	442	40.746647	-73.993915	511	40.72938685	-73.97772429	1
0	23	28875	453	40.74475148	-73.99915362	512	40.7500727	-73.99839279	1
0	23	13566	488	40.75645824	-73.99372222	380	40.73401143	-74.00293877	2
0	23	1208	546	40.74444921	-73.98303529	522	40.75714758	-73.97207836	1
0	23	54015	294	40.73049393	-73.9957214	388	40.749717753	-74.002950346	1
0	23	10988	236	40.7284186	-73.98713956	312	40.722055	-73.989111	2
0	23	7918	128	40.72710258	-74.00297088	463	40.74206539	-74.00443172	1
0	23	4377	380	40.73401143	-74.00293877	293	40.73028666	-73.9907647	1
0	23	35110	293	40.73028666	-73.9907647	312	40.722055	-73.989111	1
0	23	20036	537	40.74025878	-73.98409214	440	40.75255434	-73.97282625	1
0	23	50759	223	40.73781509	-73.99994661	453	40.74475148	-73.99915362	1
0	23	30622	517	40.75149263	-73.97798848	349	40.71850211	-73.98329859	1
0	23	65301	237	40.73047309	-73.98672378	2002	40.716887	-73.963198	1
0	23	21714	251	40.72317958	-73.99480012	433	40.72955361	-73.98057249	1
0	23	13428	382	40.73492695	-73.99200509	358	40.73291553	-74.00711384	1
0	23	848	403	40.72502876	-73.99069656	417	40.71291224	-74.01020234	1
0	23	21896	472	40.7457121	-73.98194829	537	40.74025878	-73.98409214	1
0	23	54422	253	40.73543934	-73.99453948	350	40.71559509	-73.9870295	1
0	23	1454	540	40.74147286	-73.98320928	486	40.7462009	-73.98855723	1
0	23	23934	263	40.71729	-73.996375	302	40.72082834	-73.97793172	1
0	23	3692	382	40.73492695	-73.99200509	127	40.73172428	-74.00674436	1
0	23	31237	252	40.73226398	-73.99852205	433	40.72955361	-73.98057249	1
0	23	3935	382	40.73492695	-73.99200509	382	40.73492695	-73.99200509	1
0	23	46627	401	40.72019576	-73.98997825	350	40.71559509	-73.9870295	1
0	23	47834	250	40.72456089	-73.99565293	460	40.71285887	-73.96590294	1
0	23	3433	422	40.770513	-73.988038	488	40.75645824	-73.99372222	1
0	23	6661	518	40.74780373	-73.9734419	507	40.73912601	-73.97973776	1
0	23	22461	545	40.736502	-73.97809472	447	40.76370739	-73.9851615	1
0	23	28115	329	40.72043411	-74.01020609	296	40.71413089	-73.9970468	1
0	23	4170	384	40.68317813	-73.9659641	274	40.68691865	-73.976682	1
0	23	23840	329	40.72043411	-74.01020609	82	40.71117416	-74.00016545	1
0	23	53903	470	40.74345335	-74.00004031	478	40.76030096	-73.99884222	1
0	23	9496	470	40.74345335	-74.00004031	2021	40.75929124	-73.98859651	1
0	23	11778	224	40.71146364	-74.00552427	376	40.70862144	-74.00722156	1
0	23	11450	267	40.75097711	-73.98765428	495	40.76269882	-73.99301222	1
0	23	904	307	40.71427487	-73.98990025	259	40.70122128	-74.01234218	1
0	23	28236	380	40.73401143	-74.00293877	427	40.70251526	-74.01427023	1
0	23	24464	456	40.7597108	-73.97402311	318	40.75320159	-73.9779874	1
0	23	9098	380	40.73401143	-74.00293877	383	40.735238	-74.000271	1
0	23	26562	460	40.71285887	-73.96590294	354	40.69363137	-73.96223558	1
0	23	24682	446	40.74487634	-73.99529885	267	40.75097711	-73.98765428	1
0	23	23760	157	40.69089272	-73.99612349	430	40.7014851	-73.98656928	1
0	23	12392	423	40.76584941	-73.98690506	479	40.76019252	-73.9912551	1
0	23	49207	473	40.72110063	-73.9919254	435	40.74173969	-73.99415556	1
0	23	17022	519	40.75188406	-73.97770164	2003	40.73416059	-73.98024289	1
0	23	373	504	40.73221853	-73.98165557	536	40.74144387	-73.97536082	1
0	23	35018	72	40.76727216	-73.99392888	450	40.76227205	-73.98788205	1
0	23	19002	249	40.71870987	-74.0090009	477	40.75640548	-73.9900262	1
0	23	27706	412	40.7158155	-73.99422366	329	40.72043411	-74.01020609	1
0	23	22	285	40.73454567	-73.99074142	251	40.72317958	-73.99480012	1
0	23	22835	146	40.71625008	-74.0091059	380	40.73401143	-74.00293877	1
0	23	10725	157	40.69089272	-73.99612349	323	40.69236178	-73.98631746	1
0	23	19870	402	40.7403432	-73.98955109	432	40.72621788	-73.98379855	1
0	23	28910	380	40.73401143	-74.00293877	489	40.75066386	-74.00176802	1
0	23	21819	251	40.72317958	-73.99480012	308	40.71307916	-73.99851193	2
0	23	192	477	40.75640548	-73.9900262	407	40.700469	-73.991454	1
0	23	15409	326	40.72953837	-73.98426726	150	40.7208736	-73.98085795	1
0	23	57086	307	40.71427487	-73.98990025	2012	40.739445	-73.976806	1
0	23	20684	476	40.74394314	-73.97966069	459	40.746745	-74.007756	1
0	23	16447	127	40.73172428	-74.00674436	483	40.73223272	-73.98889957	1
0	23	56528	280	40.73331967	-73.99510132	511	40.72938685	-73.97772429	1
0	23	20918	271	40.68528172	-73.97805813	416	40.68753406	-73.97265183	1
0	23	16362	336	40.73047747	-73.99906065	151	40.7218158	-73.99720307	1
0	23	52073	505	40.74901271	-73.98848395	72	40.76727216	-73.99392888	1
0	23	30581	540	40.74147286	-73.98320928	252	40.73226398	-73.99852205	1
0	23	75260	2002	40.716887	-73.963198	458	40.751396	-74.005226	1
0	23	29537	435	40.74173969	-73.99415556	477	40.75640548	-73.9900262	1
0	23	12927	290	40.76020258	-73.96478473	2021	40.75929124	-73.98859651	1
0	23	49730	263	40.71729	-73.996375	311	40.7172274	-73.98802084	1
0	23	4618	476	40.74394314	-73.97966069	264	40.70706456	-74.00731853	1
0	23	24944	486	40.7462009	-73.98855723	479	40.76019252	-73.9912551	1
0	23	22616	490	40.751551	-73.993934	495	40.76269882	-73.99301222	1
0	23	20337	529	40.7575699	-73.99098507	285	40.73454567	-73.99074142	1
0	23	8039	335	40.72903917	-73.99404649	257	40.71939226	-74.00247214	1
0	23	7847	463	40.74206539	-74.00443172	435	40.74173969	-73.99415556	1
0	23	17227	327	40.7153379	-74.01658354	146	40.71625008	-74.0091059	1
0	23	14888	280	40.73331967	-73.99510132	462	40.74691959	-74.00451887	1
0	23	7102	285	40.73454567	-73.99074142	335	40.72903917	-73.99404649	1
0	23	33635	383	40.735238	-74.000271	265	40.72229346	-73.99147535	1
0	23	23330	483	40.73223272	-73.98889957	475	40.73524276	-73.98758561	1
0	23	32637	462	40.74691959	-74.00451887	160	40.748238	-73.978311	1
0	23	14163	521	40.75044999	-73.99481051	433	40.72955361	-73.98057249	1
0	23	56673	531	40.71893904	-73.99266288	426	40.71754834	-74.01322069	1
0	23	73141	472	40.7457121	-73.98194829	394	40.72521311	-73.97768752	1
0	23	4860	475	40.73524276	-73.98758561	284	40.7390169121	-74.0026376103	1
0	23	21962	467	40.68312489	-73.97895137	365	40.68223166	-73.9614583	1
0	23	34840	83	40.68382604	-73.97632328	157	40.69089272	-73.99612349	1
0	23	31217	388	40.749717753	-74.002950346	326	40.72953837	-73.98426726	1
0	23	27916	394	40.72521311	-73.97768752	532	40.710451	-73.960876	1
0	23	3641	280	40.73331967	-73.99510132	285	40.73454567	-73.99074142	1
0	23	31966	388	40.749717753	-74.002950346	237	40.73047309	-73.98672378	1
0	23	12299	311	40.7172274	-73.98802084	356	40.71622644	-73.98261206	1
0	23	22668	306	40.70823502	-74.00530063	307	40.71427487	-73.98990025	1
0	23	31761	127	40.73172428	-74.00674436	79	40.71911552	-74.00666661	1
0	23	5858	306	40.70823502	-74.00530063	415	40.7047177	-74.00926027	1
0	23	53043	330	40.71450451	-74.00562789	340	40.71269042	-73.98776323	1
0	23	13700	546	40.74444921	-73.98303529	475	40.73524276	-73.98758561	1
0	23	19237	475	40.73524276	-73.98758561	428	40.72467721	-73.98783413	1
0	23	31669	79	40.71911552	-74.00666661	408	40.71076228	-73.99400398	1
0	23	25111	274	40.68691865	-73.976682	418	40.70224	-73.982578	2
0	23	7439	518	40.74780373	-73.9734419	422	40.770513	-73.988038	1
0	23	2454	293	40.73028666	-73.9907647	477	40.75640548	-73.9900262	1
0	23	16478	402	40.7403432	-73.98955109	357	40.73261787	-73.99158043	1
0	23	55	466	40.74395411	-73.99144871	167	40.7489006	-73.97604882	1
0	23	48936	404	40.7405826	-74.00550867	438	40.72779126	-73.98564945	1
0	23	32535	237	40.73047309	-73.98672378	325	40.73624527	-73.98473765	1
0	23	5886	462	40.74691959	-74.00451887	380	40.73401143	-74.00293877	1
0	23	42449	223	40.73781509	-73.99994661	376	40.70862144	-74.00722156	1
0	23	39379	367	40.75828065	-73.97069431	2021	40.75929124	-73.98859651	1
0	23	50766	2003	40.73416059	-73.98024289	72	40.76727216	-73.99392888	1
0	23	265	519	40.75188406	-73.97770164	498	40.74854862	-73.98808416	1
0	23	55587	317	40.72453734	-73.98185424	498	40.74854862	-73.98808416	1
0	23	23198	274	40.68691865	-73.976682	436	40.68216564	-73.95399026	1
0	23	21508	518	40.74780373	-73.9734419	167	40.7489006	-73.97604882	1
0	23	11326	152	40.71473993	-74.00910627	417	40.71291224	-74.01020234	1
0	23	25131	349	40.71850211	-73.98329859	531	40.71893904	-73.99266288	1
0	23	5601	449	40.76461837	-73.98789473	479	40.76019252	-73.9912551	1
0	23	18379	72	40.76727216	-73.99392888	525	40.75594159	-74.0021163	1
0	23	32627	428	40.72467721	-73.98783413	472	40.7457121	-73.98194829	1
0	23	7987	2010	40.72165481	-74.00234737	127	40.73172428	-74.00674436	1
0	23	18795	483	40.73223272	-73.98889957	326	40.72953837	-73.98426726	1
0	23	14399	383	40.735238	-74.000271	151	40.7218158	-73.99720307	1
0	23	49874	360	40.70717936	-74.00887308	317	40.72453734	-73.98185424	1
0	23	28347	301	40.72217444	-73.98368779	497	40.73704984	-73.99009296	1
0	23	869	521	40.75044999	-73.99481051	500	40.76228826	-73.98336183	1
0	23	75261	260	40.70365182	-74.01167797	443	40.70853074	-73.96408963	1
0	23	5177	293	40.73028666	-73.9907647	237	40.73047309	-73.98672378	1
0	23	3190	482	40.73935542	-73.99931783	463	40.74206539	-74.00443172	1
0	23	58846	467	40.68312489	-73.97895137	258	40.68940747	-73.96885458	1
0	23	32567	285	40.73454567	-73.99074142	529	40.7575699	-73.99098507	1
0	23	7071	161	40.72917025	-73.99810231	293	40.73028666	-73.9907647	1
0	23	23646	161	40.72917025	-73.99810231	509	40.7454973	-74.00197139	1
0	23	3862	488	40.75645824	-73.99372222	463	40.74206539	-74.00443172	1
0	23	10682	402	40.7403432	-73.98955109	251	40.72317958	-73.99480012	1
0	23	9946	336	40.73047747	-73.99906065	466	40.74395411	-73.99144871	1
0	23	16608	358	40.73291553	-74.00711384	368	40.73038599	-74.00214988	1
0	23	56939	146	40.71625008	-74.0091059	450	40.76227205	-73.98788205	1
0	23	5781	435	40.74173969	-73.99415556	2017	40.75022392	-73.97121414	1
0	23	3107	479	40.76019252	-73.9912551	435	40.74173969	-73.99415556	2
0	23	42900	236	40.7284186	-73.98713956	259	40.70122128	-74.01234218	1
0	23	11224	490	40.751551	-73.993934	458	40.751396	-74.005226	1
0	23	775	459	40.746745	-74.007756	334	40.74238787	-73.99726235	1
0	23	17174	458	40.751396	-74.005226	432	40.72621788	-73.98379855	1
0	23	45495	545	40.736502	-73.97809472	438	40.72779126	-73.98564945	1
0	23	15006	512	40.7500727	-73.99839279	404	40.7405826	-74.00550867	1
0	23	15158	285	40.73454567	-73.99074142	432	40.72621788	-73.98379855	1
0	23	22557	499	40.76915505	-73.98191841	72	40.76727216	-73.99392888	1
0	23	2933	459	40.746745	-74.007756	285	40.73454567	-73.99074142	1
0	23	12948	471	40.71286844	-73.95698119	471	40.71286844	-73.95698119	1
0	23	12301	335	40.72903917	-73.99404649	433	40.72955361	-73.98057249	1
0	23	41095	160	40.748238	-73.978311	495	40.76269882	-73.99301222	1
0	23	48086	420	40.68764484	-73.96968902	262	40.69178232	-73.97372989	1
0	23	16126	528	40.74290902	-73.97706058	434	40.74317449	-74.00366443	1
0	23	6959	465	40.75513557	-73.98658032	495	40.76269882	-73.99301222	1
0	23	22352	494	40.74734825	-73.99723551	477	40.75640548	-73.9900262	1
0	23	3960	426	40.71754834	-74.01322069	405	40.739323	-74.008119	1
0	23	28760	483	40.73223272	-73.98889957	466	40.74395411	-73.99144871	1
0	23	29647	482	40.73935542	-73.99931783	146	40.71625008	-74.0091059	1
0	23	45117	386	40.71494807	-74.00234482	403	40.72502876	-73.99069656	1
0	23	27655	251	40.72317958	-73.99480012	382	40.73492695	-73.99200509	1
0	23	3450	463	40.74206539	-74.00443172	426	40.71754834	-74.01322069	1
0	23	29967	404	40.7405826	-74.00550867	422	40.770513	-73.988038	1
0	23	5304	146	40.71625008	-74.0091059	248	40.72185379	-74.00771779	1
0	23	7186	435	40.74173969	-73.99415556	388	40.749717753	-74.002950346	1
0	23	441	403	40.72502876	-73.99069656	361	40.71605866	-73.99190759	1
0	23	26142	531	40.71893904	-73.99266288	428	40.72467721	-73.98783413	1
0	23	14265	519	40.75188406	-73.97770164	529	40.7575699	-73.99098507	1
0	23	66249	362	40.75172632	-73.98753523	434	40.74317449	-74.00366443	1
0	23	9928	329	40.72043411	-74.01020609	327	40.7153379	-74.01658354	1
0	23	57151	291	40.713126	-73.984844	301	40.72217444	-73.98368779	1
0	23	15212	160	40.748238	-73.978311	490	40.751551	-73.993934	1
0	23	49566	380	40.73401143	-74.00293877	349	40.71850211	-73.98329859	2
0	23	50184	531	40.71893904	-73.99266288	82	40.71117416	-74.00016545	1
0	23	29355	368	40.73038599	-74.00214988	2003	40.73416059	-73.98024289	1
0	23	31438	417	40.71291224	-74.01020234	351	40.70530954	-74.00612572	1
0	23	54730	432	40.72621788	-73.98379855	505	40.74901271	-73.98848395	1
0	23	50158	495	40.76269882	-73.99301222	483	40.73223272	-73.98889957	1
0	23	6898	509	40.7454973	-74.00197139	434	40.74317449	-74.00366443	1
0	23	26285	293	40.73028666	-73.9907647	394	40.72521311	-73.97768752	1
0	23	14396	401	40.72019576	-73.98997825	79	40.71911552	-74.00666661	1
0	23	8372	509	40.7454973	-74.00197139	380	40.73401143	-74.00293877	1
0	23	8595	151	40.7218158	-73.99720307	401	40.72019576	-73.98997825	1
0	23	52431	161	40.72917025	-73.99810231	247	40.73535398	-74.00483091	1
0	23	46151	348	40.72490985	-74.00154702	401	40.72019576	-73.98997825	1
0	23	3611	327	40.7153379	-74.01658354	327	40.7153379	-74.01658354	1
0	23	18880	533	40.75299641	-73.98721619	267	40.75097711	-73.98765428	1
0	23	17735	519	40.75188406	-73.97770164	385	40.75797322	-73.96603308	1
0	23	58758	312	40.722055	-73.989111	383	40.735238	-74.000271	1
0	23	44562	223	40.73781509	-73.99994661	438	40.72779126	-73.98564945	1
0	23	20009	361	40.71605866	-73.99190759	307	40.71427487	-73.98990025	1
0	23	23366	475	40.73524276	-73.98758561	265	40.72229346	-73.99147535	1
0	23	5265	300	40.728145	-73.990214	512	40.7500727	-73.99839279	1
0	23	34217	79	40.71911552	-74.00666661	360	40.70717936	-74.00887308	1
0	23	32598	223	40.73781509	-73.99994661	522	40.75714758	-73.97207836	1
0	23	34189	433	40.72955361	-73.98057249	494	40.74734825	-73.99723551	1
0	23	28345	300	40.728145	-73.990214	317	40.72453734	-73.98185424	1
0	23	36009	161	40.72917025	-73.99810231	546	40.74444921	-73.98303529	1
0	23	49720	265	40.72229346	-73.99147535	404	40.7405826	-74.00550867	1
0	23	32503	216	40.70037867	-73.99548059	398	40.69165183	-73.9999786	1
0	23	12007	368	40.73038599	-74.00214988	335	40.72903917	-73.99404649	1
0	23	54188	456	40.7597108	-73.97402311	509	40.7454973	-74.00197139	1
0	23	54036	377	40.72243797	-74.00566443	463	40.74206539	-74.00443172	1
0	23	2618	250	40.72456089	-73.99565293	368	40.73038599	-74.00214988	1
