0	23	16372	522	40.75714758	-73.97207836	521	40.75044999	-73.99481051	1
0	23	15169	314	40.69424674	-73.99215922	391	40.69760127	-73.99344559	1
0	23	32436	490	40.751551	-73.993934	150	40.7208736	-73.98085795	1
0	23	18183	357	40.73261787	-73.99158043	497	40.73704984	-73.99009296	1
0	23	70916	328	40.72405549	-74.00965965	322	40.696192	-73.991218	3
0	23	74288	380	40.73401143	-74.00293877	313	40.69610226	-73.96751037	1
0	23	47560	415	40.7047177	-74.00926027	410	40.72066442	-73.98517977	1
0	23	14392	332	40.71219906	-73.97948148	332	40.71219906	-73.97948148	2
0	23	38321	195	40.70905623	-74.01043382	450	40.76227205	-73.98788205	1
0	23	61629	459	40.746745	-74.007756	366	40.693261	-73.968896	1
0	23	23230	478	40.76030096	-73.99884222	387	40.71273266	-74.0046073	1
0	23	74291	345	40.73649403	-73.99704374	366	40.693261	-73.968896	1
0	23	58053	311	40.7172274	-73.98802084	521	40.75044999	-73.99481051	1
0	23	34496	460	40.71285887	-73.96590294	460	40.71285887	-73.96590294	3
0	23	19630	382	40.73492695	-73.99200509	515	40.76009437	-73.99461843	1
0	23	31503	508	40.76341379	-73.99667444	439	40.7262807	-73.98978041	1
0	23	36616	311	40.7172274	-73.98802084	325	40.73624527	-73.98473765	2
0	23	47117	454	40.75455731	-73.96592976	295	40.71406667	-73.99293911	1
0	23	22623	358	40.73291553	-74.00711384	528	40.74290902	-73.97706058	1
0	23	35113	450	40.76227205	-73.98788205	483	40.73223272	-73.98889957	1
0	23	5154	499	40.76915505	-73.98191841	422	40.770513	-73.988038	1
0	23	38085	281	40.7643971	-73.97371465	403	40.72502876	-73.99069656	1
0	23	13919	515	40.76009437	-73.99461843	127	40.73172428	-74.00674436	1
0	23	71275	331	40.71173107	-73.99193043	327	40.7153379	-74.01658354	2
0	23	51389	511	40.72938685	-73.97772429	311	40.7172274	-73.98802084	1
0	23	49604	161	40.72917025	-73.99810231	532	40.710451	-73.960876	1
0	23	4475	470	40.74345335	-74.00004031	447	40.76370739	-73.9851615	1
0	23	47161	271	40.68528172	-73.97805813	532	40.710451	-73.960876	1
0	23	49094	497	40.73704984	-73.99009296	516	40.75206862	-73.96784384	1
0	23	6898	509	40.7454973	-74.00197139	434	40.74317449	-74.00366443	1
0	23	39898	528	40.74290902	-73.97706058	483	40.73223272	-73.98889957	1
0	23	4740	403	40.72502876	-73.99069656	127	40.73172428	-74.00674436	1
0	23	22483	403	40.72502876	-73.99069656	342	40.71739973	-73.98016555	1
0	23	11716	348	40.72490985	-74.00154702	151	40.7218158	-73.99720307	3
0	23	13515	368	40.73038599	-74.00214988	401	40.72019576	-73.98997825	1
0	23	74294	400	40.71926081	-73.98178024	510	40.7606597	-73.98042047	1
0	23	51026	520	40.75992262	-73.97648516	116	40.74177603	-74.00149746	1
0	23	27505	236	40.7284186	-73.98713956	545	40.736502	-73.97809472	1
0	23	19040	518	40.74780373	-73.9734419	462	40.74691959	-74.00451887	1
0	23	54502	528	40.74290902	-73.97706058	513	40.768254	-73.988639	1
0	23	35016	447	40.76370739	-73.9851615	294	40.73049393	-73.9957214	1
0	23	16303	450	40.76227205	-73.98788205	358	40.73291553	-74.00711384	1
0	23	69403	467	40.68312489	-73.97895137	439	40.7262807	-73.98978041	1
0	23	74295	309	40.7149787	-74.013012	339	40.72580614	-73.97422494	1
0	23	59506	295	40.71406667	-73.99293911	349	40.71850211	-73.98329859	1
0	23	2421	403	40.72502876	-73.99069656	376	40.70862144	-74.00722156	1
0	23	23131	116	40.74177603	-74.00149746	479	40.76019252	-73.9912551	1
0	23	46608	529	40.7575699	-73.99098507	507	40.73912601	-73.97973776	1
0	23	32353	161	40.72917025	-73.99810231	341	40.71782143	-73.97628939	1
0	23	29898	351	40.70530954	-74.00612572	319	40.71336124	-74.00937622	2
0	23	19708	447	40.76370739	-73.9851615	488	40.75645824	-73.99372222	1
0	23	5855	297	40.734232	-73.986923	83	40.68382604	-73.97632328	1
0	23	5395	264	40.70706456	-74.00731853	151	40.7218158	-73.99720307	1
0	23	7705	497	40.73704984	-73.99009296	236	40.7284186	-73.98713956	1
0	23	56557	375	40.72679454	-73.99695094	342	40.71739973	-73.98016555	1
0	23	6068	284	40.7390169121	-74.0026376103	404	40.7405826	-74.00550867	3
0	23	362	428	40.72467721	-73.98783413	312	40.722055	-73.989111	1
0	23	54667	325	40.73624527	-73.98473765	361	40.71605866	-73.99190759	2
0	23	66385	470	40.74345335	-74.00004031	2012	40.739445	-73.976806	1
0	23	13422	254	40.73532427	-73.99800419	442	40.746647	-73.993915	1
0	23	8924	347	40.72873888	-74.00748842	237	40.73047309	-73.98672378	1
0	23	74296	310	40.68926942	-73.98912867	433	40.72955361	-73.98057249	1
0	23	22373	223	40.73781509	-73.99994661	128	40.72710258	-74.00297088	1
0	23	26728	293	40.73028666	-73.9907647	342	40.71739973	-73.98016555	1
0	23	34965	499	40.76915505	-73.98191841	168	40.73971301	-73.99456405	1
0	23	34140	536	40.74144387	-73.97536082	403	40.72502876	-73.99069656	1
0	23	58936	546	40.74444921	-73.98303529	295	40.71406667	-73.99293911	1
0	23	34883	462	40.74691959	-74.00451887	300	40.728145	-73.990214	1
0	23	47169	404	40.7405826	-74.00550867	477	40.75640548	-73.9900262	2
0	23	10842	497	40.73704984	-73.99009296	462	40.74691959	-74.00451887	1
0	23	22789	422	40.770513	-73.988038	525	40.75594159	-74.0021163	1
0	23	27340	293	40.73028666	-73.9907647	248	40.72185379	-74.00771779	1
0	23	34255	369	40.73224119	-74.00026394	403	40.72502876	-73.99069656	1
0	23	3953	528	40.74290902	-73.97706058	518	40.74780373	-73.9734419	1
0	23	46894	357	40.73261787	-73.99158043	470	40.74345335	-74.00004031	1
0	23	51943	174	40.7381765	-73.97738662	483	40.73223272	-73.98889957	1
0	23	2221	497	40.73704984	-73.99009296	518	40.74780373	-73.9734419	2
0	23	25908	384	40.68317813	-73.9659641	258	40.68940747	-73.96885458	1
0	23	11826	367	40.75828065	-73.97069431	468	40.7652654	-73.98192338	1
0	23	976	368	40.73038599	-74.00214988	128	40.72710258	-74.00297088	1
0	23	20918	271	40.68528172	-73.97805813	416	40.68753406	-73.97265183	2
0	23	20167	415	40.7047177	-74.00926027	507	40.73912601	-73.97973776	1
0	23	64616	398	40.69165183	-73.9999786	420	40.68764484	-73.96968902	1
0	23	30074	453	40.74475148	-73.99915362	479	40.76019252	-73.9912551	2
0	23	401	305	40.76095756	-73.96724467	540	40.74147286	-73.98320928	1
0	23	1219	545	40.736502	-73.97809472	459	40.746745	-74.007756	1
0	23	34106	225	40.74195138	-74.00803013	360	40.70717936	-74.00887308	1
0	23	18877	293	40.73028666	-73.9907647	326	40.72953837	-73.98426726	1
0	23	16064	285	40.73454567	-73.99074142	268	40.71910537	-73.99973337	1
0	23	39146	488	40.75645824	-73.99372222	477	40.75640548	-73.9900262	1
0	23	11169	483	40.73223272	-73.98889957	433	40.72955361	-73.98057249	1
0	23	66271	453	40.74475148	-73.99915362	300	40.728145	-73.990214	1
0	23	19486	79	40.71911552	-74.00666661	229	40.72743423	-73.99379025	1
0	23	33137	2008	40.70569254	-74.01677685	402	40.7403432	-73.98955109	1
0	23	18353	537	40.74025878	-73.98409214	303	40.72362738	-73.99949601	1
0	23	28281	312	40.722055	-73.989111	521	40.75044999	-73.99481051	1
0	23	6957	233	40.69246277	-73.98963911	310	40.68926942	-73.98912867	1
0	23	17641	2008	40.70569254	-74.01677685	512	40.7500727	-73.99839279	1
0	23	30071	223	40.73781509	-73.99994661	300	40.728145	-73.990214	1
0	23	20270	459	40.746745	-74.007756	2008	40.70569254	-74.01677685	1
0	23	10811	303	40.72362738	-73.99949601	380	40.73401143	-74.00293877	2
0	23	16283	398	40.69165183	-73.9999786	83	40.68382604	-73.97632328	1
0	23	28267	79	40.71911552	-74.00666661	319	40.71336124	-74.00937622	1
0	23	10087	375	40.72679454	-73.99695094	128	40.72710258	-74.00297088	1
0	23	55875	469	40.76344058	-73.98268129	355	40.71602118	-73.99974372	1
0	23	8755	116	40.74177603	-74.00149746	453	40.74475148	-73.99915362	1
0	23	71235	480	40.76669671	-73.99061728	360	40.70717936	-74.00887308	1
0	23	37966	285	40.73454567	-73.99074142	350	40.71559509	-73.9870295	1
0	23	34505	326	40.72953837	-73.98426726	504	40.73221853	-73.98165557	1
0	23	43246	300	40.728145	-73.990214	229	40.72743423	-73.99379025	2
0	23	10399	147	40.71542197	-74.01121978	355	40.71602118	-73.99974372	1
0	23	23340	489	40.75066386	-74.00176802	515	40.76009437	-73.99461843	1
0	23	28998	416	40.68753406	-73.97265183	262	40.69178232	-73.97372989	1
0	23	10063	489	40.75066386	-74.00176802	470	40.74345335	-74.00004031	1
0	23	44240	475	40.73524276	-73.98758561	522	40.75714758	-73.97207836	1
0	23	2368	477	40.75640548	-73.9900262	485	40.75038009	-73.98338988	1
0	23	32493	224	40.71146364	-74.00552427	2008	40.70569254	-74.01677685	2
0	23	21148	504	40.73221853	-73.98165557	361	40.71605866	-73.99190759	1
0	23	38223	402	40.7403432	-73.98955109	511	40.72938685	-73.97772429	1
0	23	55741	477	40.75640548	-73.9900262	350	40.71559509	-73.9870295	1
0	23	15046	293	40.73028666	-73.9907647	293	40.73028666	-73.9907647	1
0	23	6438	319	40.71336124	-74.00937622	387	40.71273266	-74.0046073	2
0	23	2331	433	40.72955361	-73.98057249	521	40.75044999	-73.99481051	1
0	23	29039	160	40.748238	-73.978311	528	40.74290902	-73.97706058	1
0	23	8917	237	40.73047309	-73.98672378	251	40.72317958	-73.99480012	1
0	23	33651	472	40.7457121	-73.98194829	2022	40.75849116	-73.95920622	1
0	23	22835	146	40.71625008	-74.0091059	380	40.73401143	-74.00293877	1
0	23	32448	455	40.75001986	-73.96905301	290	40.76020258	-73.96478473	1
0	23	26374	328	40.72405549	-74.00965965	329	40.72043411	-74.01020609	1
0	23	64033	418	40.70224	-73.982578	531	40.71893904	-73.99266288	1
0	23	23356	392	40.695065	-73.987167	391	40.69760127	-73.99344559	1
0	23	16556	485	40.75038009	-73.98338988	448	40.75660359	-73.9979009	1
0	23	15053	294	40.73049393	-73.9957214	369	40.73224119	-74.00026394	1
0	23	27804	497	40.73704984	-73.99009296	536	40.74144387	-73.97536082	1
0	23	10940	380	40.73401143	-74.00293877	312	40.722055	-73.989111	1
0	23	20441	380	40.73401143	-74.00293877	251	40.72317958	-73.99480012	1
0	23	11587	495	40.76269882	-73.99301222	495	40.76269882	-73.99301222	1
0	23	14631	387	40.71273266	-74.0046073	426	40.71754834	-74.01322069	1
0	23	3656	483	40.73223272	-73.98889957	519	40.75188406	-73.97770164	1
0	23	30489	433	40.72955361	-73.98057249	339	40.72580614	-73.97422494	1
0	23	31613	358	40.73291553	-74.00711384	470	40.74345335	-74.00004031	1
0	23	3391	490	40.751551	-73.993934	463	40.74206539	-74.00443172	1
0	23	13091	151	40.7218158	-73.99720307	2003	40.73416059	-73.98024289	1
0	23	58413	369	40.73224119	-74.00026394	508	40.76341379	-73.99667444	1
0	23	2868	252	40.73226398	-73.99852205	293	40.73028666	-73.9907647	1
0	23	7542	345	40.73649403	-73.99704374	128	40.72710258	-74.00297088	1
0	23	32332	518	40.74780373	-73.9734419	440	40.75255434	-73.97282625	1
0	23	7711	459	40.746745	-74.007756	540	40.74147286	-73.98320928	1
0	23	30465	439	40.7262807	-73.98978041	350	40.71559509	-73.9870295	1
0	23	2692	147	40.71542197	-74.01121978	327	40.7153379	-74.01658354	1
0	23	35327	224	40.71146364	-74.00552427	329	40.72043411	-74.01020609	1
0	23	38499	2010	40.72165481	-74.00234737	458	40.751396	-74.005226	1
0	23	8793	453	40.74475148	-73.99915362	540	40.74147286	-73.98320928	1
0	23	55224	433	40.72955361	-73.98057249	367	40.75828065	-73.97069431	1
0	23	19466	146	40.71625008	-74.0091059	316	40.70955958	-74.00653609	1
0	23	19694	439	40.7262807	-73.98978041	285	40.73454567	-73.99074142	1
0	23	42542	483	40.73223272	-73.98889957	453	40.74475148	-73.99915362	1
0	23	22397	229	40.72743423	-73.99379025	428	40.72467721	-73.98783413	1
0	23	64985	383	40.735238	-74.000271	502	40.714215	-73.981346	1
0	23	5309	448	40.75660359	-73.9979009	352	40.76340613	-73.97722479	1
0	23	4299	545	40.736502	-73.97809472	472	40.7457121	-73.98194829	1
0	23	5304	146	40.71625008	-74.0091059	248	40.72185379	-74.00771779	1
0	23	45980	248	40.72185379	-74.00771779	430	40.7014851	-73.98656928	1
0	23	23139	439	40.7262807	-73.98978041	328	40.72405549	-74.00965965	1
0	23	23953	462	40.74691959	-74.00451887	410	40.72066442	-73.98517977	2
0	23	23548	466	40.74395411	-73.99144871	490	40.751551	-73.993934	1
0	23	1620	523	40.75466591	-73.99138152	484	40.75500254	-73.98014437	1
0	23	10385	251	40.72317958	-73.99480012	336	40.73047747	-73.99906065	1
0	23	34026	280	40.73331967	-73.99510132	474	40.7451677	-73.98683077	1
0	23	29342	312	40.722055	-73.989111	223	40.73781509	-73.99994661	1
0	23	25115	2003	40.73416059	-73.98024289	334	40.74238787	-73.99726235	1
0	23	24056	312	40.722055	-73.989111	504	40.73221853	-73.98165557	1
0	23	19871	143	40.69239502	-73.99337909	143	40.69239502	-73.99337909	1
0	23	10930	497	40.73704984	-73.99009296	151	40.7218158	-73.99720307	1
0	23	14491	481	40.71260486	-73.96264403	2002	40.716887	-73.963198	1
0	23	5957	490	40.751551	-73.993934	450	40.76227205	-73.98788205	1
0	23	74297	311	40.7172274	-73.98802084	437	40.6809833854	-73.9500479759	1
0	23	39129	462	40.74691959	-74.00451887	263	40.71729	-73.996375	1
0	23	11018	345	40.73649403	-73.99704374	293	40.73028666	-73.9907647	1
0	23	49117	409	40.6906495	-73.95643107	373	40.69331716	-73.95381995	1
0	23	40	368	40.73038599	-74.00214988	251	40.72317958	-73.99480012	1
0	23	3718	459	40.746745	-74.007756	328	40.72405549	-74.00965965	1
0	23	38070	268	40.71910537	-73.99973337	309	40.7149787	-74.013012	1
0	23	19237	475	40.73524276	-73.98758561	428	40.72467721	-73.98783413	1
0	23	47794	420	40.68764484	-73.96968902	354	40.69363137	-73.96223558	1
0	23	16246	271	40.68528172	-73.97805813	275	40.68650065	-73.96563307	1
0	23	6717	274	40.68691865	-73.976682	366	40.693261	-73.968896	1
0	23	7617	465	40.75513557	-73.98658032	540	40.74147286	-73.98320928	1
0	23	40317	504	40.73221853	-73.98165557	339	40.72580614	-73.97422494	1
0	23	65420	127	40.73172428	-74.00674436	164	40.75323098	-73.97032517	1
0	23	41391	274	40.68691865	-73.976682	384	40.68317813	-73.9659641	1
0	23	20859	368	40.73038599	-74.00214988	505	40.74901271	-73.98848395	2
0	23	658	479	40.76019252	-73.9912551	523	40.75466591	-73.99138152	2
0	23	66561	434	40.74317449	-74.00366443	225	40.74195138	-74.00803013	1
0	23	29402	233	40.69246277	-73.98963911	216	40.70037867	-73.99548059	1
0	23	13896	458	40.751396	-74.005226	252	40.73226398	-73.99852205	1
0	23	25313	422	40.770513	-73.988038	2012	40.739445	-73.976806	1
0	23	27335	2010	40.72165481	-74.00234737	412	40.7158155	-73.99422366	1
0	23	34471	300	40.728145	-73.990214	459	40.746745	-74.007756	1
0	23	43727	345	40.73649403	-73.99704374	410	40.72066442	-73.98517977	1
0	23	6027	168	40.73971301	-73.99456405	236	40.7284186	-73.98713956	1
0	23	531	470	40.74345335	-74.00004031	456	40.7597108	-73.97402311	1
0	23	27133	127	40.73172428	-74.00674436	350	40.71559509	-73.9870295	2
0	23	7443	546	40.74444921	-73.98303529	490	40.751551	-73.993934	1
0	23	13928	505	40.74901271	-73.98848395	497	40.73704984	-73.99009296	1
0	23	14313	147	40.71542197	-74.01121978	304	40.70463334	-74.01361706	1
0	23	27221	348	40.72490985	-74.00154702	336	40.73047747	-73.99906065	1
0	23	13813	229	40.72743423	-73.99379025	361	40.71605866	-73.99190759	1
0	23	37540	404	40.7405826	-74.00550867	537	40.74025878	-73.98409214	1
0	23	74298	2010	40.72165481	-74.00234737	258	40.68940747	-73.96885458	1
0	23	19944	536	40.74144387	-73.97536082	293	40.73028666	-73.9907647	1
0	23	5610	417	40.71291224	-74.01020234	308	40.71307916	-73.99851193	1
0	23	3633	383	40.735238	-74.000271	128	40.72710258	-74.00297088	1
0	23	23029	459	40.746745	-74.007756	403	40.72502876	-73.99069656	1
0	23	2835	477	40.75640548	-73.9900262	513	40.768254	-73.988639	1
0	23	5051	79	40.71911552	-74.00666661	257	40.71939226	-74.00247214	1
0	23	3703	448	40.75660359	-73.9979009	513	40.768254	-73.988639	1
0	23	15176	325	40.73624527	-73.98473765	403	40.72502876	-73.99069656	1
0	23	7827	128	40.72710258	-74.00297088	447	40.76370739	-73.9851615	1
0	23	13296	539	40.71534825	-73.96024116	127	40.73172428	-74.00674436	1
0	23	34372	376	40.70862144	-74.00722156	357	40.73261787	-73.99158043	1
0	23	64650	539	40.71534825	-73.96024116	329	40.72043411	-74.01020609	1
0	23	24712	150	40.7208736	-73.98085795	265	40.72229346	-73.99147535	1
0	23	17427	380	40.73401143	-74.00293877	358	40.73291553	-74.00711384	1
0	23	27706	412	40.7158155	-73.99422366	329	40.72043411	-74.01020609	1
0	23	57359	243	40.687979	-73.978474	375	40.72679454	-73.99695094	2
0	23	927	523	40.75466591	-73.99138152	475	40.73524276	-73.98758561	1
0	23	28495	355	40.71602118	-73.99974372	276	40.71748752	-74.0104554	1
0	23	6601	464	40.75934501	-73.96759673	457	40.76695317	-73.98169333	1
0	23	20189	432	40.72621788	-73.98379855	295	40.71406667	-73.99293911	1
0	23	55904	516	40.75206862	-73.96784384	545	40.736502	-73.97809472	1
0	23	13666	151	40.7218158	-73.99720307	432	40.72621788	-73.98379855	1
0	23	56398	462	40.74691959	-74.00451887	428	40.72467721	-73.98783413	1
0	23	5325	540	40.74147286	-73.98320928	300	40.728145	-73.990214	1
0	23	4457	435	40.74173969	-73.99415556	294	40.73049393	-73.9957214	1
0	23	22873	412	40.7158155	-73.99422366	289	40.6845683	-73.95881081	1
0	23	14880	329	40.72043411	-74.01020609	127	40.73172428	-74.00674436	1
0	23	47529	306	40.70823502	-74.00530063	495	40.76269882	-73.99301222	1
0	23	21388	224	40.71146364	-74.00552427	360	40.70717936	-74.00887308	1
0	23	61668	392	40.695065	-73.987167	2008	40.70569254	-74.01677685	1
0	23	25338	459	40.746745	-74.007756	146	40.71625008	-74.0091059	1
0	23	34745	365	40.68223166	-73.9614583	348	40.72490985	-74.00154702	1
0	23	4088	507	40.73912601	-73.97973776	440	40.75255434	-73.97282625	1
0	23	10074	265	40.72229346	-73.99147535	453	40.74475148	-73.99915362	1
0	23	42290	238	40.7361967	-74.00859207	504	40.73221853	-73.98165557	1
0	23	18130	387	40.71273266	-74.0046073	259	40.70122128	-74.01234218	2
0	23	2772	410	40.72066442	-73.98517977	303	40.72362738	-73.99949601	1
0	23	13908	518	40.74780373	-73.9734419	454	40.75455731	-73.96592976	1
0	23	10432	508	40.76341379	-73.99667444	440	40.75255434	-73.97282625	1
0	23	1212	368	40.73038599	-74.00214988	327	40.7153379	-74.01658354	1
0	23	11804	521	40.75044999	-73.99481051	293	40.73028666	-73.9907647	1
0	23	30620	508	40.76341379	-73.99667444	480	40.76669671	-73.99061728	1
0	23	54063	391	40.69760127	-73.99344559	437	40.6809833854	-73.9500479759	1
0	23	12544	459	40.746745	-74.007756	294	40.73049393	-73.9957214	1
0	23	56642	447	40.76370739	-73.9851615	508	40.76341379	-73.99667444	1
0	23	8579	153	40.752062307	-73.9816324043	382	40.73492695	-73.99200509	1
0	23	30371	539	40.71534825	-73.96024116	437	40.6809833854	-73.9500479759	1
0	23	34800	473	40.72110063	-73.9919254	261	40.69474881	-73.98362464	1
0	23	22842	265	40.72229346	-73.99147535	432	40.72621788	-73.98379855	1
0	23	1073	450	40.76227205	-73.98788205	523	40.75466591	-73.99138152	1
0	23	23697	483	40.73223272	-73.98889957	293	40.73028666	-73.9907647	1
0	23	46900	343	40.69794	-73.96986848	343	40.69794	-73.96986848	2
0	23	17600	328	40.72405549	-74.00965965	346	40.73652889	-74.00618026	1
0	23	49520	460	40.71285887	-73.96590294	349	40.71850211	-73.98329859	1
0	23	6083	347	40.72873888	-74.00748842	2008	40.70569254	-74.01677685	1
0	23	21715	229	40.72743423	-73.99379025	531	40.71893904	-73.99266288	1
0	23	35482	432	40.72621788	-73.98379855	433	40.72955361	-73.98057249	1
0	23	32887	428	40.72467721	-73.98783413	311	40.7172274	-73.98802084	1
0	23	11524	510	40.7606597	-73.98042047	137	40.761628	-73.972924	1
0	23	11555	152	40.71473993	-74.00910627	304	40.70463334	-74.01361706	1
0	23	30256	2010	40.72165481	-74.00234737	401	40.72019576	-73.98997825	1
0	23	1141	477	40.75640548	-73.9900262	2022	40.75849116	-73.95920622	1
0	23	3640	422	40.770513	-73.988038	168	40.73971301	-73.99456405	1
0	23	8996	479	40.76019252	-73.9912551	447	40.76370739	-73.9851615	1
0	23	33456	404	40.7405826	-74.00550867	276	40.71748752	-74.0104554	1
0	23	54689	494	40.74734825	-73.99723551	427	40.70251526	-74.01427023	1
0	23	23742	477	40.75640548	-73.9900262	152	40.71473993	-74.00910627	1
0	23	3731	116	40.74177603	-74.00149746	537	40.74025878	-73.98409214	1
0	23	20683	72	40.76727216	-73.99392888	347	40.72873888	-74.00748842	1
0	23	38931	518	40.74780373	-73.9734419	511	40.72938685	-73.97772429	1
0	23	6280	336	40.73047747	-73.99906065	382	40.73492695	-73.99200509	1
0	23	7565	382	40.73492695	-73.99200509	466	40.74395411	-73.99144871	1
0	23	20757	380	40.73401143	-74.00293877	453	40.74475148	-73.99915362	1
0	23	41264	285	40.73454567	-73.99074142	423	40.76584941	-73.98690506	1
0	23	74299	380	40.73401143	-74.00293877	481	40.71260486	-73.96264403	1
0	23	22825	251	40.72317958	-73.99480012	174	40.7381765	-73.97738662	1
0	23	7968	375	40.72679454	-73.99695094	402	40.7403432	-73.98955109	1
0	23	15753	472	40.7457121	-73.98194829	469	40.76344058	-73.98268129	1
0	23	41398	518	40.74780373	-73.9734419	483	40.73223272	-73.98889957	1
0	23	28876	376	40.70862144	-74.00722156	330	40.71450451	-74.00562789	1
0	23	27050	477	40.75640548	-73.9900262	334	40.74238787	-73.99726235	1
0	23	4441	253	40.73543934	-73.99453948	284	40.7390169121	-74.0026376103	1
0	23	3415	410	40.72066442	-73.98517977	345	40.73649403	-73.99704374	1
0	23	63019	546	40.74444921	-73.98303529	329	40.72043411	-74.01020609	1
0	23	13785	459	40.746745	-74.007756	116	40.74177603	-74.00149746	1
0	23	458	401	40.72019576	-73.98997825	361	40.71605866	-73.99190759	2
0	23	22500	521	40.75044999	-73.99481051	472	40.7457121	-73.98194829	1
0	23	53781	252	40.73226398	-73.99852205	325	40.73624527	-73.98473765	1
0	23	5020	395	40.68807003	-73.98410637	467	40.68312489	-73.97895137	1
0	23	17656	2010	40.72165481	-74.00234737	393	40.72299208	-73.97995466	1
0	23	51909	438	40.72779126	-73.98564945	521	40.75044999	-73.99481051	1
0	23	9074	428	40.72467721	-73.98783413	161	40.72917025	-73.99810231	1
0	23	35186	336	40.73047747	-73.99906065	300	40.728145	-73.990214	1
0	23	9318	404	40.7405826	-74.00550867	444	40.7423543	-73.98915076	1
0	23	22588	2021	40.75929124	-73.98859651	441	40.756014	-73.967416	1
0	23	13026	382	40.73492695	-73.99200509	521	40.75044999	-73.99481051	1
0	23	56836	415	40.7047177	-74.00926027	389	40.71044554	-73.96525063	1
0	23	17908	248	40.72185379	-74.00771779	327	40.7153379	-74.01658354	1
0	23	62172	79	40.71911552	-74.00666661	296	40.71413089	-73.9970468	1
0	23	25709	393	40.72299208	-73.97995466	433	40.72955361	-73.98057249	1
0	23	3687	2012	40.739445	-73.976806	445	40.72740794	-73.98142006	1
0	23	18616	495	40.76269882	-73.99301222	447	40.76370739	-73.9851615	1
0	23	8350	500	40.76228826	-73.98336183	499	40.76915505	-73.98191841	1
0	23	11130	307	40.71427487	-73.98990025	502	40.714215	-73.981346	1
0	23	34961	405	40.739323	-74.008119	128	40.72710258	-74.00297088	1
0	23	4831	490	40.751551	-73.993934	469	40.76344058	-73.98268129	1
0	23	677	368	40.73038599	-74.00214988	438	40.72779126	-73.98564945	1
0	23	14221	380	40.73401143	-74.00293877	446	40.74487634	-73.99529885	1
0	23	17048	479	40.76019252	-73.9912551	448	40.75660359	-73.9979009	1
0	23	40899	433	40.72955361	-73.98057249	312	40.722055	-73.989111	1
0	23	26209	422	40.770513	-73.988038	2021	40.75929124	-73.98859651	1
0	23	46365	403	40.72502876	-73.99069656	237	40.73047309	-73.98672378	1
0	23	214	459	40.746745	-74.007756	263	40.71729	-73.996375	1
0	23	15156	540	40.74147286	-73.98320928	492	40.75019995	-73.99093085	1
0	23	38706	512	40.7500727	-73.99839279	152	40.71473993	-74.00910627	1
0	23	8127	468	40.7652654	-73.98192338	285	40.73454567	-73.99074142	1
0	23	11848	380	40.73401143	-74.00293877	294	40.73049393	-73.9957214	1
0	23	7837	519	40.75188406	-73.97770164	492	40.75019995	-73.99093085	1
0	23	19273	505	40.74901271	-73.98848395	168	40.73971301	-73.99456405	1
0	23	48813	336	40.73047747	-73.99906065	237	40.73047309	-73.98672378	1
0	23	1394	328	40.72405549	-74.00965965	328	40.72405549	-74.00965965	1
0	23	4269	462	40.74691959	-74.00451887	168	40.73971301	-73.99456405	1
0	23	2394	368	40.73038599	-74.00214988	435	40.74173969	-73.99415556	1
0	23	1728	325	40.73624527	-73.98473765	302	40.72082834	-73.97793172	1
0	23	6067	347	40.72873888	-74.00748842	268	40.71910537	-73.99973337	1
0	23	9296	485	40.75038009	-73.98338988	497	40.73704984	-73.99009296	1
0	23	41449	236	40.7284186	-73.98713956	265	40.72229346	-73.99147535	1
0	23	32885	479	40.76019252	-73.9912551	470	40.74345335	-74.00004031	1
0	23	28115	329	40.72043411	-74.01020609	296	40.71413089	-73.9970468	1
0	23	1203	405	40.739323	-74.008119	318	40.75320159	-73.9779874	1
0	23	13916	428	40.72467721	-73.98783413	293	40.73028666	-73.9907647	1
0	23	43578	495	40.76269882	-73.99301222	2006	40.76590936	-73.97634151	1
0	23	12187	358	40.73291553	-74.00711384	509	40.7454973	-74.00197139	1
0	23	45729	225	40.74195138	-74.00803013	2008	40.70569254	-74.01677685	1
0	23	66405	293	40.73028666	-73.9907647	339	40.72580614	-73.97422494	1
0	23	41082	410	40.72066442	-73.98517977	357	40.73261787	-73.99158043	1
0	23	8933	410	40.72066442	-73.98517977	295	40.71406667	-73.99293911	1
0	23	53101	294	40.73049393	-73.9957214	295	40.71406667	-73.99293911	1
0	23	14814	354	40.69363137	-73.96223558	373	40.69331716	-73.95381995	1
0	23	15543	472	40.7457121	-73.98194829	375	40.72679454	-73.99695094	1
0	23	56834	357	40.73261787	-73.99158043	469	40.76344058	-73.98268129	1
0	23	45401	237	40.73047309	-73.98672378	311	40.7172274	-73.98802084	1
0	23	42358	237	40.73047309	-73.98672378	457	40.76695317	-73.98169333	1
0	23	46306	428	40.72467721	-73.98783413	349	40.71850211	-73.98329859	1
0	23	41786	236	40.7284186	-73.98713956	454	40.75455731	-73.96592976	1
0	23	15962	311	40.7172274	-73.98802084	307	40.71427487	-73.98990025	1
0	23	48058	485	40.75038009	-73.98338988	540	40.74147286	-73.98320928	1
0	23	10645	259	40.70122128	-74.01234218	426	40.71754834	-74.01322069	2
0	23	12808	324	40.689888	-73.981013	366	40.693261	-73.968896	1
0	23	33138	349	40.71850211	-73.98329859	341	40.71782143	-73.97628939	1
0	23	31766	2022	40.75849116	-73.95920622	433	40.72955361	-73.98057249	1
0	23	28667	504	40.73221853	-73.98165557	528	40.74290902	-73.97706058	1
0	23	70500	456	40.7597108	-73.97402311	356	40.71622644	-73.98261206	1
0	23	411	293	40.73028666	-73.9907647	537	40.74025878	-73.98409214	1
0	23	16497	382	40.73492695	-73.99200509	505	40.74901271	-73.98848395	1
0	23	474	428	40.72467721	-73.98783413	128	40.72710258	-74.00297088	1
0	23	7626	293	40.73028666	-73.9907647	284	40.7390169121	-74.0026376103	1
0	23	241	462	40.74691959	-74.00451887	336	40.73047747	-73.99906065	1
0	23	13428	382	40.73492695	-73.99200509	358	40.73291553	-74.00711384	1
0	23	49723	323	40.69236178	-73.98631746	437	40.6809833854	-73.9500479759	1
0	23	24416	459	40.746745	-74.007756	446	40.74487634	-73.99529885	1
0	23	500	438	40.72779126	-73.98564945	505	40.74901271	-73.98848395	1
0	23	5807	236	40.7284186	-73.98713956	466	40.74395411	-73.99144871	1
0	23	28810	509	40.7454973	-74.00197139	127	40.73172428	-74.00674436	1
0	23	420	174	40.7381765	-73.97738662	439	40.7262807	-73.98978041	1
0	23	30136	445	40.72740794	-73.98142006	325	40.73624527	-73.98473765	1
0	23	43635	483	40.73223272	-73.98889957	528	40.74290902	-73.97706058	1
0	23	16712	355	40.71602118	-73.99974372	332	40.71219906	-73.97948148	1
0	23	1326	490	40.751551	-73.993934	508	40.76341379	-73.99667444	1
0	23	6803	375	40.72679454	-73.99695094	257	40.71939226	-74.00247214	1
0	23	12655	295	40.71406667	-73.99293911	502	40.714215	-73.981346	1
0	23	44700	330	40.71450451	-74.00562789	336	40.73047747	-73.99906065	2
0	23	11625	382	40.73492695	-73.99200509	369	40.73224119	-74.00026394	1
0	23	19060	2021	40.75929124	-73.98859651	453	40.74475148	-73.99915362	1
0	23	25333	478	40.76030096	-73.99884222	524	40.75527307	-73.98316936	1
0	23	46172	478	40.76030096	-73.99884222	423	40.76584941	-73.98690506	1
0	23	56784	433	40.72955361	-73.98057249	361	40.71605866	-73.99190759	1
0	23	34120	369	40.73224119	-74.00026394	325	40.73624527	-73.98473765	1
0	23	11947	293	40.73028666	-73.9907647	433	40.72955361	-73.98057249	1
0	23	6544	2010	40.72165481	-74.00234737	168	40.73971301	-73.99456405	1
0	23	1757	539	40.71534825	-73.96024116	282	40.70827295	-73.96834101	1
0	23	63120	302	40.72082834	-73.97793172	127	40.73172428	-74.00674436	1
0	23	13501	285	40.73454567	-73.99074142	380	40.73401143	-74.00293877	1
0	23	7944	116	40.74177603	-74.00149746	523	40.75466591	-73.99138152	1
0	23	5186	537	40.74025878	-73.98409214	465	40.75513557	-73.98658032	1
0	23	8630	293	40.73028666	-73.9907647	383	40.735238	-74.000271	1
0	23	34531	446	40.74487634	-73.99529885	300	40.728145	-73.990214	1
0	23	35037	417	40.71291224	-74.01020234	434	40.74317449	-74.00366443	1
0	23	5294	412	40.7158155	-73.99422366	295	40.71406667	-73.99293911	1
0	23	14722	474	40.7451677	-73.98683077	375	40.72679454	-73.99695094	1
0	23	14390	271	40.68528172	-73.97805813	395	40.68807003	-73.98410637	1
0	23	54638	386	40.71494807	-74.00234482	406	40.69512845	-73.99595065	1
0	23	24001	468	40.7652654	-73.98192338	423	40.76584941	-73.98690506	1
0	23	628	247	40.73535398	-74.00483091	116	40.74177603	-74.00149746	1
0	23	15286	323	40.69236178	-73.98631746	265	40.72229346	-73.99147535	1
0	23	34839	293	40.73028666	-73.9907647	82	40.71117416	-74.00016545	1
0	23	1986	492	40.75019995	-73.99093085	281	40.7643971	-73.97371465	1
0	23	11526	428	40.72467721	-73.98783413	401	40.72019576	-73.98997825	1
0	23	34981	326	40.72953837	-73.98426726	295	40.71406667	-73.99293911	1
0	23	23082	394	40.72521311	-73.97768752	265	40.72229346	-73.99147535	1
0	23	11394	483	40.73223272	-73.98889957	537	40.74025878	-73.98409214	1
0	23	2804	368	40.73038599	-74.00214988	375	40.72679454	-73.99695094	1
0	23	36430	325	40.73624527	-73.98473765	2012	40.739445	-73.976806	1
0	23	4897	223	40.73781509	-73.99994661	382	40.73492695	-73.99200509	1
0	23	4119	336	40.73047747	-73.99906065	428	40.72467721	-73.98783413	1
0	23	39019	2003	40.73416059	-73.98024289	369	40.73224119	-74.00026394	1
0	23	193	521	40.75044999	-73.99481051	505	40.74901271	-73.98848395	1
0	23	648	164	40.75323098	-73.97032517	290	40.76020258	-73.96478473	1
0	23	203	447	40.76370739	-73.9851615	236	40.7284186	-73.98713956	1
0	23	31105	441	40.756014	-73.967416	2022	40.75849116	-73.95920622	1
0	23	10766	453	40.74475148	-73.99915362	494	40.74734825	-73.99723551	1
0	23	16507	236	40.7284186	-73.98713956	394	40.72521311	-73.97768752	1
0	23	11139	323	40.69236178	-73.98631746	350	40.71559509	-73.9870295	1
0	23	23569	247	40.73535398	-74.00483091	229	40.72743423	-73.99379025	1
0	23	38344	250	40.72456089	-73.99565293	300	40.728145	-73.990214	1
0	23	9199	466	40.74395411	-73.99144871	382	40.73492695	-73.99200509	1
0	23	14436	318	40.75320159	-73.9779874	228	40.7546011026	-73.971878855	1
0	23	6925	474	40.7451677	-73.98683077	540	40.74147286	-73.98320928	1
0	23	6812	518	40.74780373	-73.9734419	528	40.74290902	-73.97706058	1
0	23	23340	489	40.75066386	-74.00176802	515	40.76009437	-73.99461843	1
0	23	43246	300	40.728145	-73.990214	229	40.72743423	-73.99379025	1
0	23	28998	416	40.68753406	-73.97265183	262	40.69178232	-73.97372989	1
0	23	10063	489	40.75066386	-74.00176802	470	40.74345335	-74.00004031	1
0	23	44240	475	40.73524276	-73.98758561	522	40.75714758	-73.97207836	1
0	23	2368	477	40.75640548	-73.9900262	485	40.75038009	-73.98338988	1
0	23	32493	224	40.71146364	-74.00552427	2008	40.70569254	-74.01677685	2
0	23	21148	504	40.73221853	-73.98165557	361	40.71605866	-73.99190759	1
0	23	38223	402	40.7403432	-73.98955109	511	40.72938685	-73.97772429	1
0	23	55741	477	40.75640548	-73.9900262	350	40.71559509	-73.9870295	1
0	23	15046	293	40.73028666	-73.9907647	293	40.73028666	-73.9907647	1
0	23	6068	284	40.7390169121	-74.0026376103	404	40.7405826	-74.00550867	2
0	23	6438	319	40.71336124	-74.00937622	387	40.71273266	-74.0046073	2
0	23	2331	433	40.72955361	-73.98057249	521	40.75044999	-73.99481051	1
0	23	29039	160	40.748238	-73.978311	528	40.74290902	-73.97706058	1
0	23	8917	237	40.73047309	-73.98672378	251	40.72317958	-73.99480012	1
0	23	33651	472	40.7457121	-73.98194829	2022	40.75849116	-73.95920622	1
0	23	22835	146	40.71625008	-74.0091059	380	40.73401143	-74.00293877	1
0	23	32448	455	40.75001986	-73.96905301	290	40.76020258	-73.96478473	1
0	23	26374	328	40.72405549	-74.00965965	329	40.72043411	-74.01020609	1
0	23	64033	418	40.70224	-73.982578	531	40.71893904	-73.99266288	1
0	23	23356	392	40.695065	-73.987167	391	40.69760127	-73.99344559	1
0	23	16556	485	40.75038009	-73.98338988	448	40.75660359	-73.9979009	1
0	23	15053	294	40.73049393	-73.9957214	369	40.73224119	-74.00026394	1
0	23	27804	497	40.73704984	-73.99009296	536	40.74144387	-73.97536082	1
0	23	10940	380	40.73401143	-74.00293877	312	40.722055	-73.989111	1
0	23	20441	380	40.73401143	-74.00293877	251	40.72317958	-73.99480012	1
0	23	11587	495	40.76269882	-73.99301222	495	40.76269882	-73.99301222	1
0	23	14631	387	40.71273266	-74.0046073	426	40.71754834	-74.01322069	1
0	23	3656	483	40.73223272	-73.98889957	519	40.75188406	-73.97770164	1
0	23	30489	433	40.72955361	-73.98057249	339	40.72580614	-73.97422494	1
0	23	31613	358	40.73291553	-74.00711384	470	40.74345335	-74.00004031	1
0	23	3391	490	40.751551	-73.993934	463	40.74206539	-74.00443172	1
0	23	13091	151	40.7218158	-73.99720307	2003	40.73416059	-73.98024289	1
0	23	58413	369	40.73224119	-74.00026394	508	40.76341379	-73.99667444	1
0	23	2868	252	40.73226398	-73.99852205	293	40.73028666	-73.9907647	1
0	23	7542	345	40.73649403	-73.99704374	128	40.72710258	-74.00297088	1
0	23	32332	518	40.74780373	-73.9734419	440	40.75255434	-73.97282625	1
0	23	7711	459	40.746745	-74.007756	540	40.74147286	-73.98320928	1
0	23	30465	439	40.7262807	-73.98978041	350	40.71559509	-73.9870295	1
0	23	2692	147	40.71542197	-74.01121978	327	40.7153379	-74.01658354	1
0	23	35327	224	40.71146364	-74.00552427	329	40.72043411	-74.01020609	1
0	23	38499	2010	40.72165481	-74.00234737	458	40.751396	-74.005226	1
0	23	46900	343	40.69794	-73.96986848	343	40.69794	-73.96986848	3
0	23	8793	453	40.74475148	-73.99915362	540	40.74147286	-73.98320928	1
0	23	55224	433	40.72955361	-73.98057249	367	40.75828065	-73.97069431	1
0	23	19466	146	40.71625008	-74.0091059	316	40.70955958	-74.00653609	1
0	23	19694	439	40.7262807	-73.98978041	285	40.73454567	-73.99074142	1
0	23	42542	483	40.73223272	-73.98889957	453	40.74475148	-73.99915362	1
0	23	22397	229	40.72743423	-73.99379025	428	40.72467721	-73.98783413	1
0	23	64985	383	40.735238	-74.000271	502	40.714215	-73.981346	1
0	23	5309	448	40.75660359	-73.9979009	352	40.76340613	-73.97722479	1
0	23	4299	545	40.736502	-73.97809472	472	40.7457121	-73.98194829	1
0	23	14392	332	40.71219906	-73.97948148	332	40.71219906	-73.97948148	1
0	23	5304	146	40.71625008	-74.0091059	248	40.72185379	-74.00771779	1
0	23	45980	248	40.72185379	-74.00771779	430	40.7014851	-73.98656928	1
0	23	23139	439	40.7262807	-73.98978041	328	40.72405549	-74.00965965	1
0	23	23953	462	40.74691959	-74.00451887	410	40.72066442	-73.98517977	2
0	23	23548	466	40.74395411	-73.99144871	490	40.751551	-73.993934	1
0	23	1620	523	40.75466591	-73.99138152	484	40.75500254	-73.98014437	1
0	23	10385	251	40.72317958	-73.99480012	336	40.73047747	-73.99906065	1
0	23	34026	280	40.73331967	-73.99510132	474	40.7451677	-73.98683077	1
0	23	29342	312	40.722055	-73.989111	223	40.73781509	-73.99994661	1
0	23	25115	2003	40.73416059	-73.98024289	334	40.74238787	-73.99726235	1
0	23	24056	312	40.722055	-73.989111	504	40.73221853	-73.98165557	1
0	23	19871	143	40.69239502	-73.99337909	143	40.69239502	-73.99337909	1
0	23	10930	497	40.73704984	-73.99009296	151	40.7218158	-73.99720307	1
0	23	14491	481	40.71260486	-73.96264403	2002	40.716887	-73.963198	1
0	23	5957	490	40.751551	-73.993934	450	40.76227205	-73.98788205	1
0	23	74297	311	40.7172274	-73.98802084	437	40.6809833854	-73.9500479759	1
0	23	39129	462	40.74691959	-74.00451887	263	40.71729	-73.996375	1
0	23	11018	345	40.73649403	-73.99704374	293	40.73028666	-73.9907647	1
0	23	49117	409	40.6906495	-73.95643107	373	40.69331716	-73.95381995	1
0	23	40	368	40.73038599	-74.00214988	251	40.72317958	-73.99480012	1
0	23	3718	459	40.746745	-74.007756	328	40.72405549	-74.00965965	1
0	23	38070	268	40.71910537	-73.99973337	309	40.7149787	-74.013012	1
0	23	19237	475	40.73524276	-73.98758561	428	40.72467721	-73.98783413	1
0	23	47794	420	40.68764484	-73.96968902	354	40.69363137	-73.96223558	1
0	23	16246	271	40.68528172	-73.97805813	275	40.68650065	-73.96563307	1
0	23	6717	274	40.68691865	-73.976682	366	40.693261	-73.968896	1
0	23	7617	465	40.75513557	-73.98658032	540	40.74147286	-73.98320928	1
0	23	40317	504	40.73221853	-73.98165557	339	40.72580614	-73.97422494	1
0	23	65420	127	40.73172428	-74.00674436	164	40.75323098	-73.97032517	1
0	23	41391	274	40.68691865	-73.976682	384	40.68317813	-73.9659641	1
0	23	20859	368	40.73038599	-74.00214988	505	40.74901271	-73.98848395	2
0	23	658	479	40.76019252	-73.9912551	523	40.75466591	-73.99138152	2
0	23	66561	434	40.74317449	-74.00366443	225	40.74195138	-74.00803013	1
0	23	29402	233	40.69246277	-73.98963911	216	40.70037867	-73.99548059	1
0	23	13896	458	40.751396	-74.005226	252	40.73226398	-73.99852205	1
0	23	25313	422	40.770513	-73.988038	2012	40.739445	-73.976806	1
0	23	27335	2010	40.72165481	-74.00234737	412	40.7158155	-73.99422366	1
0	23	34471	300	40.728145	-73.990214	459	40.746745	-74.007756	1
0	23	43727	345	40.73649403	-73.99704374	410	40.72066442	-73.98517977	1
0	23	6027	168	40.73971301	-73.99456405	236	40.7284186	-73.98713956	1
0	23	531	470	40.74345335	-74.00004031	456	40.7597108	-73.97402311	1
0	23	27133	127	40.73172428	-74.00674436	350	40.71559509	-73.9870295	2
0	23	7443	546	40.74444921	-73.98303529	490	40.751551	-73.993934	1
0	23	13928	505	40.74901271	-73.98848395	497	40.73704984	-73.99009296	1
0	23	14313	147	40.71542197	-74.01121978	304	40.70463334	-74.01361706	1
0	23	27221	348	40.72490985	-74.00154702	336	40.73047747	-73.99906065	1
0	23	13813	229	40.72743423	-73.99379025	361	40.71605866	-73.99190759	1
0	23	37540	404	40.7405826	-74.00550867	537	40.74025878	-73.98409214	1
0	23	18254	450	40.76227205	-73.98788205	479	40.76019252	-73.9912551	1
0	23	74298	2010	40.72165481	-74.00234737	258	40.68940747	-73.96885458	1
0	23	19944	536	40.74144387	-73.97536082	293	40.73028666	-73.9907647	1
0	23	5610	417	40.71291224	-74.01020234	308	40.71307916	-73.99851193	1
0	23	3633	383	40.735238	-74.000271	128	40.72710258	-74.00297088	1
0	23	23029	459	40.746745	-74.007756	403	40.72502876	-73.99069656	1
0	23	2835	477	40.75640548	-73.9900262	513	40.768254	-73.988639	1
0	23	5051	79	40.71911552	-74.00666661	257	40.71939226	-74.00247214	1
0	23	3703	448	40.75660359	-73.9979009	513	40.768254	-73.988639	1
0	23	15176	325	40.73624527	-73.98473765	403	40.72502876	-73.99069656	1
0	23	7827	128	40.72710258	-74.00297088	447	40.76370739	-73.9851615	1
0	23	13296	539	40.71534825	-73.96024116	127	40.73172428	-74.00674436	1
0	23	34372	376	40.70862144	-74.00722156	357	40.73261787	-73.99158043	1
0	23	64650	539	40.71534825	-73.96024116	329	40.72043411	-74.01020609	1
0	23	24712	150	40.7208736	-73.98085795	265	40.72229346	-73.99147535	1
0	23	17427	380	40.73401143	-74.00293877	358	40.73291553	-74.00711384	1
0	23	27706	412	40.7158155	-73.99422366	329	40.72043411	-74.01020609	1
0	23	57359	243	40.687979	-73.978474	375	40.72679454	-73.99695094	2
0	23	927	523	40.75466591	-73.99138152	475	40.73524276	-73.98758561	1
0	23	28495	355	40.71602118	-73.99974372	276	40.71748752	-74.0104554	1
0	23	6601	464	40.75934501	-73.96759673	457	40.76695317	-73.98169333	1
0	23	20189	432	40.72621788	-73.98379855	295	40.71406667	-73.99293911	1
0	23	55904	516	40.75206862	-73.96784384	545	40.736502	-73.97809472	1
0	23	13666	151	40.7218158	-73.99720307	432	40.72621788	-73.98379855	1
0	23	56398	462	40.74691959	-74.00451887	428	40.72467721	-73.98783413	1
0	23	5325	540	40.74147286	-73.98320928	300	40.728145	-73.990214	1
0	23	4457	435	40.74173969	-73.99415556	294	40.73049393	-73.9957214	1
0	23	22873	412	40.7158155	-73.99422366	289	40.6845683	-73.95881081	1
0	23	14880	329	40.72043411	-74.01020609	127	40.73172428	-74.00674436	1
0	23	47529	306	40.70823502	-74.00530063	495	40.76269882	-73.99301222	1
0	23	21388	224	40.71146364	-74.00552427	360	40.70717936	-74.00887308	1
0	23	61668	392	40.695065	-73.987167	2008	40.70569254	-74.01677685	1
0	23	25338	459	40.746745	-74.007756	146	40.71625008	-74.0091059	1
0	23	34745	365	40.68223166	-73.9614583	348	40.72490985	-74.00154702	1
0	23	4088	507	40.73912601	-73.97973776	440	40.75255434	-73.97282625	1
0	23	10074	265	40.72229346	-73.99147535	453	40.74475148	-73.99915362	1
0	23	42290	238	40.7361967	-74.00859207	504	40.73221853	-73.98165557	1
0	23	18130	387	40.71273266	-74.0046073	259	40.70122128	-74.01234218	2
0	23	2772	410	40.72066442	-73.98517977	303	40.72362738	-73.99949601	1
0	23	13908	518	40.74780373	-73.9734419	454	40.75455731	-73.96592976	1
0	23	10432	508	40.76341379	-73.99667444	440	40.75255434	-73.97282625	1
0	23	1212	368	40.73038599	-74.00214988	327	40.7153379	-74.01658354	1
0	23	11804	521	40.75044999	-73.99481051	293	40.73028666	-73.9907647	1
0	23	30620	508	40.76341379	-73.99667444	480	40.76669671	-73.99061728	1
0	23	54063	391	40.69760127	-73.99344559	437	40.6809833854	-73.9500479759	1
0	23	12544	459	40.746745	-74.007756	294	40.73049393	-73.9957214	1
0	23	56642	447	40.76370739	-73.9851615	508	40.76341379	-73.99667444	1
0	23	8579	153	40.752062307	-73.9816324043	382	40.73492695	-73.99200509	1
0	23	30371	539	40.71534825	-73.96024116	437	40.6809833854	-73.9500479759	1
0	23	34800	473	40.72110063	-73.9919254	261	40.69474881	-73.98362464	1
0	23	22842	265	40.72229346	-73.99147535	432	40.72621788	-73.98379855	1
0	23	1073	450	40.76227205	-73.98788205	523	40.75466591	-73.99138152	1
0	23	23697	483	40.73223272	-73.98889957	293	40.73028666	-73.9907647	1
0	23	17600	328	40.72405549	-74.00965965	346	40.73652889	-74.00618026	1
0	23	49520	460	40.71285887	-73.96590294	349	40.71850211	-73.98329859	1
0	23	6083	347	40.72873888	-74.00748842	2008	40.70569254	-74.01677685	1
0	23	21715	229	40.72743423	-73.99379025	531	40.71893904	-73.99266288	1
0	23	35482	432	40.72621788	-73.98379855	433	40.72955361	-73.98057249	1
0	23	32887	428	40.72467721	-73.98783413	311	40.7172274	-73.98802084	1
0	23	11524	510	40.7606597	-73.98042047	137	40.761628	-73.972924	1
0	23	11555	152	40.71473993	-74.00910627	304	40.70463334	-74.01361706	1
0	23	30256	2010	40.72165481	-74.00234737	401	40.72019576	-73.98997825	1
0	23	1141	477	40.75640548	-73.9900262	2022	40.75849116	-73.95920622	1
0	23	3640	422	40.770513	-73.988038	168	40.73971301	-73.99456405	1
0	23	8996	479	40.76019252	-73.9912551	447	40.76370739	-73.9851615	1
0	23	33456	404	40.7405826	-74.00550867	276	40.71748752	-74.0104554	1
0	23	54689	494	40.74734825	-73.99723551	427	40.70251526	-74.01427023	1
0	23	23742	477	40.75640548	-73.9900262	152	40.71473993	-74.00910627	1
0	23	3731	116	40.74177603	-74.00149746	537	40.74025878	-73.98409214	1
0	23	20683	72	40.76727216	-73.99392888	347	40.72873888	-74.00748842	1
0	23	38931	518	40.74780373	-73.9734419	511	40.72938685	-73.97772429	1
0	23	6280	336	40.73047747	-73.99906065	382	40.73492695	-73.99200509	1
0	23	7565	382	40.73492695	-73.99200509	466	40.74395411	-73.99144871	1
0	23	20757	380	40.73401143	-74.00293877	453	40.74475148	-73.99915362	1
0	23	41264	285	40.73454567	-73.99074142	423	40.76584941	-73.98690506	1
0	23	74299	380	40.73401143	-74.00293877	481	40.71260486	-73.96264403	1
0	23	22825	251	40.72317958	-73.99480012	174	40.7381765	-73.97738662	1
0	23	7968	375	40.72679454	-73.99695094	402	40.7403432	-73.98955109	1
0	23	15753	472	40.7457121	-73.98194829	469	40.76344058	-73.98268129	1
0	23	41398	518	40.74780373	-73.9734419	483	40.73223272	-73.98889957	1
0	23	28876	376	40.70862144	-74.00722156	330	40.71450451	-74.00562789	1
0	23	27050	477	40.75640548	-73.9900262	334	40.74238787	-73.99726235	1
0	23	4441	253	40.73543934	-73.99453948	284	40.7390169121	-74.0026376103	1
0	23	3415	410	40.72066442	-73.98517977	345	40.73649403	-73.99704374	1
0	23	63019	546	40.74444921	-73.98303529	329	40.72043411	-74.01020609	1
0	23	13785	459	40.746745	-74.007756	116	40.74177603	-74.00149746	1
0	23	458	401	40.72019576	-73.98997825	361	40.71605866	-73.99190759	2
0	23	22500	521	40.75044999	-73.99481051	472	40.7457121	-73.98194829	1
0	23	53781	252	40.73226398	-73.99852205	325	40.73624527	-73.98473765	1
0	23	5020	395	40.68807003	-73.98410637	467	40.68312489	-73.97895137	1
0	23	17656	2010	40.72165481	-74.00234737	393	40.72299208	-73.97995466	1
0	23	51909	438	40.72779126	-73.98564945	521	40.75044999	-73.99481051	1
0	23	9074	428	40.72467721	-73.98783413	161	40.72917025	-73.99810231	1
0	23	35186	336	40.73047747	-73.99906065	300	40.728145	-73.990214	1
0	23	9318	404	40.7405826	-74.00550867	444	40.7423543	-73.98915076	1
0	23	22588	2021	40.75929124	-73.98859651	441	40.756014	-73.967416	1
0	23	13026	382	40.73492695	-73.99200509	521	40.75044999	-73.99481051	1
0	23	56836	415	40.7047177	-74.00926027	389	40.71044554	-73.96525063	1
0	23	74300	490	40.751551	-73.993934	436	40.68216564	-73.95399026	1
0	23	17908	248	40.72185379	-74.00771779	327	40.7153379	-74.01658354	1
0	23	62172	79	40.71911552	-74.00666661	296	40.71413089	-73.9970468	1
0	23	25709	393	40.72299208	-73.97995466	433	40.72955361	-73.98057249	1
0	23	3687	2012	40.739445	-73.976806	445	40.72740794	-73.98142006	1
0	23	18616	495	40.76269882	-73.99301222	447	40.76370739	-73.9851615	1
0	23	8350	500	40.76228826	-73.98336183	499	40.76915505	-73.98191841	1
0	23	11130	307	40.71427487	-73.98990025	502	40.714215	-73.981346	1
0	23	34961	405	40.739323	-74.008119	128	40.72710258	-74.00297088	1
0	23	4831	490	40.751551	-73.993934	469	40.76344058	-73.98268129	1
0	23	677	368	40.73038599	-74.00214988	438	40.72779126	-73.98564945	1
0	23	14221	380	40.73401143	-74.00293877	446	40.74487634	-73.99529885	1
0	23	17048	479	40.76019252	-73.9912551	448	40.75660359	-73.9979009	1
0	23	40899	433	40.72955361	-73.98057249	312	40.722055	-73.989111	1
0	23	26209	422	40.770513	-73.988038	2021	40.75929124	-73.98859651	1
0	23	46365	403	40.72502876	-73.99069656	237	40.73047309	-73.98672378	1
0	23	214	459	40.746745	-74.007756	263	40.71729	-73.996375	1
0	23	15156	540	40.74147286	-73.98320928	492	40.75019995	-73.99093085	1
0	23	38706	512	40.7500727	-73.99839279	152	40.71473993	-74.00910627	1
0	23	8127	468	40.7652654	-73.98192338	285	40.73454567	-73.99074142	1
0	23	11848	380	40.73401143	-74.00293877	294	40.73049393	-73.9957214	1
0	23	7837	519	40.75188406	-73.97770164	492	40.75019995	-73.99093085	1
0	23	19273	505	40.74901271	-73.98848395	168	40.73971301	-73.99456405	1
0	23	48813	336	40.73047747	-73.99906065	237	40.73047309	-73.98672378	1
0	23	1394	328	40.72405549	-74.00965965	328	40.72405549	-74.00965965	1
0	23	74301	403	40.72502876	-73.99069656	241	40.68981035	-73.97493121	1
0	23	4269	462	40.74691959	-74.00451887	168	40.73971301	-73.99456405	1
0	23	2394	368	40.73038599	-74.00214988	435	40.74173969	-73.99415556	1
0	23	1728	325	40.73624527	-73.98473765	302	40.72082834	-73.97793172	1
0	23	6067	347	40.72873888	-74.00748842	268	40.71910537	-73.99973337	1
0	23	9296	485	40.75038009	-73.98338988	497	40.73704984	-73.99009296	1
0	23	41449	236	40.7284186	-73.98713956	265	40.72229346	-73.99147535	1
0	23	32885	479	40.76019252	-73.9912551	470	40.74345335	-74.00004031	1
0	23	28115	329	40.72043411	-74.01020609	296	40.71413089	-73.9970468	1
0	23	1203	405	40.739323	-74.008119	318	40.75320159	-73.9779874	1
0	23	13916	428	40.72467721	-73.98783413	293	40.73028666	-73.9907647	1
0	23	43578	495	40.76269882	-73.99301222	2006	40.76590936	-73.97634151	1
0	23	12187	358	40.73291553	-74.00711384	509	40.7454973	-74.00197139	1
0	23	45729	225	40.74195138	-74.00803013	2008	40.70569254	-74.01677685	1
0	23	66405	293	40.73028666	-73.9907647	339	40.72580614	-73.97422494	1
0	23	41082	410	40.72066442	-73.98517977	357	40.73261787	-73.99158043	1
0	23	8933	410	40.72066442	-73.98517977	295	40.71406667	-73.99293911	1
0	23	53101	294	40.73049393	-73.9957214	295	40.71406667	-73.99293911	1
0	23	14814	354	40.69363137	-73.96223558	373	40.69331716	-73.95381995	1
0	23	15543	472	40.7457121	-73.98194829	375	40.72679454	-73.99695094	1
0	23	56834	357	40.73261787	-73.99158043	469	40.76344058	-73.98268129	1
0	23	45401	237	40.73047309	-73.98672378	311	40.7172274	-73.98802084	1
0	23	22959	263	40.71729	-73.996375	341	40.71782143	-73.97628939	1
0	23	42358	237	40.73047309	-73.98672378	457	40.76695317	-73.98169333	1
0	23	46306	428	40.72467721	-73.98783413	349	40.71850211	-73.98329859	1
0	23	41786	236	40.7284186	-73.98713956	454	40.75455731	-73.96592976	1
0	23	15962	311	40.7172274	-73.98802084	307	40.71427487	-73.98990025	1
0	23	48058	485	40.75038009	-73.98338988	540	40.74147286	-73.98320928	1
0	23	10645	259	40.70122128	-74.01234218	426	40.71754834	-74.01322069	2
0	23	12808	324	40.689888	-73.981013	366	40.693261	-73.968896	1
0	23	33138	349	40.71850211	-73.98329859	341	40.71782143	-73.97628939	1
0	23	31766	2022	40.75849116	-73.95920622	433	40.72955361	-73.98057249	1
0	23	28667	504	40.73221853	-73.98165557	528	40.74290902	-73.97706058	1
0	23	70500	456	40.7597108	-73.97402311	356	40.71622644	-73.98261206	1
0	23	20918	271	40.68528172	-73.97805813	416	40.68753406	-73.97265183	1
0	23	411	293	40.73028666	-73.9907647	537	40.74025878	-73.98409214	1
0	23	16497	382	40.73492695	-73.99200509	505	40.74901271	-73.98848395	1
0	23	474	428	40.72467721	-73.98783413	128	40.72710258	-74.00297088	1
0	23	34398	375	40.72679454	-73.99695094	539	40.71534825	-73.96024116	1
0	23	7626	293	40.73028666	-73.9907647	284	40.7390169121	-74.0026376103	1
0	23	241	462	40.74691959	-74.00451887	336	40.73047747	-73.99906065	1
0	23	13428	382	40.73492695	-73.99200509	358	40.73291553	-74.00711384	1
0	23	49723	323	40.69236178	-73.98631746	437	40.6809833854	-73.9500479759	1
0	23	24416	459	40.746745	-74.007756	446	40.74487634	-73.99529885	1
0	23	500	438	40.72779126	-73.98564945	505	40.74901271	-73.98848395	1
0	23	5807	236	40.7284186	-73.98713956	466	40.74395411	-73.99144871	1
0	23	28810	509	40.7454973	-74.00197139	127	40.73172428	-74.00674436	1
0	23	420	174	40.7381765	-73.97738662	439	40.7262807	-73.98978041	1
0	23	30136	445	40.72740794	-73.98142006	325	40.73624527	-73.98473765	1
0	23	43635	483	40.73223272	-73.98889957	528	40.74290902	-73.97706058	1
0	23	16712	355	40.71602118	-73.99974372	332	40.71219906	-73.97948148	1
0	23	1326	490	40.751551	-73.993934	508	40.76341379	-73.99667444	1
0	23	6803	375	40.72679454	-73.99695094	257	40.71939226	-74.00247214	1
0	23	12655	295	40.71406667	-73.99293911	502	40.714215	-73.981346	1
0	23	192	477	40.75640548	-73.9900262	407	40.700469	-73.991454	1
0	23	44700	330	40.71450451	-74.00562789	336	40.73047747	-73.99906065	2
0	23	11625	382	40.73492695	-73.99200509	369	40.73224119	-74.00026394	1
0	23	19060	2021	40.75929124	-73.98859651	453	40.74475148	-73.99915362	1
0	23	25333	478	40.76030096	-73.99884222	524	40.75527307	-73.98316936	1
0	23	46172	478	40.76030096	-73.99884222	423	40.76584941	-73.98690506	1
0	23	56784	433	40.72955361	-73.98057249	361	40.71605866	-73.99190759	1
0	23	56853	285	40.73454567	-73.99074142	310	40.68926942	-73.98912867	1
0	23	34120	369	40.73224119	-74.00026394	325	40.73624527	-73.98473765	1
0	23	11947	293	40.73028666	-73.9907647	433	40.72955361	-73.98057249	1
0	23	6544	2010	40.72165481	-74.00234737	168	40.73971301	-73.99456405	1
0	23	1757	539	40.71534825	-73.96024116	282	40.70827295	-73.96834101	1
0	23	63120	302	40.72082834	-73.97793172	127	40.73172428	-74.00674436	1
0	23	10871	325	40.73624527	-73.98473765	510	40.7606597	-73.98042047	1
0	23	8490	447	40.76370739	-73.9851615	459	40.746745	-74.007756	1
0	23	13501	285	40.73454567	-73.99074142	380	40.73401143	-74.00293877	1
0	23	7944	116	40.74177603	-74.00149746	523	40.75466591	-73.99138152	1
0	23	5186	537	40.74025878	-73.98409214	465	40.75513557	-73.98658032	1
0	23	8630	293	40.73028666	-73.9907647	383	40.735238	-74.000271	1
0	23	34531	446	40.74487634	-73.99529885	300	40.728145	-73.990214	1
0	23	35037	417	40.71291224	-74.01020234	434	40.74317449	-74.00366443	1
0	23	5294	412	40.7158155	-73.99422366	295	40.71406667	-73.99293911	1
0	23	14722	474	40.7451677	-73.98683077	375	40.72679454	-73.99695094	1
0	23	14390	271	40.68528172	-73.97805813	395	40.68807003	-73.98410637	1
0	23	52220	137	40.761628	-73.972924	247	40.73535398	-74.00483091	1
0	23	54638	386	40.71494807	-74.00234482	406	40.69512845	-73.99595065	1
0	23	24001	468	40.7652654	-73.98192338	423	40.76584941	-73.98690506	1
0	23	36079	127	40.73172428	-74.00674436	525	40.75594159	-74.0021163	1
0	23	628	247	40.73535398	-74.00483091	116	40.74177603	-74.00149746	1
0	23	23157	290	40.76020258	-73.96478473	237	40.73047309	-73.98672378	1
0	23	15286	323	40.69236178	-73.98631746	265	40.72229346	-73.99147535	1
0	23	38530	380	40.73401143	-74.00293877	525	40.75594159	-74.0021163	1
0	23	34839	293	40.73028666	-73.9907647	82	40.71117416	-74.00016545	1
0	23	1986	492	40.75019995	-73.99093085	281	40.7643971	-73.97371465	1
0	23	44497	223	40.73781509	-73.99994661	311	40.7172274	-73.98802084	1
0	23	11526	428	40.72467721	-73.98783413	401	40.72019576	-73.98997825	2
0	23	34981	326	40.72953837	-73.98426726	295	40.71406667	-73.99293911	1
0	23	45368	479	40.76019252	-73.9912551	531	40.71893904	-73.99266288	1
0	23	23082	394	40.72521311	-73.97768752	265	40.72229346	-73.99147535	1
0	23	11394	483	40.73223272	-73.98889957	537	40.74025878	-73.98409214	1
0	23	38023	325	40.73624527	-73.98473765	387	40.71273266	-74.0046073	1
0	23	2804	368	40.73038599	-74.00214988	375	40.72679454	-73.99695094	1
0	23	66179	454	40.75455731	-73.96592976	473	40.72110063	-73.9919254	1
0	23	27583	457	40.76695317	-73.98169333	237	40.73047309	-73.98672378	1
0	23	36430	325	40.73624527	-73.98473765	2012	40.739445	-73.976806	1
0	23	30053	477	40.75640548	-73.9900262	368	40.73038599	-74.00214988	1
0	23	4897	223	40.73781509	-73.99994661	382	40.73492695	-73.99200509	1
0	23	45369	225	40.74195138	-74.00803013	495	40.76269882	-73.99301222	1
0	23	36616	311	40.7172274	-73.98802084	325	40.73624527	-73.98473765	1
0	23	4119	336	40.73047747	-73.99906065	428	40.72467721	-73.98783413	1
0	23	39019	2003	40.73416059	-73.98024289	369	40.73224119	-74.00026394	1
0	23	193	521	40.75044999	-73.99481051	505	40.74901271	-73.98848395	1
0	23	58662	306	40.70823502	-74.00530063	473	40.72110063	-73.9919254	1
0	23	58031	2010	40.72165481	-74.00234737	494	40.74734825	-73.99723551	1
0	23	59428	471	40.71286844	-73.95698119	120	40.68676793	-73.95928168	2
0	23	648	164	40.75323098	-73.97032517	290	40.76020258	-73.96478473	1
0	23	12566	237	40.73047309	-73.98672378	537	40.74025878	-73.98409214	1
0	23	47758	479	40.76019252	-73.9912551	497	40.73704984	-73.99009296	1
0	23	33264	293	40.73028666	-73.9907647	120	40.68676793	-73.95928168	1
0	23	13911	237	40.73047309	-73.98672378	401	40.72019576	-73.98997825	1
0	23	58942	540	40.74147286	-73.98320928	339	40.72580614	-73.97422494	1
0	23	203	447	40.76370739	-73.9851615	236	40.7284186	-73.98713956	1
0	23	31105	441	40.756014	-73.967416	2022	40.75849116	-73.95920622	1
0	23	10766	453	40.74475148	-73.99915362	494	40.74734825	-73.99723551	1
0	23	58981	471	40.71286844	-73.95698119	528	40.74290902	-73.97706058	1
0	23	24563	318	40.75320159	-73.9779874	152	40.71473993	-74.00910627	1
0	23	16507	236	40.7284186	-73.98713956	394	40.72521311	-73.97768752	1
0	23	11139	323	40.69236178	-73.98631746	350	40.71559509	-73.9870295	1
0	23	21184	495	40.76269882	-73.99301222	529	40.7575699	-73.99098507	1
0	23	23569	247	40.73535398	-74.00483091	229	40.72743423	-73.99379025	1
0	23	38344	250	40.72456089	-73.99565293	300	40.728145	-73.990214	1
0	23	9199	466	40.74395411	-73.99144871	382	40.73492695	-73.99200509	1
0	23	13919	515	40.76009437	-73.99461843	127	40.73172428	-74.00674436	1
0	23	38434	2006	40.76590936	-73.97634151	236	40.7284186	-73.98713956	1
0	23	23148	157	40.69089272	-73.99612349	384	40.68317813	-73.9659641	1
0	23	74302	469	40.76344058	-73.98268129	263	40.71729	-73.996375	1
0	23	14436	318	40.75320159	-73.9779874	228	40.7546011026	-73.971878855	1
0	23	6925	474	40.7451677	-73.98683077	540	40.74147286	-73.98320928	1
0	23	47746	484	40.75500254	-73.98014437	494	40.74734825	-73.99723551	1
0	23	54618	401	40.72019576	-73.98997825	440	40.75255434	-73.97282625	1
0	23	1352	316	40.70955958	-74.00653609	309	40.7149787	-74.013012	1
0	23	6812	518	40.74780373	-73.9734419	528	40.74290902	-73.97706058	1
0	23	12210	529	40.7575699	-73.99098507	164	40.75323098	-73.97032517	1
0	23	52386	505	40.74901271	-73.98848395	428	40.72467721	-73.98783413	1
0	23	21987	444	40.7423543	-73.98915076	293	40.73028666	-73.9907647	1
0	23	16030	426	40.71754834	-74.01322069	458	40.751396	-74.005226	2
0	23	7340	318	40.75320159	-73.9779874	498	40.74854862	-73.98808416	1
0	23	21417	358	40.73291553	-74.00711384	2008	40.70569254	-74.01677685	1
0	23	1011	152	40.71473993	-74.00910627	499	40.76915505	-73.98191841	1
0	23	23705	505	40.74901271	-73.98848395	499	40.76915505	-73.98191841	1
0	23	51514	303	40.72362738	-73.99949601	405	40.739323	-74.008119	1
0	23	5449	383	40.735238	-74.000271	405	40.739323	-74.008119	1
0	23	11172	497	40.73704984	-73.99009296	511	40.72938685	-73.97772429	1
0	23	19972	347	40.72873888	-74.00748842	151	40.7218158	-73.99720307	1
0	23	33220	467	40.68312489	-73.97895137	2002	40.716887	-73.963198	1
0	23	3670	440	40.75255434	-73.97282625	528	40.74290902	-73.97706058	1
0	23	34770	195	40.70905623	-74.01043382	410	40.72066442	-73.98517977	1
0	23	27314	403	40.72502876	-73.99069656	507	40.73912601	-73.97973776	1
0	23	42842	403	40.72502876	-73.99069656	516	40.75206862	-73.96784384	1
0	23	28373	347	40.72873888	-74.00748842	497	40.73704984	-73.99009296	1
0	23	15902	499	40.76915505	-73.98191841	479	40.76019252	-73.9912551	1
0	23	62797	356	40.71622644	-73.98261206	293	40.73028666	-73.9907647	1
0	23	27870	307	40.71427487	-73.98990025	459	40.746745	-74.007756	1
0	23	30230	497	40.73704984	-73.99009296	495	40.76269882	-73.99301222	1
0	23	23014	307	40.71427487	-73.98990025	403	40.72502876	-73.99069656	1
0	23	10921	537	40.74025878	-73.98409214	459	40.746745	-74.007756	1
