0	0	17768	515	40.76009437	-73.99461843	426	40.71754834	-74.01322069	2
0	0	64224	312	40.722055	-73.989111	120	40.68676793	-73.95928168	1
0	0	36671	545	40.736502	-73.97809472	500	40.76228826	-73.98336183	1
0	0	60595	406	40.69512845	-73.99595065	257	40.71939226	-74.00247214	1
0	0	25738	422	40.770513	-73.988038	507	40.73912601	-73.97973776	1
0	0	23508	282	40.70827295	-73.96834101	282	40.70827295	-73.96834101	2
0	0	160	450	40.76227205	-73.98788205	368	40.73038599	-74.00214988	1
0	0	45376	330	40.71450451	-74.00562789	438	40.72779126	-73.98564945	1
0	0	45407	536	40.74144387	-73.97536082	405	40.739323	-74.008119	1
0	0	22135	2022	40.75849116	-73.95920622	459	40.746745	-74.007756	1
0	0	57123	509	40.7454973	-74.00197139	518	40.74780373	-73.9734419	1
0	0	28205	439	40.7262807	-73.98978041	509	40.7454973	-74.00197139	1
0	0	62624	457	40.76695317	-73.98169333	432	40.72621788	-73.98379855	2
0	0	64228	396	40.680342423	-73.9557689392	533	40.75299641	-73.98721619	1
0	0	64230	358	40.73291553	-74.00711384	522	40.75714758	-73.97207836	1
0	0	11539	496	40.73726186	-73.99238967	362	40.75172632	-73.98753523	1
0	0	61521	513	40.768254	-73.988639	358	40.73291553	-74.00711384	2
0	0	54977	504	40.73221853	-73.98165557	448	40.75660359	-73.9979009	1
0	0	58822	223	40.73781509	-73.99994661	472	40.7457121	-73.98194829	1
0	0	5541	539	40.71534825	-73.96024116	539	40.71534825	-73.96024116	2
0	0	25743	515	40.76009437	-73.99461843	168	40.73971301	-73.99456405	1
0	0	22463	312	40.722055	-73.989111	438	40.72779126	-73.98564945	2
0	0	9771	513	40.768254	-73.988639	525	40.75594159	-74.0021163	1
0	0	22720	438	40.72779126	-73.98564945	284	40.7390169121	-74.0026376103	1
0	0	12454	465	40.75513557	-73.98658032	385	40.75797322	-73.96603308	1
0	0	52000	268	40.71910537	-73.99973337	458	40.751396	-74.005226	1
0	0	33900	446	40.74487634	-73.99529885	507	40.73912601	-73.97973776	1
0	0	30897	499	40.76915505	-73.98191841	453	40.74475148	-73.99915362	3
0	0	15276	168	40.73971301	-73.99456405	439	40.7262807	-73.98978041	1
0	0	34387	380	40.73401143	-74.00293877	475	40.73524276	-73.98758561	1
0	0	9310	440	40.75255434	-73.97282625	444	40.7423543	-73.98915076	1
0	0	6892	462	40.74691959	-74.00451887	347	40.72873888	-74.00748842	1
0	0	7801	293	40.73028666	-73.9907647	472	40.7457121	-73.98194829	1
0	0	41974	539	40.71534825	-73.96024116	364	40.68900443	-73.96023854	1
0	0	15029	355	40.71602118	-73.99974372	532	40.710451	-73.960876	1
0	0	13726	375	40.72679454	-73.99695094	150	40.7208736	-73.98085795	1
0	0	15741	444	40.7423543	-73.98915076	482	40.73935542	-73.99931783	1
0	0	22254	445	40.72740794	-73.98142006	357	40.73261787	-73.99158043	1
0	0	18914	367	40.75828065	-73.97069431	167	40.7489006	-73.97604882	1
0	0	11686	280	40.73331967	-73.99510132	428	40.72467721	-73.98783413	1
0	0	6978	546	40.74444921	-73.98303529	345	40.73649403	-73.99704374	1
0	0	15885	497	40.73704984	-73.99009296	334	40.74238787	-73.99726235	1
0	0	33644	72	40.76727216	-73.99392888	513	40.768254	-73.988639	1
0	0	60907	281	40.7643971	-73.97371465	432	40.72621788	-73.98379855	1
0	0	58786	469	40.76344058	-73.98268129	251	40.72317958	-73.99480012	1
0	0	3749	444	40.7423543	-73.98915076	174	40.7381765	-73.97738662	1
0	0	8585	507	40.73912601	-73.97973776	466	40.74395411	-73.99144871	1
0	0	42270	261	40.69474881	-73.98362464	359	40.75510267	-73.97498696	1
0	0	17423	519	40.75188406	-73.97770164	290	40.76020258	-73.96478473	1
0	0	23031	251	40.72317958	-73.99480012	263	40.71729	-73.996375	1
0	0	58145	470	40.74345335	-74.00004031	301	40.72217444	-73.98368779	1
0	0	26674	462	40.74691959	-74.00451887	174	40.7381765	-73.97738662	1
0	0	21532	251	40.72317958	-73.99480012	361	40.71605866	-73.99190759	1
0	0	6659	251	40.72317958	-73.99480012	355	40.71602118	-73.99974372	1
0	0	2183	394	40.72521311	-73.97768752	150	40.7208736	-73.98085795	1
0	0	64151	466	40.74395411	-73.99144871	516	40.75206862	-73.96784384	1
0	0	64231	417	40.71291224	-74.01020234	228	40.7546011026	-73.971878855	1
0	0	29917	358	40.73291553	-74.00711384	312	40.722055	-73.989111	1
0	0	2093	380	40.73401143	-74.00293877	345	40.73649403	-73.99704374	1
0	0	44574	434	40.74317449	-74.00366443	319	40.71336124	-74.00937622	1
0	0	7674	439	40.7262807	-73.98978041	435	40.74173969	-73.99415556	1
0	0	1830	537	40.74025878	-73.98409214	461	40.73587678	-73.98205027	1
0	0	2585	462	40.74691959	-74.00451887	477	40.75640548	-73.9900262	1
0	0	32495	458	40.751396	-74.005226	422	40.770513	-73.988038	1
0	0	13752	485	40.75038009	-73.98338988	490	40.751551	-73.993934	1
0	0	8588	2004	40.724399	-74.004704	304	40.70463334	-74.01361706	1
0	0	6760	375	40.72679454	-73.99695094	368	40.73038599	-74.00214988	2
0	0	31820	528	40.74290902	-73.97706058	301	40.72217444	-73.98368779	1
0	0	18818	225	40.74195138	-74.00803013	521	40.75044999	-73.99481051	1
0	0	58379	465	40.75513557	-73.98658032	327	40.7153379	-74.01658354	1
0	0	10911	483	40.73223272	-73.98889957	336	40.73047747	-73.99906065	1
0	0	21487	497	40.73704984	-73.99009296	410	40.72066442	-73.98517977	2
0	0	11625	382	40.73492695	-73.99200509	369	40.73224119	-74.00026394	2
0	0	44522	336	40.73047747	-73.99906065	362	40.75172632	-73.98753523	1
0	0	12198	307	40.71427487	-73.98990025	332	40.71219906	-73.97948148	1
0	0	40660	363	40.70834698	-74.01713445	265	40.72229346	-73.99147535	1
0	0	20516	450	40.76227205	-73.98788205	367	40.75828065	-73.97069431	1
0	0	15852	540	40.74147286	-73.98320928	174	40.7381765	-73.97738662	2
0	0	26128	441	40.756014	-73.967416	513	40.768254	-73.988639	1
0	0	64232	212	40.74334935	-74.00681753	157	40.69089272	-73.99612349	1
0	0	8900	151	40.7218158	-73.99720307	268	40.71910537	-73.99973337	2
0	0	64233	375	40.72679454	-73.99695094	270	40.69308257	-73.97178913	1
0	0	54763	317	40.72453734	-73.98185424	253	40.73543934	-73.99453948	1
0	0	16278	539	40.71534825	-73.96024116	389	40.71044554	-73.96525063	1
0	0	24252	325	40.73624527	-73.98473765	462	40.74691959	-74.00451887	1
0	0	11552	387	40.71273266	-74.0046073	310	40.68926942	-73.98912867	1
0	0	27899	533	40.75299641	-73.98721619	498	40.74854862	-73.98808416	1
0	0	10766	453	40.74475148	-73.99915362	494	40.74734825	-73.99723551	1
0	0	23382	515	40.76009437	-73.99461843	453	40.74475148	-73.99915362	1
0	0	50814	490	40.751551	-73.993934	237	40.73047309	-73.98672378	1
0	0	799	434	40.74317449	-74.00366443	284	40.7390169121	-74.0026376103	1
0	0	23852	347	40.72873888	-74.00748842	326	40.72953837	-73.98426726	1
0	0	62525	539	40.71534825	-73.96024116	383	40.735238	-74.000271	1
0	0	1609	281	40.7643971	-73.97371465	474	40.7451677	-73.98683077	1
0	0	17804	365	40.68223166	-73.9614583	365	40.68223166	-73.9614583	1
0	0	14389	445	40.72740794	-73.98142006	511	40.72938685	-73.97772429	1
0	0	23948	539	40.71534825	-73.96024116	372	40.694528	-73.958089	1
0	0	22709	483	40.73223272	-73.98889957	223	40.73781509	-73.99994661	1
0	0	23525	310	40.68926942	-73.98912867	274	40.68691865	-73.976682	1
0	0	20209	489	40.75066386	-74.00176802	512	40.7500727	-73.99839279	1
0	0	61193	512	40.7500727	-73.99839279	487	40.73314259	-73.97573881	1
0	0	35018	72	40.76727216	-73.99392888	450	40.76227205	-73.98788205	1
0	0	4230	167	40.7489006	-73.97604882	540	40.74147286	-73.98320928	1
0	0	22116	2021	40.75929124	-73.98859651	465	40.75513557	-73.98658032	1
0	0	21894	324	40.689888	-73.981013	399	40.68851534	-73.9647628	2
0	0	34756	254	40.73532427	-73.99800419	472	40.7457121	-73.98194829	1
0	0	5064	348	40.72490985	-74.00154702	152	40.71473993	-74.00910627	1
0	0	9561	380	40.73401143	-74.00293877	151	40.7218158	-73.99720307	1
0	0	17345	168	40.73971301	-73.99456405	462	40.74691959	-74.00451887	1
0	0	240	519	40.75188406	-73.97770164	518	40.74780373	-73.9734419	1
0	0	13910	382	40.73492695	-73.99200509	507	40.73912601	-73.97973776	1
0	0	12297	500	40.76228826	-73.98336183	423	40.76584941	-73.98690506	1
0	0	33145	494	40.74734825	-73.99723551	405	40.739323	-74.008119	3
0	0	61817	297	40.734232	-73.986923	499	40.76915505	-73.98191841	1
0	0	8088	404	40.7405826	-74.00550867	546	40.74444921	-73.98303529	1
0	0	21074	161	40.72917025	-73.99810231	504	40.73221853	-73.98165557	1
0	0	4850	347	40.72873888	-74.00748842	482	40.73935542	-73.99931783	1
0	0	11561	310	40.68926942	-73.98912867	258	40.68940747	-73.96885458	1
0	0	16025	229	40.72743423	-73.99379025	293	40.73028666	-73.9907647	1
0	0	19057	323	40.69236178	-73.98631746	150	40.7208736	-73.98085795	1
0	0	51909	438	40.72779126	-73.98564945	521	40.75044999	-73.99481051	1
0	0	8106	317	40.72453734	-73.98185424	433	40.72955361	-73.98057249	1
0	0	6053	519	40.75188406	-73.97770164	323	40.69236178	-73.98631746	1
0	0	63055	412	40.7158155	-73.99422366	2021	40.75929124	-73.98859651	1
0	0	3854	284	40.7390169121	-74.0026376103	368	40.73038599	-74.00214988	1
0	0	20918	271	40.68528172	-73.97805813	416	40.68753406	-73.97265183	1
0	0	11954	380	40.73401143	-74.00293877	439	40.7262807	-73.98978041	1
0	0	7945	312	40.722055	-73.989111	531	40.71893904	-73.99266288	1
0	0	34567	483	40.73223272	-73.98889957	445	40.72740794	-73.98142006	1
0	0	41327	512	40.7500727	-73.99839279	546	40.74444921	-73.98303529	1
0	0	22857	426	40.71754834	-74.01322069	382	40.73492695	-73.99200509	1
0	0	1018	536	40.74144387	-73.97536082	174	40.7381765	-73.97738662	1
0	0	75	383	40.735238	-74.000271	345	40.73649403	-73.99704374	1
0	0	4480	380	40.73401143	-74.00293877	380	40.73401143	-74.00293877	1
0	0	36885	546	40.74444921	-73.98303529	251	40.72317958	-73.99480012	1
0	0	34238	505	40.74901271	-73.98848395	160	40.748238	-73.978311	1
0	0	10898	329	40.72043411	-74.01020609	257	40.71939226	-74.00247214	1
0	0	115	355	40.71602118	-73.99974372	521	40.75044999	-73.99481051	1
0	0	49087	324	40.689888	-73.981013	409	40.6906495	-73.95643107	1
0	0	64234	347	40.72873888	-74.00748842	428	40.72467721	-73.98783413	1
0	0	10380	293	40.73028666	-73.9907647	438	40.72779126	-73.98564945	1
0	0	15869	127	40.73172428	-74.00674436	404	40.7405826	-74.00550867	1
0	0	18919	488	40.75645824	-73.99372222	515	40.76009437	-73.99461843	1
0	0	43981	522	40.75714758	-73.97207836	504	40.73221853	-73.98165557	1
0	0	1431	223	40.73781509	-73.99994661	223	40.73781509	-73.99994661	1
0	0	41843	475	40.73524276	-73.98758561	380	40.73401143	-74.00293877	1
0	0	13146	223	40.73781509	-73.99994661	375	40.72679454	-73.99695094	2
0	0	17998	323	40.69236178	-73.98631746	439	40.7262807	-73.98978041	1
0	0	19941	295	40.71406667	-73.99293911	296	40.71413089	-73.9970468	1
0	0	19361	509	40.7454973	-74.00197139	502	40.714215	-73.981346	1
0	0	33425	483	40.73223272	-73.98889957	432	40.72621788	-73.98379855	1
0	0	42173	334	40.74238787	-73.99726235	528	40.74290902	-73.97706058	1
0	0	59132	438	40.72779126	-73.98564945	493	40.7568001	-73.98291153	2
0	0	35573	2022	40.75849116	-73.95920622	507	40.73912601	-73.97973776	1
0	0	18224	294	40.73049393	-73.9957214	531	40.71893904	-73.99266288	1
0	0	27120	473	40.72110063	-73.9919254	412	40.7158155	-73.99422366	1
0	0	6735	305	40.76095756	-73.96724467	450	40.76227205	-73.98788205	1
0	0	12427	2006	40.76590936	-73.97634151	537	40.74025878	-73.98409214	1
0	0	18432	546	40.74444921	-73.98303529	512	40.7500727	-73.99839279	1
0	0	9198	293	40.73028666	-73.9907647	489	40.75066386	-74.00176802	2
0	0	14687	375	40.72679454	-73.99695094	521	40.75044999	-73.99481051	1
0	0	1702	426	40.71754834	-74.01322069	327	40.7153379	-74.01658354	3
0	0	64235	503	40.73827428	-73.98751968	128	40.72710258	-74.00297088	1
0	0	44026	525	40.75594159	-74.0021163	382	40.73492695	-73.99200509	1
0	0	426	152	40.71473993	-74.00910627	509	40.7454973	-74.00197139	1
0	0	3625	294	40.73049393	-73.9957214	382	40.73492695	-73.99200509	1
0	0	9609	404	40.7405826	-74.00550867	402	40.7403432	-73.98955109	2
0	0	10147	329	40.72043411	-74.01020609	152	40.71473993	-74.00910627	1
0	0	12171	458	40.751396	-74.005226	380	40.73401143	-74.00293877	1
0	0	60121	294	40.73049393	-73.9957214	400	40.71926081	-73.98178024	1
0	0	51451	453	40.74475148	-73.99915362	433	40.72955361	-73.98057249	1
0	0	3651	458	40.751396	-74.005226	447	40.76370739	-73.9851615	1
0	0	23191	281	40.7643971	-73.97371465	477	40.75640548	-73.9900262	1
0	0	34086	490	40.751551	-73.993934	509	40.7454973	-74.00197139	1
0	0	36854	388	40.749717753	-74.002950346	402	40.7403432	-73.98955109	1
0	0	42937	157	40.69089272	-73.99612349	261	40.69474881	-73.98362464	1
0	0	11755	380	40.73401143	-74.00293877	401	40.72019576	-73.98997825	2
0	0	14668	470	40.74345335	-74.00004031	380	40.73401143	-74.00293877	1
0	0	25035	434	40.74317449	-74.00366443	238	40.7361967	-74.00859207	1
0	0	1504	456	40.7597108	-73.97402311	352	40.76340613	-73.97722479	1
0	0	34278	461	40.73587678	-73.98205027	540	40.74147286	-73.98320928	1
0	0	16490	352	40.76340613	-73.97722479	529	40.7575699	-73.99098507	1
0	0	28855	329	40.72043411	-74.01020609	368	40.73038599	-74.00214988	2
0	0	11398	2002	40.716887	-73.963198	317	40.72453734	-73.98185424	1
0	0	29687	146	40.71625008	-74.0091059	351	40.70530954	-74.00612572	1
0	0	1196	363	40.70834698	-74.01713445	360	40.70717936	-74.00887308	2
0	0	6802	466	40.74395411	-73.99144871	294	40.73049393	-73.9957214	1
0	0	381	128	40.72710258	-74.00297088	151	40.7218158	-73.99720307	1
0	0	23423	438	40.72779126	-73.98564945	254	40.73532427	-73.99800419	1
0	0	59911	446	40.74487634	-73.99529885	2022	40.75849116	-73.95920622	1
0	0	21772	509	40.7454973	-74.00197139	529	40.7575699	-73.99098507	1
0	0	28526	228	40.7546011026	-73.971878855	290	40.76020258	-73.96478473	1
0	0	26708	2022	40.75849116	-73.95920622	435	40.74173969	-73.99415556	1
0	0	24986	369	40.73224119	-74.00026394	294	40.73049393	-73.9957214	1
0	0	117	447	40.76370739	-73.9851615	499	40.76915505	-73.98191841	1
0	0	54650	420	40.68764484	-73.96968902	270	40.69308257	-73.97178913	1
0	0	2510	147	40.71542197	-74.01121978	147	40.71542197	-74.01121978	1
0	0	17144	402	40.7403432	-73.98955109	342	40.71739973	-73.98016555	1
0	0	26272	493	40.7568001	-73.98291153	518	40.74780373	-73.9734419	1
0	0	14424	368	40.73038599	-74.00214988	458	40.751396	-74.005226	1
0	0	26607	390	40.69221589	-73.9842844	261	40.69474881	-73.98362464	1
0	0	24610	254	40.73532427	-73.99800419	223	40.73781509	-73.99994661	2
0	0	12593	497	40.73704984	-73.99009296	394	40.72521311	-73.97768752	1
0	0	1948	486	40.7462009	-73.98855723	497	40.73704984	-73.99009296	1
0	0	64236	391	40.69760127	-73.99344559	364	40.68900443	-73.96023854	1
0	0	25766	174	40.7381765	-73.97738662	2012	40.739445	-73.976806	1
0	0	26021	459	40.746745	-74.007756	375	40.72679454	-73.99695094	1
0	0	22577	150	40.7208736	-73.98085795	301	40.72217444	-73.98368779	1
0	0	38944	515	40.76009437	-73.99461843	346	40.73652889	-74.00618026	1
0	0	36591	357	40.73261787	-73.99158043	285	40.73454567	-73.99074142	1
0	0	48410	325	40.73624527	-73.98473765	254	40.73532427	-73.99800419	1
0	0	6031	497	40.73704984	-73.99009296	505	40.74901271	-73.98848395	1
0	0	42006	355	40.71602118	-73.99974372	410	40.72066442	-73.98517977	1
0	0	22742	410	40.72066442	-73.98517977	539	40.71534825	-73.96024116	1
0	0	10382	348	40.72490985	-74.00154702	268	40.71910537	-73.99973337	1
0	0	11538	499	40.76915505	-73.98191841	515	40.76009437	-73.99461843	1
0	0	60709	404	40.7405826	-74.00550867	528	40.74290902	-73.97706058	1
0	0	28037	489	40.75066386	-74.00176802	498	40.74854862	-73.98808416	1
0	0	22762	116	40.74177603	-74.00149746	345	40.73649403	-73.99704374	1
0	0	27835	459	40.746745	-74.007756	394	40.72521311	-73.97768752	1
0	0	1978	404	40.7405826	-74.00550867	249	40.71870987	-74.0090009	1
0	0	2491	2003	40.73416059	-73.98024289	518	40.74780373	-73.9734419	1
0	0	21737	116	40.74177603	-74.00149746	512	40.7500727	-73.99839279	1
0	0	53916	366	40.693261	-73.968896	157	40.69089272	-73.99612349	2
0	0	24040	345	40.73649403	-73.99704374	311	40.7172274	-73.98802084	1
0	0	8315	293	40.73028666	-73.9907647	404	40.7405826	-74.00550867	1
0	0	10316	161	40.72917025	-73.99810231	323	40.69236178	-73.98631746	1
0	0	31521	368	40.73038599	-74.00214988	326	40.72953837	-73.98426726	1
0	0	18245	487	40.73314259	-73.97573881	504	40.73221853	-73.98165557	1
0	0	28138	439	40.7262807	-73.98978041	294	40.73049393	-73.9957214	1
0	0	40385	2012	40.739445	-73.976806	2022	40.75849116	-73.95920622	1
0	0	29645	502	40.714215	-73.981346	350	40.71559509	-73.9870295	1
0	0	53552	475	40.73524276	-73.98758561	297	40.734232	-73.986923	1
0	0	47222	539	40.71534825	-73.96024116	433	40.72955361	-73.98057249	1
0	0	24119	311	40.7172274	-73.98802084	296	40.71413089	-73.9970468	2
0	0	10240	382	40.73492695	-73.99200509	380	40.73401143	-74.00293877	1
0	0	17143	463	40.74206539	-74.00443172	402	40.7403432	-73.98955109	1
0	0	37524	474	40.7451677	-73.98683077	480	40.76669671	-73.99061728	1
0	0	7536	529	40.7575699	-73.99098507	434	40.74317449	-74.00366443	1
0	0	17653	284	40.7390169121	-74.0026376103	280	40.73331967	-73.99510132	1
0	0	11130	307	40.71427487	-73.98990025	502	40.714215	-73.981346	1
0	0	18416	473	40.72110063	-73.9919254	307	40.71427487	-73.98990025	1
0	0	30383	305	40.76095756	-73.96724467	455	40.75001986	-73.96905301	2
0	0	7102	285	40.73454567	-73.99074142	335	40.72903917	-73.99404649	1
0	0	41448	301	40.72217444	-73.98368779	150	40.7208736	-73.98085795	1
0	0	27276	2010	40.72165481	-74.00234737	334	40.74238787	-73.99726235	1
0	0	49321	430	40.7014851	-73.98656928	401	40.72019576	-73.98997825	1
0	0	16411	521	40.75044999	-73.99481051	160	40.748238	-73.978311	1
0	0	49153	362	40.75172632	-73.98753523	457	40.76695317	-73.98169333	1
0	0	4741	453	40.74475148	-73.99915362	380	40.73401143	-74.00293877	1
0	0	1663	146	40.71625008	-74.0091059	387	40.71273266	-74.0046073	1
0	0	9847	402	40.7403432	-73.98955109	498	40.74854862	-73.98808416	1
0	0	2100	430	40.7014851	-73.98656928	2000	40.70255088	-73.98940236	1
0	0	206	300	40.728145	-73.990214	254	40.73532427	-73.99800419	1
0	0	24623	495	40.76269882	-73.99301222	480	40.76669671	-73.99061728	1
0	0	14692	461	40.73587678	-73.98205027	168	40.73971301	-73.99456405	1
0	0	38087	2022	40.75849116	-73.95920622	516	40.75206862	-73.96784384	1
0	0	29001	382	40.73492695	-73.99200509	499	40.76915505	-73.98191841	1
0	0	16499	382	40.73492695	-73.99200509	150	40.7208736	-73.98085795	1
0	0	32533	347	40.72873888	-74.00748842	432	40.72621788	-73.98379855	1
0	0	1583	504	40.73221853	-73.98165557	72	40.76727216	-73.99392888	1
0	0	31887	347	40.72873888	-74.00748842	483	40.73223272	-73.98889957	1
0	0	12136	504	40.73221853	-73.98165557	487	40.73314259	-73.97573881	1
0	0	9101	478	40.76030096	-73.99884222	478	40.76030096	-73.99884222	1
0	0	11129	375	40.72679454	-73.99695094	301	40.72217444	-73.98368779	1
0	0	29788	294	40.73049393	-73.9957214	348	40.72490985	-74.00154702	1
0	0	5948	442	40.746647	-73.993915	493	40.7568001	-73.98291153	1
0	0	14631	387	40.71273266	-74.0046073	426	40.71754834	-74.01322069	1
0	0	10842	497	40.73704984	-73.99009296	462	40.74691959	-74.00451887	1
0	0	14674	290	40.76020258	-73.96478473	492	40.75019995	-73.99093085	1
0	0	29047	440	40.75255434	-73.97282625	305	40.76095756	-73.96724467	1
0	0	18218	128	40.72710258	-74.00297088	249	40.71870987	-74.0090009	1
0	0	14585	345	40.73649403	-73.99704374	445	40.72740794	-73.98142006	1
0	0	25774	458	40.751396	-74.005226	360	40.70717936	-74.00887308	1
0	0	5202	284	40.7390169121	-74.0026376103	405	40.739323	-74.008119	1
0	0	20122	509	40.7454973	-74.00197139	402	40.7403432	-73.98955109	1
0	0	12091	382	40.73492695	-73.99200509	439	40.7262807	-73.98978041	1
0	0	507	478	40.76030096	-73.99884222	529	40.7575699	-73.99098507	1
0	0	13881	461	40.73587678	-73.98205027	336	40.73047747	-73.99906065	1
0	0	41994	137	40.761628	-73.972924	167	40.7489006	-73.97604882	1
0	0	31728	525	40.75594159	-74.0021163	488	40.75645824	-73.99372222	1
0	0	43974	2021	40.75929124	-73.98859651	268	40.71910537	-73.99973337	1
0	0	15080	150	40.7208736	-73.98085795	326	40.72953837	-73.98426726	1
0	0	20823	493	40.7568001	-73.98291153	510	40.7606597	-73.98042047	1
0	0	6760	375	40.72679454	-73.99695094	368	40.73038599	-74.00214988	2
0	0	31820	528	40.74290902	-73.97706058	301	40.72217444	-73.98368779	1
0	0	18818	225	40.74195138	-74.00803013	521	40.75044999	-73.99481051	1
0	0	58379	465	40.75513557	-73.98658032	327	40.7153379	-74.01658354	1
0	0	10911	483	40.73223272	-73.98889957	336	40.73047747	-73.99906065	1
0	0	21487	497	40.73704984	-73.99009296	410	40.72066442	-73.98517977	2
0	0	11625	382	40.73492695	-73.99200509	369	40.73224119	-74.00026394	2
0	0	44522	336	40.73047747	-73.99906065	362	40.75172632	-73.98753523	1
0	0	12198	307	40.71427487	-73.98990025	332	40.71219906	-73.97948148	1
0	0	40660	363	40.70834698	-74.01713445	265	40.72229346	-73.99147535	1
0	0	20516	450	40.76227205	-73.98788205	367	40.75828065	-73.97069431	1
0	0	15852	540	40.74147286	-73.98320928	174	40.7381765	-73.97738662	2
0	0	26128	441	40.756014	-73.967416	513	40.768254	-73.988639	1
0	0	64232	212	40.74334935	-74.00681753	157	40.69089272	-73.99612349	1
0	0	8900	151	40.7218158	-73.99720307	268	40.71910537	-73.99973337	2
0	0	64233	375	40.72679454	-73.99695094	270	40.69308257	-73.97178913	1
0	0	54763	317	40.72453734	-73.98185424	253	40.73543934	-73.99453948	1
0	0	16278	539	40.71534825	-73.96024116	389	40.71044554	-73.96525063	1
0	0	24252	325	40.73624527	-73.98473765	462	40.74691959	-74.00451887	1
0	0	11552	387	40.71273266	-74.0046073	310	40.68926942	-73.98912867	1
0	0	27899	533	40.75299641	-73.98721619	498	40.74854862	-73.98808416	1
0	0	10766	453	40.74475148	-73.99915362	494	40.74734825	-73.99723551	1
0	0	23382	515	40.76009437	-73.99461843	453	40.74475148	-73.99915362	1
0	0	50814	490	40.751551	-73.993934	237	40.73047309	-73.98672378	1
0	0	799	434	40.74317449	-74.00366443	284	40.7390169121	-74.0026376103	1
0	0	23852	347	40.72873888	-74.00748842	326	40.72953837	-73.98426726	1
0	0	62525	539	40.71534825	-73.96024116	383	40.735238	-74.000271	1
0	0	1609	281	40.7643971	-73.97371465	474	40.7451677	-73.98683077	1
0	0	17804	365	40.68223166	-73.9614583	365	40.68223166	-73.9614583	1
0	0	14389	445	40.72740794	-73.98142006	511	40.72938685	-73.97772429	1
0	0	23948	539	40.71534825	-73.96024116	372	40.694528	-73.958089	1
0	0	22709	483	40.73223272	-73.98889957	223	40.73781509	-73.99994661	1
0	0	23525	310	40.68926942	-73.98912867	274	40.68691865	-73.976682	1
0	0	20209	489	40.75066386	-74.00176802	512	40.7500727	-73.99839279	1
0	0	61193	512	40.7500727	-73.99839279	487	40.73314259	-73.97573881	1
0	0	35018	72	40.76727216	-73.99392888	450	40.76227205	-73.98788205	1
0	0	4230	167	40.7489006	-73.97604882	540	40.74147286	-73.98320928	1
0	0	22116	2021	40.75929124	-73.98859651	465	40.75513557	-73.98658032	1
0	0	21894	324	40.689888	-73.981013	399	40.68851534	-73.9647628	2
0	0	34756	254	40.73532427	-73.99800419	472	40.7457121	-73.98194829	1
0	0	5064	348	40.72490985	-74.00154702	152	40.71473993	-74.00910627	1
0	0	9561	380	40.73401143	-74.00293877	151	40.7218158	-73.99720307	1
0	0	17345	168	40.73971301	-73.99456405	462	40.74691959	-74.00451887	1
0	0	240	519	40.75188406	-73.97770164	518	40.74780373	-73.9734419	1
0	0	13910	382	40.73492695	-73.99200509	507	40.73912601	-73.97973776	1
0	0	12297	500	40.76228826	-73.98336183	423	40.76584941	-73.98690506	1
0	0	33145	494	40.74734825	-73.99723551	405	40.739323	-74.008119	3
0	0	61817	297	40.734232	-73.986923	499	40.76915505	-73.98191841	1
0	0	8088	404	40.7405826	-74.00550867	546	40.74444921	-73.98303529	1
0	0	21074	161	40.72917025	-73.99810231	504	40.73221853	-73.98165557	1
0	0	4850	347	40.72873888	-74.00748842	482	40.73935542	-73.99931783	1
0	0	11561	310	40.68926942	-73.98912867	258	40.68940747	-73.96885458	1
0	0	16025	229	40.72743423	-73.99379025	293	40.73028666	-73.9907647	1
0	0	19057	323	40.69236178	-73.98631746	150	40.7208736	-73.98085795	1
0	0	51909	438	40.72779126	-73.98564945	521	40.75044999	-73.99481051	1
0	0	8106	317	40.72453734	-73.98185424	433	40.72955361	-73.98057249	1
0	0	6053	519	40.75188406	-73.97770164	323	40.69236178	-73.98631746	1
0	0	63055	412	40.7158155	-73.99422366	2021	40.75929124	-73.98859651	1
0	0	3854	284	40.7390169121	-74.0026376103	368	40.73038599	-74.00214988	1
0	0	20918	271	40.68528172	-73.97805813	416	40.68753406	-73.97265183	1
0	0	11954	380	40.73401143	-74.00293877	439	40.7262807	-73.98978041	1
0	0	7945	312	40.722055	-73.989111	531	40.71893904	-73.99266288	1
0	0	34567	483	40.73223272	-73.98889957	445	40.72740794	-73.98142006	1
0	0	41327	512	40.7500727	-73.99839279	546	40.74444921	-73.98303529	1
0	0	22857	426	40.71754834	-74.01322069	382	40.73492695	-73.99200509	1
0	0	1018	536	40.74144387	-73.97536082	174	40.7381765	-73.97738662	1
0	0	75	383	40.735238	-74.000271	345	40.73649403	-73.99704374	1
0	0	4480	380	40.73401143	-74.00293877	380	40.73401143	-74.00293877	1
0	0	36885	546	40.74444921	-73.98303529	251	40.72317958	-73.99480012	1
0	0	34238	505	40.74901271	-73.98848395	160	40.748238	-73.978311	1
0	0	10898	329	40.72043411	-74.01020609	257	40.71939226	-74.00247214	1
0	0	115	355	40.71602118	-73.99974372	521	40.75044999	-73.99481051	1
0	0	49087	324	40.689888	-73.981013	409	40.6906495	-73.95643107	1
0	0	64234	347	40.72873888	-74.00748842	428	40.72467721	-73.98783413	1
0	0	10380	293	40.73028666	-73.9907647	438	40.72779126	-73.98564945	1
0	0	15869	127	40.73172428	-74.00674436	404	40.7405826	-74.00550867	1
0	0	18919	488	40.75645824	-73.99372222	515	40.76009437	-73.99461843	1
0	0	43981	522	40.75714758	-73.97207836	504	40.73221853	-73.98165557	1
0	0	1431	223	40.73781509	-73.99994661	223	40.73781509	-73.99994661	1
0	0	41843	475	40.73524276	-73.98758561	380	40.73401143	-74.00293877	1
0	0	13146	223	40.73781509	-73.99994661	375	40.72679454	-73.99695094	2
0	0	17998	323	40.69236178	-73.98631746	439	40.7262807	-73.98978041	1
0	0	19941	295	40.71406667	-73.99293911	296	40.71413089	-73.9970468	1
0	0	19361	509	40.7454973	-74.00197139	502	40.714215	-73.981346	1
0	0	33425	483	40.73223272	-73.98889957	432	40.72621788	-73.98379855	1
0	0	42173	334	40.74238787	-73.99726235	528	40.74290902	-73.97706058	1
0	0	59132	438	40.72779126	-73.98564945	493	40.7568001	-73.98291153	2
0	0	35573	2022	40.75849116	-73.95920622	507	40.73912601	-73.97973776	1
0	0	18224	294	40.73049393	-73.9957214	531	40.71893904	-73.99266288	1
0	0	27120	473	40.72110063	-73.9919254	412	40.7158155	-73.99422366	1
0	0	6735	305	40.76095756	-73.96724467	450	40.76227205	-73.98788205	1
0	0	12427	2006	40.76590936	-73.97634151	537	40.74025878	-73.98409214	1
0	0	18432	546	40.74444921	-73.98303529	512	40.7500727	-73.99839279	1
0	0	9198	293	40.73028666	-73.9907647	489	40.75066386	-74.00176802	2
0	0	14687	375	40.72679454	-73.99695094	521	40.75044999	-73.99481051	1
0	0	1702	426	40.71754834	-74.01322069	327	40.7153379	-74.01658354	3
0	0	23508	282	40.70827295	-73.96834101	282	40.70827295	-73.96834101	1
0	0	64235	503	40.73827428	-73.98751968	128	40.72710258	-74.00297088	1
0	0	44026	525	40.75594159	-74.0021163	382	40.73492695	-73.99200509	1
0	0	426	152	40.71473993	-74.00910627	509	40.7454973	-74.00197139	1
0	0	3625	294	40.73049393	-73.9957214	382	40.73492695	-73.99200509	1
0	0	9609	404	40.7405826	-74.00550867	402	40.7403432	-73.98955109	2
0	0	10147	329	40.72043411	-74.01020609	152	40.71473993	-74.00910627	1
0	0	12171	458	40.751396	-74.005226	380	40.73401143	-74.00293877	1
0	0	60121	294	40.73049393	-73.9957214	400	40.71926081	-73.98178024	1
0	0	51451	453	40.74475148	-73.99915362	433	40.72955361	-73.98057249	1
0	0	3651	458	40.751396	-74.005226	447	40.76370739	-73.9851615	1
0	0	23191	281	40.7643971	-73.97371465	477	40.75640548	-73.9900262	1
0	0	34086	490	40.751551	-73.993934	509	40.7454973	-74.00197139	1
0	0	36854	388	40.749717753	-74.002950346	402	40.7403432	-73.98955109	1
0	0	42937	157	40.69089272	-73.99612349	261	40.69474881	-73.98362464	1
0	0	11755	380	40.73401143	-74.00293877	401	40.72019576	-73.98997825	2
0	0	14668	470	40.74345335	-74.00004031	380	40.73401143	-74.00293877	1
0	0	25035	434	40.74317449	-74.00366443	238	40.7361967	-74.00859207	1
0	0	1504	456	40.7597108	-73.97402311	352	40.76340613	-73.97722479	1
0	0	34278	461	40.73587678	-73.98205027	540	40.74147286	-73.98320928	1
0	0	16490	352	40.76340613	-73.97722479	529	40.7575699	-73.99098507	1
0	0	28855	329	40.72043411	-74.01020609	368	40.73038599	-74.00214988	2
0	0	11398	2002	40.716887	-73.963198	317	40.72453734	-73.98185424	1
0	0	29687	146	40.71625008	-74.0091059	351	40.70530954	-74.00612572	1
0	0	1196	363	40.70834698	-74.01713445	360	40.70717936	-74.00887308	2
0	0	6802	466	40.74395411	-73.99144871	294	40.73049393	-73.9957214	1
0	0	381	128	40.72710258	-74.00297088	151	40.7218158	-73.99720307	1
0	0	23423	438	40.72779126	-73.98564945	254	40.73532427	-73.99800419	1
0	0	59911	446	40.74487634	-73.99529885	2022	40.75849116	-73.95920622	1
0	0	21772	509	40.7454973	-74.00197139	529	40.7575699	-73.99098507	1
0	0	28526	228	40.7546011026	-73.971878855	290	40.76020258	-73.96478473	1
0	0	26708	2022	40.75849116	-73.95920622	435	40.74173969	-73.99415556	1
0	0	24986	369	40.73224119	-74.00026394	294	40.73049393	-73.9957214	1
0	0	117	447	40.76370739	-73.9851615	499	40.76915505	-73.98191841	1
0	0	54650	420	40.68764484	-73.96968902	270	40.69308257	-73.97178913	1
0	0	2510	147	40.71542197	-74.01121978	147	40.71542197	-74.01121978	1
0	0	17144	402	40.7403432	-73.98955109	342	40.71739973	-73.98016555	1
0	0	26272	493	40.7568001	-73.98291153	518	40.74780373	-73.9734419	1
0	0	14424	368	40.73038599	-74.00214988	458	40.751396	-74.005226	1
0	0	26607	390	40.69221589	-73.9842844	261	40.69474881	-73.98362464	1
0	0	24610	254	40.73532427	-73.99800419	223	40.73781509	-73.99994661	2
0	0	24750	393	40.72299208	-73.97995466	147	40.71542197	-74.01121978	1
0	0	12593	497	40.73704984	-73.99009296	394	40.72521311	-73.97768752	1
0	0	1948	486	40.7462009	-73.98855723	497	40.73704984	-73.99009296	1
0	0	64236	391	40.69760127	-73.99344559	364	40.68900443	-73.96023854	1
0	0	25766	174	40.7381765	-73.97738662	2012	40.739445	-73.976806	1
0	0	26021	459	40.746745	-74.007756	375	40.72679454	-73.99695094	1
0	0	22577	150	40.7208736	-73.98085795	301	40.72217444	-73.98368779	1
0	0	38944	515	40.76009437	-73.99461843	346	40.73652889	-74.00618026	1
0	0	36591	357	40.73261787	-73.99158043	285	40.73454567	-73.99074142	1
0	0	48410	325	40.73624527	-73.98473765	254	40.73532427	-73.99800419	1
0	0	6031	497	40.73704984	-73.99009296	505	40.74901271	-73.98848395	1
0	0	42006	355	40.71602118	-73.99974372	410	40.72066442	-73.98517977	1
0	0	22742	410	40.72066442	-73.98517977	539	40.71534825	-73.96024116	1
0	0	10382	348	40.72490985	-74.00154702	268	40.71910537	-73.99973337	1
0	0	11538	499	40.76915505	-73.98191841	515	40.76009437	-73.99461843	1
0	0	60709	404	40.7405826	-74.00550867	528	40.74290902	-73.97706058	1
0	0	28037	489	40.75066386	-74.00176802	498	40.74854862	-73.98808416	1
0	0	22762	116	40.74177603	-74.00149746	345	40.73649403	-73.99704374	1
0	0	27835	459	40.746745	-74.007756	394	40.72521311	-73.97768752	1
0	0	1978	404	40.7405826	-74.00550867	249	40.71870987	-74.0090009	1
0	0	2491	2003	40.73416059	-73.98024289	518	40.74780373	-73.9734419	1
0	0	21737	116	40.74177603	-74.00149746	512	40.7500727	-73.99839279	1
0	0	53916	366	40.693261	-73.968896	157	40.69089272	-73.99612349	2
0	0	24040	345	40.73649403	-73.99704374	311	40.7172274	-73.98802084	1
0	0	8315	293	40.73028666	-73.9907647	404	40.7405826	-74.00550867	1
0	0	10316	161	40.72917025	-73.99810231	323	40.69236178	-73.98631746	1
0	0	31521	368	40.73038599	-74.00214988	326	40.72953837	-73.98426726	1
0	0	18245	487	40.73314259	-73.97573881	504	40.73221853	-73.98165557	1
0	0	28138	439	40.7262807	-73.98978041	294	40.73049393	-73.9957214	1
0	0	147	470	40.74345335	-74.00004031	116	40.74177603	-74.00149746	1
0	0	40385	2012	40.739445	-73.976806	2022	40.75849116	-73.95920622	1
0	0	29645	502	40.714215	-73.981346	350	40.71559509	-73.9870295	1
0	0	53552	475	40.73524276	-73.98758561	297	40.734232	-73.986923	1
0	0	47222	539	40.71534825	-73.96024116	433	40.72955361	-73.98057249	1
0	0	24119	311	40.7172274	-73.98802084	296	40.71413089	-73.9970468	2
0	0	10240	382	40.73492695	-73.99200509	380	40.73401143	-74.00293877	1
0	0	17143	463	40.74206539	-74.00443172	402	40.7403432	-73.98955109	1
0	0	37524	474	40.7451677	-73.98683077	480	40.76669671	-73.99061728	1
0	0	7536	529	40.7575699	-73.99098507	434	40.74317449	-74.00366443	1
0	0	27305	464	40.75934501	-73.96759673	334	40.74238787	-73.99726235	1
0	0	64237	485	40.75038009	-73.98338988	350	40.71559509	-73.9870295	1
0	0	17653	284	40.7390169121	-74.0026376103	280	40.73331967	-73.99510132	1
0	0	11130	307	40.71427487	-73.98990025	502	40.714215	-73.981346	1
0	0	18416	473	40.72110063	-73.9919254	307	40.71427487	-73.98990025	1
0	0	30383	305	40.76095756	-73.96724467	455	40.75001986	-73.96905301	2
0	0	7102	285	40.73454567	-73.99074142	335	40.72903917	-73.99404649	1
0	0	41448	301	40.72217444	-73.98368779	150	40.7208736	-73.98085795	1
0	0	27276	2010	40.72165481	-74.00234737	334	40.74238787	-73.99726235	1
0	0	49321	430	40.7014851	-73.98656928	401	40.72019576	-73.98997825	1
0	0	16411	521	40.75044999	-73.99481051	160	40.748238	-73.978311	1
0	0	49153	362	40.75172632	-73.98753523	457	40.76695317	-73.98169333	1
0	0	4741	453	40.74475148	-73.99915362	380	40.73401143	-74.00293877	1
0	0	1663	146	40.71625008	-74.0091059	387	40.71273266	-74.0046073	1
0	0	9847	402	40.7403432	-73.98955109	498	40.74854862	-73.98808416	1
0	0	2100	430	40.7014851	-73.98656928	2000	40.70255088	-73.98940236	1
0	0	206	300	40.728145	-73.990214	254	40.73532427	-73.99800419	1
0	0	24623	495	40.76269882	-73.99301222	480	40.76669671	-73.99061728	1
0	0	14692	461	40.73587678	-73.98205027	168	40.73971301	-73.99456405	1
0	0	38087	2022	40.75849116	-73.95920622	516	40.75206862	-73.96784384	1
0	0	29001	382	40.73492695	-73.99200509	499	40.76915505	-73.98191841	1
0	0	64238	3002	40.711512	-74.015756	317	40.72453734	-73.98185424	1
0	0	64239	285	40.73454567	-73.99074142	481	40.71260486	-73.96264403	1
0	0	16499	382	40.73492695	-73.99200509	150	40.7208736	-73.98085795	1
0	0	32533	347	40.72873888	-74.00748842	432	40.72621788	-73.98379855	1
0	0	1583	504	40.73221853	-73.98165557	72	40.76727216	-73.99392888	1
0	0	64240	375	40.72679454	-73.99695094	441	40.756014	-73.967416	1
0	0	31887	347	40.72873888	-74.00748842	483	40.73223272	-73.98889957	1
0	0	12136	504	40.73221853	-73.98165557	487	40.73314259	-73.97573881	1
0	0	9101	478	40.76030096	-73.99884222	478	40.76030096	-73.99884222	1
0	0	52818	438	40.72779126	-73.98564945	522	40.75714758	-73.97207836	1
0	0	11129	375	40.72679454	-73.99695094	301	40.72217444	-73.98368779	1
0	0	29788	294	40.73049393	-73.9957214	348	40.72490985	-74.00154702	1
0	0	22564	426	40.71754834	-74.01322069	463	40.74206539	-74.00443172	1
0	0	5948	442	40.746647	-73.993915	493	40.7568001	-73.98291153	1
0	0	42839	356	40.71622644	-73.98261206	297	40.734232	-73.986923	1
0	0	14631	387	40.71273266	-74.0046073	426	40.71754834	-74.01322069	1
0	0	10842	497	40.73704984	-73.99009296	462	40.74691959	-74.00451887	1
0	0	14674	290	40.76020258	-73.96478473	492	40.75019995	-73.99093085	1
0	0	3582	465	40.75513557	-73.98658032	472	40.7457121	-73.98194829	1
0	0	29047	440	40.75255434	-73.97282625	305	40.76095756	-73.96724467	1
0	0	18218	128	40.72710258	-74.00297088	249	40.71870987	-74.0090009	1
0	0	8460	430	40.7014851	-73.98656928	399	40.68851534	-73.9647628	1
0	0	14585	345	40.73649403	-73.99704374	445	40.72740794	-73.98142006	1
0	0	25774	458	40.751396	-74.005226	360	40.70717936	-74.00887308	1
0	0	5202	284	40.7390169121	-74.0026376103	405	40.739323	-74.008119	1
0	0	20122	509	40.7454973	-74.00197139	402	40.7403432	-73.98955109	1
0	0	4116	438	40.72779126	-73.98564945	385	40.75797322	-73.96603308	1
0	0	30717	394	40.72521311	-73.97768752	410	40.72066442	-73.98517977	1
0	0	12091	382	40.73492695	-73.99200509	439	40.7262807	-73.98978041	1
0	0	507	478	40.76030096	-73.99884222	529	40.7575699	-73.99098507	1
0	0	39665	417	40.71291224	-74.01020234	422	40.770513	-73.988038	1
0	0	5993	524	40.75527307	-73.98316936	164	40.75323098	-73.97032517	1
0	0	46618	507	40.73912601	-73.97973776	516	40.75206862	-73.96784384	1
0	0	13881	461	40.73587678	-73.98205027	336	40.73047747	-73.99906065	1
0	0	13392	468	40.7652654	-73.98192338	401	40.72019576	-73.98997825	1
0	0	41994	137	40.761628	-73.972924	167	40.7489006	-73.97604882	1
0	0	31728	525	40.75594159	-74.0021163	488	40.75645824	-73.99372222	1
0	0	43974	2021	40.75929124	-73.98859651	268	40.71910537	-73.99973337	1
0	0	62312	307	40.71427487	-73.98990025	297	40.734232	-73.986923	1
0	0	64241	533	40.75299641	-73.98721619	257	40.71939226	-74.00247214	1
0	0	26798	362	40.75172632	-73.98753523	257	40.71939226	-74.00247214	1
0	0	15080	150	40.7208736	-73.98085795	326	40.72953837	-73.98426726	1
0	0	6157	380	40.73401143	-74.00293877	523	40.75466591	-73.99138152	1
0	0	38738	267	40.75097711	-73.98765428	257	40.71939226	-74.00247214	1
0	0	61182	455	40.75001986	-73.96905301	433	40.72955361	-73.98057249	2
0	0	43443	304	40.70463334	-74.01361706	320	40.71743998	-74.00583475	2
0	0	31734	290	40.76020258	-73.96478473	509	40.7454973	-74.00197139	1
0	0	32084	362	40.75172632	-73.98753523	458	40.751396	-74.005226	1
0	0	38621	326	40.72953837	-73.98426726	268	40.71910537	-73.99973337	1
0	0	30967	493	40.7568001	-73.98291153	164	40.75323098	-73.97032517	1
0	0	23765	157	40.69089272	-73.99612349	324	40.689888	-73.981013	1
0	0	35408	435	40.74173969	-73.99415556	468	40.7652654	-73.98192338	1
0	0	20823	493	40.7568001	-73.98291153	510	40.7606597	-73.98042047	1
0	0	11854	294	40.73049393	-73.9957214	2012	40.739445	-73.976806	2
0	0	7782	373	40.69331716	-73.95381995	2002	40.716887	-73.963198	1
0	0	1440	157	40.69089272	-73.99612349	391	40.69760127	-73.99344559	1
0	0	9655	2010	40.72165481	-74.00234737	285	40.73454567	-73.99074142	1
0	0	57114	432	40.72621788	-73.98379855	529	40.7575699	-73.99098507	1
