0	22	7223	402	40.7403432	-73.98955109	334	40.74238787	-73.99726235	1
0	22	22585	127	40.73172428	-74.00674436	499	40.76915505	-73.98191841	1
0	22	46604	258	40.68940747	-73.96885458	436	40.68216564	-73.95399026	1
0	22	72265	499	40.76915505	-73.98191841	373	40.69331716	-73.95381995	1
0	22	52864	406	40.69512845	-73.99595065	488	40.75645824	-73.99372222	1
0	22	5181	380	40.73401143	-74.00293877	533	40.75299641	-73.98721619	2
0	22	56855	285	40.73454567	-73.99074142	344	40.6851443	-73.95380904	1
0	22	23499	475	40.73524276	-73.98758561	532	40.710451	-73.960876	1
0	22	22250	437	40.6809833854	-73.9500479759	437	40.6809833854	-73.9500479759	1
0	22	44472	352	40.76340613	-73.97722479	236	40.7284186	-73.98713956	1
0	22	36605	83	40.68382604	-73.97632328	285	40.73454567	-73.99074142	1
0	22	2740	147	40.71542197	-74.01121978	228	40.7546011026	-73.971878855	1
0	22	3849	519	40.75188406	-73.97770164	459	40.746745	-74.007756	1
0	22	22706	422	40.770513	-73.988038	306	40.70823502	-74.00530063	1
0	22	33454	2000	40.70255088	-73.98940236	532	40.710451	-73.960876	1
0	22	28051	509	40.7454973	-74.00197139	445	40.72740794	-73.98142006	1
0	22	27709	362	40.75172632	-73.98753523	507	40.73912601	-73.97973776	1
0	22	66417	505	40.74901271	-73.98848395	360	40.70717936	-74.00887308	1
0	22	9374	428	40.72467721	-73.98783413	387	40.71273266	-74.0046073	1
0	22	20625	501	40.744219	-73.97121214	528	40.74290902	-73.97706058	1
0	22	70464	546	40.74444921	-73.98303529	296	40.71413089	-73.9970468	1
0	22	53911	195	40.70905623	-74.01043382	116	40.74177603	-74.00149746	1
0	22	19142	448	40.75660359	-73.9979009	293	40.73028666	-73.9907647	1
0	22	72271	462	40.74691959	-74.00451887	278	40.69766564	-73.98476437	1
0	22	20250	229	40.72743423	-73.99379025	504	40.73221853	-73.98165557	2
0	22	15492	359	40.75510267	-73.97498696	514	40.76087502	-74.00277668	1
0	22	20350	480	40.76669671	-73.99061728	3002	40.711512	-74.015756	1
0	22	50947	347	40.72873888	-74.00748842	454	40.75455731	-73.96592976	1
0	22	35598	347	40.72873888	-74.00748842	164	40.75323098	-73.97032517	1
0	22	22761	394	40.72521311	-73.97768752	290	40.76020258	-73.96478473	1
0	22	39978	448	40.75660359	-73.9979009	238	40.7361967	-74.00859207	1
0	22	39156	336	40.73047747	-73.99906065	83	40.68382604	-73.97632328	1
0	22	11332	2021	40.75929124	-73.98859651	536	40.74144387	-73.97536082	1
0	22	72272	480	40.76669671	-73.99061728	502	40.714215	-73.981346	1
0	22	47606	345	40.73649403	-73.99704374	536	40.74144387	-73.97536082	1
0	22	19698	345	40.73649403	-73.99704374	523	40.75466591	-73.99138152	1
0	22	65103	442	40.746647	-73.993915	341	40.71782143	-73.97628939	1
0	22	8330	361	40.71605866	-73.99190759	229	40.72743423	-73.99379025	1
0	22	67894	151	40.7218158	-73.99720307	314	40.69424674	-73.99215922	1
0	22	33048	251	40.72317958	-73.99480012	266	40.72368361	-73.97574813	1
0	22	72273	257	40.71939226	-74.00247214	443	40.70853074	-73.96408963	1
0	22	4475	470	40.74345335	-74.00004031	447	40.76370739	-73.9851615	1
0	22	23676	521	40.75044999	-73.99481051	284	40.7390169121	-74.0026376103	1
0	22	2515	297	40.734232	-73.986923	174	40.7381765	-73.97738662	1
0	22	21848	450	40.76227205	-73.98788205	462	40.74691959	-74.00451887	1
0	22	31617	2021	40.75929124	-73.98859651	388	40.749717753	-74.002950346	1
0	22	72274	2012	40.739445	-73.976806	329	40.72043411	-74.01020609	1
0	22	49828	380	40.73401143	-74.00293877	2008	40.70569254	-74.01677685	1
0	22	13236	422	40.770513	-73.988038	318	40.75320159	-73.9779874	1
0	22	17810	518	40.74780373	-73.9734419	403	40.72502876	-73.99069656	1
0	22	33927	462	40.74691959	-74.00451887	229	40.72743423	-73.99379025	1
0	22	44890	483	40.73223272	-73.98889957	512	40.7500727	-73.99839279	1
0	22	22977	302	40.72082834	-73.97793172	325	40.73624527	-73.98473765	1
0	22	18851	403	40.72502876	-73.99069656	440	40.75255434	-73.97282625	1
0	22	7804	345	40.73649403	-73.99704374	521	40.75044999	-73.99481051	1
0	22	17617	480	40.76669671	-73.99061728	347	40.72873888	-74.00748842	1
0	22	27382	212	40.74334935	-74.00681753	127	40.73172428	-74.00674436	1
0	22	32660	290	40.76020258	-73.96478473	536	40.74144387	-73.97536082	1
0	22	59087	470	40.74345335	-74.00004031	251	40.72317958	-73.99480012	1
0	22	34478	137	40.761628	-73.972924	385	40.75797322	-73.96603308	1
0	22	44486	375	40.72679454	-73.99695094	341	40.71782143	-73.97628939	1
0	22	13499	521	40.75044999	-73.99481051	368	40.73038599	-74.00214988	1
0	22	44802	410	40.72066442	-73.98517977	347	40.72873888	-74.00748842	1
0	22	33292	540	40.74147286	-73.98320928	415	40.7047177	-74.00926027	1
0	22	15529	441	40.756014	-73.967416	445	40.72740794	-73.98142006	2
0	22	40049	315	40.70355377	-74.00670227	412	40.7158155	-73.99422366	1
0	22	18327	271	40.68528172	-73.97805813	270	40.69308257	-73.97178913	1
0	22	28496	151	40.7218158	-73.99720307	238	40.7361967	-74.00859207	2
0	22	37769	494	40.74734825	-73.99723551	480	40.76669671	-73.99061728	1
0	22	39719	2021	40.75929124	-73.98859651	504	40.73221853	-73.98165557	1
0	22	72275	375	40.72679454	-73.99695094	495	40.76269882	-73.99301222	1
0	22	15022	428	40.72467721	-73.98783413	490	40.751551	-73.993934	1
0	22	49022	248	40.72185379	-74.00771779	238	40.7361967	-74.00859207	1
0	22	13291	383	40.735238	-74.000271	444	40.7423543	-73.98915076	1
0	22	9402	248	40.72185379	-74.00771779	346	40.73652889	-74.00618026	1
0	22	17926	426	40.71754834	-74.01322069	116	40.74177603	-74.00149746	1
0	22	23373	271	40.68528172	-73.97805813	354	40.69363137	-73.96223558	1
0	22	19507	529	40.7575699	-73.99098507	512	40.7500727	-73.99839279	1
0	22	23264	498	40.74854862	-73.98808416	523	40.75466591	-73.99138152	1
0	22	16981	2002	40.716887	-73.963198	241	40.68981035	-73.97493121	1
0	22	1440	157	40.69089272	-73.99612349	391	40.69760127	-73.99344559	3
0	22	36345	546	40.74444921	-73.98303529	243	40.687979	-73.978474	1
0	22	8215	285	40.73454567	-73.99074142	263	40.71729	-73.996375	1
0	22	8628	448	40.75660359	-73.9979009	498	40.74854862	-73.98808416	1
0	22	44704	237	40.73047309	-73.98672378	532	40.710451	-73.960876	1
0	22	43635	483	40.73223272	-73.98889957	528	40.74290902	-73.97706058	1
0	22	42235	270	40.69308257	-73.97178913	241	40.68981035	-73.97493121	2
0	22	7663	345	40.73649403	-73.99704374	494	40.74734825	-73.99723551	1
0	22	2190	519	40.75188406	-73.97770164	509	40.7454973	-74.00197139	1
0	22	11860	247	40.73535398	-74.00483091	380	40.73401143	-74.00293877	1
0	22	4863	459	40.746745	-74.007756	458	40.751396	-74.005226	1
0	22	18768	357	40.73261787	-73.99158043	380	40.73401143	-74.00293877	2
0	22	71588	359	40.75510267	-73.97498696	536	40.74144387	-73.97536082	1
0	22	14012	502	40.714215	-73.981346	237	40.73047309	-73.98672378	1
0	22	58728	463	40.74206539	-74.00443172	454	40.75455731	-73.96592976	1
0	22	20640	251	40.72317958	-73.99480012	310	40.68926942	-73.98912867	1
0	22	19591	161	40.72917025	-73.99810231	475	40.73524276	-73.98758561	1
0	22	46266	236	40.7284186	-73.98713956	266	40.72368361	-73.97574813	1
0	22	4573	442	40.746647	-73.993915	293	40.73028666	-73.9907647	1
0	22	22751	300	40.728145	-73.990214	301	40.72217444	-73.98368779	1
0	22	49049	482	40.73935542	-73.99931783	498	40.74854862	-73.98808416	1
0	22	46590	414	40.70281858	-73.98765762	361	40.71605866	-73.99190759	1
0	22	64017	216	40.70037867	-73.99548059	417	40.71291224	-74.01020234	2
0	22	24618	238	40.7361967	-74.00859207	329	40.72043411	-74.01020609	1
0	22	7881	352	40.76340613	-73.97722479	499	40.76915505	-73.98191841	1
0	22	68746	479	40.76019252	-73.9912551	504	40.73221853	-73.98165557	1
0	22	47132	509	40.7454973	-74.00197139	360	40.70717936	-74.00887308	1
0	22	30071	223	40.73781509	-73.99994661	300	40.728145	-73.990214	1
0	22	61647	401	40.72019576	-73.98997825	400	40.71926081	-73.98178024	1
0	22	60757	528	40.74290902	-73.97706058	72	40.76727216	-73.99392888	1
0	22	8234	253	40.73543934	-73.99453948	229	40.72743423	-73.99379025	1
0	22	20253	453	40.74475148	-73.99915362	477	40.75640548	-73.9900262	1
0	22	11269	387	40.71273266	-74.0046073	337	40.7037992	-74.00838676	1
0	22	23347	271	40.68528172	-73.97805813	397	40.68415748	-73.96922273	1
0	22	49920	268	40.71910537	-73.99973337	342	40.71739973	-73.98016555	1
0	22	20759	325	40.73624527	-73.98473765	410	40.72066442	-73.98517977	1
0	22	2933	459	40.746745	-74.007756	285	40.73454567	-73.99074142	1
0	22	431	477	40.75640548	-73.9900262	495	40.76269882	-73.99301222	1
0	22	37146	2021	40.75929124	-73.98859651	160	40.748238	-73.978311	1
0	22	10180	432	40.72621788	-73.98379855	531	40.71893904	-73.99266288	1
0	22	23537	297	40.734232	-73.986923	536	40.74144387	-73.97536082	1
0	22	25884	472	40.7457121	-73.98194829	499	40.76915505	-73.98191841	1
0	22	33349	521	40.75044999	-73.99481051	300	40.728145	-73.990214	1
0	22	3260	546	40.74444921	-73.98303529	519	40.75188406	-73.97770164	1
0	22	23394	528	40.74290902	-73.97706058	445	40.72740794	-73.98142006	1
0	22	5981	285	40.73454567	-73.99074142	294	40.73049393	-73.9957214	1
0	22	953	472	40.7457121	-73.98194829	536	40.74144387	-73.97536082	2
0	22	8437	472	40.7457121	-73.98194829	528	40.74290902	-73.97706058	3
0	22	7740	285	40.73454567	-73.99074142	151	40.7218158	-73.99720307	1
0	22	7272	285	40.73454567	-73.99074142	284	40.7390169121	-74.0026376103	1
0	22	1829	278	40.69766564	-73.98476437	430	40.7014851	-73.98656928	2
0	22	64425	509	40.7454973	-74.00197139	304	40.70463334	-74.01361706	1
0	22	12987	151	40.7218158	-73.99720307	151	40.7218158	-73.99720307	1
0	22	32785	161	40.72917025	-73.99810231	264	40.70706456	-74.00731853	1
0	22	7960	294	40.73049393	-73.9957214	483	40.73223272	-73.98889957	2
0	22	20859	368	40.73038599	-74.00214988	505	40.74901271	-73.98848395	1
0	22	34708	519	40.75188406	-73.97770164	521	40.75044999	-73.99481051	1
0	22	48553	481	40.71260486	-73.96264403	157	40.69089272	-73.99612349	1
0	22	14712	537	40.74025878	-73.98409214	477	40.75640548	-73.9900262	1
0	22	6661	518	40.74780373	-73.9734419	507	40.73912601	-73.97973776	2
0	22	23375	518	40.74780373	-73.9734419	2000	40.70255088	-73.98940236	1
0	22	947	521	40.75044999	-73.99481051	116	40.74177603	-74.00149746	1
0	22	53939	458	40.751396	-74.005226	238	40.7361967	-74.00859207	1
0	22	35504	472	40.7457121	-73.98194829	174	40.7381765	-73.97738662	1
0	22	329	453	40.74475148	-73.99915362	450	40.76227205	-73.98788205	1
0	22	18465	361	40.71605866	-73.99190759	410	40.72066442	-73.98517977	1
0	22	7319	446	40.74487634	-73.99529885	521	40.75044999	-73.99481051	2
0	22	22253	405	40.739323	-74.008119	497	40.73704984	-73.99009296	1
0	22	18078	423	40.76584941	-73.98690506	512	40.7500727	-73.99839279	1
0	22	13493	465	40.75513557	-73.98658032	523	40.75466591	-73.99138152	1
0	22	31019	404	40.7405826	-74.00550867	251	40.72317958	-73.99480012	1
0	22	12766	293	40.73028666	-73.9907647	317	40.72453734	-73.98185424	1
0	22	13758	326	40.72953837	-73.98426726	326	40.72953837	-73.98426726	1
0	22	39073	446	40.74487634	-73.99529885	483	40.73223272	-73.98889957	1
0	22	1542	444	40.7423543	-73.98915076	545	40.736502	-73.97809472	1
0	22	51734	430	40.7014851	-73.98656928	354	40.69363137	-73.96223558	1
0	22	33785	275	40.68650065	-73.96563307	244	40.69196035	-73.96536851	1
0	22	28195	285	40.73454567	-73.99074142	477	40.75640548	-73.9900262	1
0	22	6765	347	40.72873888	-74.00748842	284	40.7390169121	-74.0026376103	2
0	22	2654	164	40.75323098	-73.97032517	2021	40.75929124	-73.98859651	1
0	22	28198	519	40.75188406	-73.97770164	237	40.73047309	-73.98672378	1
0	22	11613	445	40.72740794	-73.98142006	445	40.72740794	-73.98142006	1
0	22	3293	499	40.76915505	-73.98191841	488	40.75645824	-73.99372222	2
0	22	72276	330	40.71450451	-74.00562789	270	40.69308257	-73.97178913	1
0	22	1787	404	40.7405826	-74.00550867	521	40.75044999	-73.99481051	1
0	22	28750	444	40.7423543	-73.98915076	540	40.74147286	-73.98320928	1
0	22	8233	382	40.73492695	-73.99200509	352	40.76340613	-73.97722479	1
0	22	17468	447	40.76370739	-73.9851615	515	40.76009437	-73.99461843	1
0	22	26511	268	40.71910537	-73.99973337	276	40.71748752	-74.0104554	1
0	22	65861	265	40.72229346	-73.99147535	270	40.69308257	-73.97178913	1
0	22	13181	345	40.73649403	-73.99704374	456	40.7597108	-73.97402311	1
0	22	17854	237	40.73047309	-73.98672378	3002	40.711512	-74.015756	1
0	22	3032	157	40.69089272	-73.99612349	395	40.68807003	-73.98410637	2
0	22	17663	2021	40.75929124	-73.98859651	480	40.76669671	-73.99061728	1
0	22	9924	285	40.73454567	-73.99074142	336	40.73047747	-73.99906065	1
0	22	30715	151	40.7218158	-73.99720307	428	40.72467721	-73.98783413	1
0	22	20729	434	40.74317449	-74.00366443	546	40.74444921	-73.98303529	1
0	22	43726	274	40.68691865	-73.976682	364	40.68900443	-73.96023854	1
0	22	54649	323	40.69236178	-73.98631746	313	40.69610226	-73.96751037	1
0	22	18791	523	40.75466591	-73.99138152	504	40.73221853	-73.98165557	1
0	22	2975	537	40.74025878	-73.98409214	537	40.74025878	-73.98409214	1
0	22	17549	499	40.76915505	-73.98191841	290	40.76020258	-73.96478473	1
0	22	11545	403	40.72502876	-73.99069656	368	40.73038599	-74.00214988	1
0	22	42937	157	40.69089272	-73.99612349	261	40.69474881	-73.98362464	1
0	22	15441	446	40.74487634	-73.99529885	380	40.73401143	-74.00293877	1
0	22	11085	293	40.73028666	-73.9907647	301	40.72217444	-73.98368779	1
0	22	4779	285	40.73454567	-73.99074142	499	40.76915505	-73.98191841	1
0	22	27503	352	40.76340613	-73.97722479	482	40.73935542	-73.99931783	1
0	22	47069	151	40.7218158	-73.99720307	291	40.713126	-73.984844	1
0	22	2787	387	40.71273266	-74.0046073	293	40.73028666	-73.9907647	1
0	22	10926	285	40.73454567	-73.99074142	504	40.73221853	-73.98165557	1
0	22	23805	316	40.70955958	-74.00653609	146	40.71625008	-74.0091059	1
0	22	183	294	40.73049393	-73.9957214	345	40.73649403	-73.99704374	1
0	22	7824	293	40.73028666	-73.9907647	463	40.74206539	-74.00443172	1
0	22	588	128	40.72710258	-74.00297088	254	40.73532427	-73.99800419	1
0	22	52022	386	40.71494807	-74.00234482	295	40.71406667	-73.99293911	1
0	22	72277	237	40.73047309	-73.98672378	406	40.69512845	-73.99595065	1
0	22	23494	423	40.76584941	-73.98690506	422	40.770513	-73.988038	2
0	22	1596	513	40.768254	-73.988639	352	40.76340613	-73.97722479	1
0	22	21108	415	40.7047177	-74.00926027	355	40.71602118	-73.99974372	1
0	22	3499	364	40.68900443	-73.96023854	271	40.68528172	-73.97805813	1
0	22	51052	483	40.73223272	-73.98889957	526	40.74765947	-73.98490707	1
0	22	52687	440	40.75255434	-73.97282625	326	40.72953837	-73.98426726	1
0	22	6942	521	40.75044999	-73.99481051	173	40.76064679	-73.98442659	1
0	22	32029	394	40.72521311	-73.97768752	345	40.73649403	-73.99704374	1
0	22	747	477	40.75640548	-73.9900262	497	40.73704984	-73.99009296	1
0	22	28256	284	40.7390169121	-74.0026376103	2021	40.75929124	-73.98859651	1
0	22	28998	416	40.68753406	-73.97265183	262	40.69178232	-73.97372989	1
0	22	26347	485	40.75038009	-73.98338988	519	40.75188406	-73.97770164	1
0	22	2547	318	40.75320159	-73.9779874	490	40.751551	-73.993934	1
0	22	50079	143	40.69239502	-73.99337909	416	40.68753406	-73.97265183	1
0	22	36775	236	40.7284186	-73.98713956	361	40.71605866	-73.99190759	1
0	22	35000	161	40.72917025	-73.99810231	536	40.74144387	-73.97536082	1
0	22	20009	361	40.71605866	-73.99190759	307	40.71427487	-73.98990025	1
0	22	21264	312	40.722055	-73.989111	326	40.72953837	-73.98426726	1
0	22	19057	323	40.69236178	-73.98631746	150	40.7208736	-73.98085795	1
0	22	62420	540	40.74147286	-73.98320928	302	40.72082834	-73.97793172	1
0	22	18420	375	40.72679454	-73.99695094	483	40.73223272	-73.98889957	1
0	22	4337	536	40.74144387	-73.97536082	504	40.73221853	-73.98165557	2
0	22	1333	387	40.71273266	-74.0046073	329	40.72043411	-74.01020609	1
0	22	4590	519	40.75188406	-73.97770164	540	40.74147286	-73.98320928	1
0	22	31357	312	40.722055	-73.989111	368	40.73038599	-74.00214988	1
0	22	44976	361	40.71605866	-73.99190759	377	40.72243797	-74.00566443	1
0	22	7770	296	40.71413089	-73.9970468	312	40.722055	-73.989111	1
0	22	46908	307	40.71427487	-73.98990025	504	40.73221853	-73.98165557	1
0	22	11172	497	40.73704984	-73.99009296	511	40.72938685	-73.97772429	1
0	22	8694	195	40.70905623	-74.01043382	306	40.70823502	-74.00530063	1
0	22	9181	281	40.7643971	-73.97371465	499	40.76915505	-73.98191841	1
0	22	62928	301	40.72217444	-73.98368779	529	40.7575699	-73.99098507	1
0	22	30074	453	40.74475148	-73.99915362	479	40.76019252	-73.9912551	1
0	22	5595	463	40.74206539	-74.00443172	442	40.746647	-73.993915	1
0	22	21134	160	40.748238	-73.978311	422	40.770513	-73.988038	1
0	22	15861	329	40.72043411	-74.01020609	328	40.72405549	-74.00965965	1
0	22	54606	147	40.71542197	-74.01121978	534	40.70255065	-74.0127234	1
0	22	47839	531	40.71893904	-73.99266288	302	40.72082834	-73.97793172	1
0	22	40920	229	40.72743423	-73.99379025	545	40.736502	-73.97809472	1
0	22	10014	423	40.76584941	-73.98690506	515	40.76009437	-73.99461843	1
0	22	56783	488	40.75645824	-73.99372222	161	40.72917025	-73.99810231	1
0	22	32020	482	40.73935542	-73.99931783	236	40.7284186	-73.98713956	1
0	22	21041	512	40.7500727	-73.99839279	382	40.73492695	-73.99200509	1
0	22	11119	2021	40.75929124	-73.98859651	490	40.751551	-73.993934	1
0	22	837	492	40.75019995	-73.99093085	318	40.75320159	-73.9779874	1
0	22	276	529	40.7575699	-73.99098507	529	40.7575699	-73.99098507	1
0	22	31344	355	40.71602118	-73.99974372	439	40.7262807	-73.98978041	1
0	22	33934	300	40.728145	-73.990214	251	40.72317958	-73.99480012	1
0	22	23165	540	40.74147286	-73.98320928	531	40.71893904	-73.99266288	1
0	22	28817	252	40.73226398	-73.99852205	268	40.71910537	-73.99973337	1
0	22	21119	528	40.74290902	-73.97706058	325	40.73624527	-73.98473765	1
0	22	61827	341	40.71782143	-73.97628939	336	40.73047747	-73.99906065	1
0	22	19248	285	40.73454567	-73.99074142	483	40.73223272	-73.98889957	1
0	22	22259	161	40.72917025	-73.99810231	459	40.746745	-74.007756	1
0	22	13801	297	40.734232	-73.986923	380	40.73401143	-74.00293877	1
0	22	22541	161	40.72917025	-73.99810231	195	40.70905623	-74.01043382	1
0	22	7865	463	40.74206539	-74.00443172	462	40.74691959	-74.00451887	1
0	22	14237	237	40.73047309	-73.98672378	433	40.72955361	-73.98057249	1
0	22	32407	444	40.7423543	-73.98915076	428	40.72467721	-73.98783413	1
0	22	14028	422	40.770513	-73.988038	326	40.72953837	-73.98426726	1
0	22	22425	285	40.73454567	-73.99074142	472	40.7457121	-73.98194829	1
0	22	12314	251	40.72317958	-73.99480012	401	40.72019576	-73.98997825	1
0	22	8332	293	40.73028666	-73.9907647	238	40.7361967	-74.00859207	1
0	22	9789	438	40.72779126	-73.98564945	540	40.74147286	-73.98320928	1
0	22	37487	280	40.73331967	-73.99510132	319	40.71336124	-74.00937622	1
0	22	3670	440	40.75255434	-73.97282625	528	40.74290902	-73.97706058	1
0	22	3394	382	40.73492695	-73.99200509	128	40.72710258	-74.00297088	1
0	22	40911	475	40.73524276	-73.98758561	252	40.73226398	-73.99852205	1
0	22	24898	358	40.73291553	-74.00711384	329	40.72043411	-74.01020609	1
0	22	4644	529	40.7575699	-73.99098507	423	40.76584941	-73.98690506	1
0	22	33416	528	40.74290902	-73.97706058	537	40.74025878	-73.98409214	1
0	22	550	467	40.68312489	-73.97895137	233	40.69246277	-73.98963911	2
0	22	23252	477	40.75640548	-73.9900262	514	40.76087502	-74.00277668	1
0	22	2387	454	40.75455731	-73.96592976	510	40.7606597	-73.98042047	1
0	22	210	358	40.73291553	-74.00711384	284	40.7390169121	-74.0026376103	1
0	22	4229	173	40.76064679	-73.98442659	492	40.75019995	-73.99093085	1
0	22	34573	410	40.72066442	-73.98517977	534	40.70255065	-74.0127234	1
0	22	20841	428	40.72467721	-73.98783413	438	40.72779126	-73.98564945	1
0	22	18254	450	40.76227205	-73.98788205	479	40.76019252	-73.9912551	1
0	22	2293	428	40.72467721	-73.98783413	385	40.75797322	-73.96603308	1
0	22	43295	533	40.75299641	-73.98721619	448	40.75660359	-73.9979009	1
0	22	503	477	40.75640548	-73.9900262	519	40.75188406	-73.97770164	1
0	22	21809	479	40.76019252	-73.9912551	284	40.7390169121	-74.0026376103	1
0	22	2232	470	40.74345335	-74.00004031	347	40.72873888	-74.00748842	1
0	22	35031	479	40.76019252	-73.9912551	540	40.74147286	-73.98320928	1
0	22	29713	410	40.72066442	-73.98517977	307	40.71427487	-73.98990025	1
0	22	44260	439	40.7262807	-73.98978041	82	40.71117416	-74.00016545	1
0	22	54102	341	40.71782143	-73.97628939	237	40.73047309	-73.98672378	1
0	22	9831	430	40.7014851	-73.98656928	313	40.69610226	-73.96751037	1
0	22	60277	494	40.74734825	-73.99723551	228	40.7546011026	-73.971878855	1
0	22	59315	478	40.76030096	-73.99884222	501	40.744219	-73.97121214	1
0	22	38767	251	40.72317958	-73.99480012	342	40.71739973	-73.98016555	1
0	22	16997	533	40.75299641	-73.98721619	478	40.76030096	-73.99884222	1
0	22	42630	349	40.71850211	-73.98329859	403	40.72502876	-73.99069656	1
0	22	23429	406	40.69512845	-73.99595065	244	40.69196035	-73.96536851	1
0	22	13205	251	40.72317958	-73.99480012	410	40.72066442	-73.98517977	1
0	22	13653	434	40.74317449	-74.00366443	446	40.74487634	-73.99529885	1
0	22	29701	243	40.687979	-73.978474	465	40.75513557	-73.98658032	1
0	22	64676	394	40.72521311	-73.97768752	334	40.74238787	-73.99726235	1
0	22	34443	301	40.72217444	-73.98368779	528	40.74290902	-73.97706058	1
0	22	36193	345	40.73649403	-73.99704374	472	40.7457121	-73.98194829	1
0	22	14208	3002	40.711512	-74.015756	3002	40.711512	-74.015756	1
0	22	33911	470	40.74345335	-74.00004031	508	40.76341379	-73.99667444	1
0	22	8756	147	40.71542197	-74.01121978	329	40.72043411	-74.01020609	1
0	22	7821	515	40.76009437	-73.99461843	153	40.752062307	-73.9816324043	1
0	22	21383	528	40.74290902	-73.97706058	368	40.73038599	-74.00214988	1
0	22	23613	296	40.71413089	-73.9970468	340	40.71269042	-73.98776323	1
0	22	13104	143	40.69239502	-73.99337909	391	40.69760127	-73.99344559	2
0	22	59448	243	40.687979	-73.978474	262	40.69178232	-73.97372989	1
0	22	25623	458	40.751396	-74.005226	518	40.74780373	-73.9734419	1
0	22	14872	465	40.75513557	-73.98658032	477	40.75640548	-73.9900262	1
0	22	23609	2002	40.716887	-73.963198	436	40.68216564	-73.95399026	1
0	22	27732	439	40.7262807	-73.98978041	359	40.75510267	-73.97498696	1
0	22	40308	315	40.70355377	-74.00670227	504	40.73221853	-73.98165557	1
0	22	60067	498	40.74854862	-73.98808416	253	40.73543934	-73.99453948	1
0	22	32903	361	40.71605866	-73.99190759	380	40.73401143	-74.00293877	1
0	22	28092	280	40.73331967	-73.99510132	128	40.72710258	-74.00297088	1
0	22	22107	375	40.72679454	-73.99695094	393	40.72299208	-73.97995466	1
0	22	16210	280	40.73331967	-73.99510132	328	40.72405549	-74.00965965	1
0	22	1739	259	40.70122128	-74.01234218	306	40.70823502	-74.00530063	1
0	22	23955	369	40.73224119	-74.00026394	438	40.72779126	-73.98564945	1
0	22	17247	375	40.72679454	-73.99695094	336	40.73047747	-73.99906065	1
0	22	22999	462	40.74691959	-74.00451887	405	40.739323	-74.008119	1
0	22	33836	513	40.768254	-73.988639	507	40.73912601	-73.97973776	1
0	22	20642	513	40.768254	-73.988639	497	40.73704984	-73.99009296	1
0	22	29159	311	40.7172274	-73.98802084	332	40.71219906	-73.97948148	1
0	22	12446	161	40.72917025	-73.99810231	251	40.72317958	-73.99480012	1
0	22	4273	528	40.74290902	-73.97706058	459	40.746745	-74.007756	1
0	22	39540	358	40.73291553	-74.00711384	494	40.74734825	-73.99723551	1
0	22	72278	355	40.71602118	-73.99974372	298	40.68683208	-73.9796772	1
0	22	2225	284	40.7390169121	-74.0026376103	521	40.75044999	-73.99481051	1
0	22	6628	505	40.74901271	-73.98848395	457	40.76695317	-73.98169333	1
0	22	8825	434	40.74317449	-74.00366443	223	40.73781509	-73.99994661	1
0	22	1347	157	40.69089272	-73.99612349	314	40.69424674	-73.99215922	2
0	22	13501	285	40.73454567	-73.99074142	380	40.73401143	-74.00293877	1
0	22	60461	528	40.74290902	-73.97706058	308	40.71307916	-73.99851193	1
0	22	23199	271	40.68528172	-73.97805813	420	40.68764484	-73.96968902	1
0	22	5538	375	40.72679454	-73.99695094	347	40.72873888	-74.00748842	1
0	22	34294	462	40.74691959	-74.00451887	495	40.76269882	-73.99301222	1
0	22	8283	2012	40.739445	-73.976806	441	40.756014	-73.967416	1
0	22	13344	284	40.7390169121	-74.0026376103	326	40.72953837	-73.98426726	1
0	22	23286	368	40.73038599	-74.00214988	361	40.71605866	-73.99190759	1
0	22	15199	128	40.72710258	-74.00297088	521	40.75044999	-73.99481051	1
0	22	43718	160	40.748238	-73.978311	517	40.75149263	-73.97798848	1
0	22	9708	285	40.73454567	-73.99074142	507	40.73912601	-73.97973776	1
0	22	13269	323	40.69236178	-73.98631746	157	40.69089272	-73.99612349	2
0	22	35170	462	40.74691959	-74.00451887	489	40.75066386	-74.00176802	1
0	22	33854	285	40.73454567	-73.99074142	173	40.76064679	-73.98442659	1
0	22	52383	312	40.722055	-73.989111	445	40.72740794	-73.98142006	1
0	22	46486	401	40.72019576	-73.98997825	252	40.73226398	-73.99852205	1
0	22	72279	309	40.7149787	-74.013012	394	40.72521311	-73.97768752	1
0	22	7249	303	40.72362738	-73.99949601	128	40.72710258	-74.00297088	1
0	22	2908	519	40.75188406	-73.97770164	128	40.72710258	-74.00297088	1
0	22	71985	328	40.72405549	-74.00965965	394	40.72521311	-73.97768752	1
0	22	25656	522	40.75714758	-73.97207836	127	40.73172428	-74.00674436	1
0	22	41667	305	40.76095756	-73.96724467	307	40.71427487	-73.98990025	1
0	22	1866	382	40.73492695	-73.99200509	456	40.7597108	-73.97402311	1
0	22	22148	418	40.70224	-73.982578	244	40.69196035	-73.96536851	1
0	22	19294	323	40.69236178	-73.98631746	401	40.72019576	-73.98997825	1
0	22	35455	453	40.74475148	-73.99915362	368	40.73038599	-74.00214988	1
0	22	10910	494	40.74734825	-73.99723551	236	40.7284186	-73.98713956	1
0	22	34060	434	40.74317449	-74.00366443	336	40.73047747	-73.99906065	2
0	22	60630	146	40.71625008	-74.0091059	285	40.73454567	-73.99074142	1
0	22	46890	526	40.74765947	-73.98490707	236	40.7284186	-73.98713956	1
0	22	35996	237	40.73047309	-73.98672378	454	40.75455731	-73.96592976	1
0	22	35755	438	40.72779126	-73.98564945	380	40.73401143	-74.00293877	1
0	22	34267	347	40.72873888	-74.00748842	340	40.71269042	-73.98776323	2
0	22	23335	251	40.72317958	-73.99480012	368	40.73038599	-74.00214988	1
0	22	19215	540	40.74147286	-73.98320928	290	40.76020258	-73.96478473	1
0	22	72280	460	40.71285887	-73.96590294	509	40.7454973	-74.00197139	1
0	22	16679	479	40.76019252	-73.9912551	521	40.75044999	-73.99481051	1
0	22	16906	294	40.73049393	-73.9957214	487	40.73314259	-73.97573881	1
0	22	35233	523	40.75466591	-73.99138152	267	40.75097711	-73.98765428	1
0	22	15099	336	40.73047747	-73.99906065	285	40.73454567	-73.99074142	1
0	22	2464	444	40.7423543	-73.98915076	507	40.73912601	-73.97973776	1
0	22	7222	347	40.72873888	-74.00748842	404	40.7405826	-74.00550867	1
0	22	24576	448	40.75660359	-73.9979009	477	40.75640548	-73.9900262	1
0	22	50676	295	40.71406667	-73.99293911	408	40.71076228	-73.99400398	1
0	22	34453	497	40.73704984	-73.99009296	224	40.71146364	-74.00552427	1
0	22	34213	432	40.72621788	-73.98379855	2021	40.75929124	-73.98859651	1
0	22	17990	128	40.72710258	-74.00297088	345	40.73649403	-73.99704374	1
0	22	62536	369	40.73224119	-74.00026394	471	40.71286844	-73.95698119	1
0	22	3771	462	40.74691959	-74.00451887	435	40.74173969	-73.99415556	1
0	22	4526	446	40.74487634	-73.99529885	526	40.74765947	-73.98490707	1
0	22	2202	369	40.73224119	-74.00026394	375	40.72679454	-73.99695094	1
0	22	3359	150	40.7208736	-73.98085795	518	40.74780373	-73.9734419	1
0	22	13542	391	40.69760127	-73.99344559	314	40.69424674	-73.99215922	1
0	22	27080	432	40.72621788	-73.98379855	507	40.73912601	-73.97973776	1
0	22	21336	416	40.68753406	-73.97265183	313	40.69610226	-73.96751037	1
0	22	712	492	40.75019995	-73.99093085	519	40.75188406	-73.97770164	1
0	22	21578	459	40.746745	-74.007756	531	40.71893904	-73.99266288	1
0	22	10164	518	40.74780373	-73.9734419	382	40.73492695	-73.99200509	1
0	22	948	436	40.68216564	-73.95399026	344	40.6851443	-73.95380904	1
0	22	45395	481	40.71260486	-73.96264403	460	40.71285887	-73.96590294	1
0	22	5068	382	40.73492695	-73.99200509	284	40.7390169121	-74.0026376103	1
0	22	28736	463	40.74206539	-74.00443172	477	40.75640548	-73.9900262	1
0	22	14087	428	40.72467721	-73.98783413	297	40.734232	-73.986923	1
0	22	18197	497	40.73704984	-73.99009296	161	40.72917025	-73.99810231	1
0	22	51432	472	40.7457121	-73.98194829	489	40.75066386	-74.00176802	1
0	22	8719	236	40.7284186	-73.98713956	2012	40.739445	-73.976806	2
0	22	21253	251	40.72317958	-73.99480012	127	40.73172428	-74.00674436	1
0	22	36051	236	40.7284186	-73.98713956	303	40.72362738	-73.99949601	1
0	22	3279	257	40.71939226	-74.00247214	319	40.71336124	-74.00937622	1
0	22	60779	320	40.71743998	-74.00583475	295	40.71406667	-73.99293911	1
0	22	58747	411	40.72228087	-73.97668709	528	40.74290902	-73.97706058	1
0	22	44659	348	40.72490985	-74.00154702	349	40.71850211	-73.98329859	1
0	22	666	519	40.75188406	-73.97770164	546	40.74444921	-73.98303529	1
0	22	786	488	40.75645824	-73.99372222	536	40.74144387	-73.97536082	1
0	22	26543	494	40.74734825	-73.99723551	229	40.72743423	-73.99379025	1
0	22	12426	498	40.74854862	-73.98808416	448	40.75660359	-73.9979009	1
0	22	34567	483	40.73223272	-73.98889957	445	40.72740794	-73.98142006	1
0	22	33015	453	40.74475148	-73.99915362	355	40.71602118	-73.99974372	1
0	22	589	459	40.746745	-74.007756	485	40.75038009	-73.98338988	1
0	22	14698	161	40.72917025	-73.99810231	345	40.73649403	-73.99704374	1
0	22	21335	312	40.722055	-73.989111	306	40.70823502	-74.00530063	1
0	22	24033	284	40.7390169121	-74.0026376103	335	40.72903917	-73.99404649	1
0	22	35128	241	40.68981035	-73.97493121	258	40.68940747	-73.96885458	1
0	22	22203	294	40.73049393	-73.9957214	3002	40.711512	-74.015756	1
0	22	21662	167	40.7489006	-73.97604882	528	40.74290902	-73.97706058	1
0	22	8406	380	40.73401143	-74.00293877	445	40.72740794	-73.98142006	2
0	22	25302	385	40.75797322	-73.96603308	173	40.76064679	-73.98442659	1
0	22	4579	237	40.73047309	-73.98672378	357	40.73261787	-73.99158043	1
0	22	1825	237	40.73047309	-73.98672378	382	40.73492695	-73.99200509	1
0	22	19453	507	40.73912601	-73.97973776	504	40.73221853	-73.98165557	1
0	22	7073	295	40.71406667	-73.99293911	151	40.7218158	-73.99720307	2
0	22	1794	253	40.73543934	-73.99453948	223	40.73781509	-73.99994661	1
0	22	14760	284	40.7390169121	-74.0026376103	116	40.74177603	-74.00149746	2
0	22	12660	473	40.72110063	-73.9919254	349	40.71850211	-73.98329859	1
0	22	17185	415	40.7047177	-74.00926027	304	40.70463334	-74.01361706	1
0	22	1212	368	40.73038599	-74.00214988	327	40.7153379	-74.01658354	1
0	22	12509	442	40.746647	-73.993915	522	40.75714758	-73.97207836	1
0	22	7220	417	40.71291224	-74.01020234	368	40.73038599	-74.00214988	2
0	22	41805	432	40.72621788	-73.98379855	482	40.73935542	-73.99931783	1
0	22	28325	174	40.7381765	-73.97738662	174	40.7381765	-73.97738662	1
0	22	58133	456	40.7597108	-73.97402311	345	40.73649403	-73.99704374	1
0	22	36073	369	40.73224119	-74.00026394	237	40.73047309	-73.98672378	1
0	22	42057	303	40.72362738	-73.99949601	237	40.73047309	-73.98672378	1
0	22	16688	368	40.73038599	-74.00214988	311	40.7172274	-73.98802084	1
0	22	7763	3002	40.711512	-74.015756	281	40.7643971	-73.97371465	1
0	22	32708	438	40.72779126	-73.98564945	345	40.73649403	-73.99704374	1
0	22	24170	307	40.71427487	-73.98990025	408	40.71076228	-73.99400398	1
0	22	51831	406	40.69512845	-73.99595065	392	40.695065	-73.987167	1
0	22	19959	463	40.74206539	-74.00443172	345	40.73649403	-73.99704374	1
0	22	27187	401	40.72019576	-73.98997825	257	40.71939226	-74.00247214	1
0	22	46251	324	40.689888	-73.981013	365	40.68223166	-73.9614583	1
0	22	24265	223	40.73781509	-73.99994661	405	40.739323	-74.008119	1
0	22	34568	247	40.73535398	-74.00483091	300	40.728145	-73.990214	1
0	22	65911	510	40.7606597	-73.98042047	2003	40.73416059	-73.98024289	1
0	22	30407	347	40.72873888	-74.00748842	528	40.74290902	-73.97706058	1
0	22	15860	481	40.71260486	-73.96264403	481	40.71260486	-73.96264403	1
0	22	8913	361	40.71605866	-73.99190759	504	40.73221853	-73.98165557	2
0	22	33777	368	40.73038599	-74.00214988	432	40.72621788	-73.98379855	2
0	22	29534	127	40.73172428	-74.00674436	479	40.76019252	-73.9912551	1
0	22	11607	151	40.7218158	-73.99720307	293	40.73028666	-73.9907647	2
0	22	23884	244	40.69196035	-73.96536851	353	40.68539567	-73.97431458	1
0	22	12994	540	40.74147286	-73.98320928	504	40.73221853	-73.98165557	1
0	22	17386	447	40.76370739	-73.9851615	514	40.76087502	-74.00277668	1
0	22	3742	380	40.73401143	-74.00293877	336	40.73047747	-73.99906065	1
0	22	9482	531	40.71893904	-73.99266288	511	40.72938685	-73.97772429	1
0	22	49968	531	40.71893904	-73.99266288	224	40.71146364	-74.00552427	1
0	22	9357	326	40.72953837	-73.98426726	540	40.74147286	-73.98320928	1
0	22	65244	261	40.69474881	-73.98362464	270	40.69308257	-73.97178913	1
0	22	17503	540	40.74147286	-73.98320928	446	40.74487634	-73.99529885	1
0	22	52732	329	40.72043411	-74.01020609	404	40.7405826	-74.00550867	2
0	22	2167	428	40.72467721	-73.98783413	2003	40.73416059	-73.98024289	1
0	22	25439	345	40.73649403	-73.99704374	356	40.71622644	-73.98261206	1
0	22	72281	532	40.710451	-73.960876	302	40.72082834	-73.97793172	1
0	22	20222	435	40.74173969	-73.99415556	251	40.72317958	-73.99480012	1
0	22	1254	323	40.69236178	-73.98631746	302	40.72082834	-73.97793172	1
0	22	54133	382	40.73492695	-73.99200509	508	40.76341379	-73.99667444	1
0	22	10905	494	40.74734825	-73.99723551	404	40.7405826	-74.00550867	1
0	22	10706	161	40.72917025	-73.99810231	483	40.73223272	-73.98889957	1
0	22	22913	285	40.73454567	-73.99074142	295	40.71406667	-73.99293911	1
0	22	4325	528	40.74290902	-73.97706058	477	40.75640548	-73.9900262	1
0	22	72282	267	40.75097711	-73.98765428	412	40.7158155	-73.99422366	1
0	22	10780	236	40.7284186	-73.98713956	2003	40.73416059	-73.98024289	1
0	22	13935	465	40.75513557	-73.98658032	469	40.76344058	-73.98268129	1
0	22	773	336	40.73047747	-73.99906065	519	40.75188406	-73.97770164	1
0	22	39982	2000	40.70255088	-73.98940236	417	40.71291224	-74.01020234	1
0	22	7221	164	40.75323098	-73.97032517	518	40.74780373	-73.9734419	1
0	22	63216	526	40.74765947	-73.98490707	534	40.70255065	-74.0127234	1
0	22	13957	264	40.70706456	-74.00731853	482	40.73935542	-73.99931783	1
0	22	6427	327	40.7153379	-74.01658354	3002	40.711512	-74.015756	1
0	22	23635	467	40.68312489	-73.97895137	392	40.695065	-73.987167	1
0	22	1597	470	40.74345335	-74.00004031	173	40.76064679	-73.98442659	1
0	22	10761	412	40.7158155	-73.99422366	307	40.71427487	-73.98990025	1
0	22	33602	467	40.68312489	-73.97895137	416	40.68753406	-73.97265183	1
0	22	43359	72	40.76727216	-73.99392888	515	40.76009437	-73.99461843	1
0	22	36800	490	40.751551	-73.993934	433	40.72955361	-73.98057249	1
0	22	72283	487	40.73314259	-73.97573881	417	40.71291224	-74.01020234	1
0	22	41629	422	40.770513	-73.988038	477	40.75640548	-73.9900262	1
0	22	20623	511	40.72938685	-73.97772429	470	40.74345335	-74.00004031	1
0	22	17920	475	40.73524276	-73.98758561	501	40.744219	-73.97121214	1
0	22	28533	368	40.73038599	-74.00214988	439	40.7262807	-73.98978041	1
0	22	43588	314	40.69424674	-73.99215922	239	40.69196566	-73.9813018	1
0	22	58784	233	40.69246277	-73.98963911	258	40.68940747	-73.96885458	1
0	22	19707	2003	40.73416059	-73.98024289	345	40.73649403	-73.99704374	1
0	22	20484	318	40.75320159	-73.9779874	2017	40.75022392	-73.97121414	1
0	22	34	120	40.68676793	-73.95928168	120	40.68676793	-73.95928168	1
0	22	22779	357	40.73261787	-73.99158043	545	40.736502	-73.97809472	1
0	22	31644	293	40.73028666	-73.9907647	314	40.69424674	-73.99215922	1
0	22	43088	284	40.7390169121	-74.0026376103	72	40.76727216	-73.99392888	1
0	22	36135	376	40.70862144	-74.00722156	327	40.7153379	-74.01658354	1
0	22	5163	490	40.751551	-73.993934	517	40.75149263	-73.97798848	1
0	22	18824	519	40.75188406	-73.97770164	280	40.73331967	-73.99510132	1
0	22	29371	116	40.74177603	-74.00149746	382	40.73492695	-73.99200509	1
0	22	27623	490	40.751551	-73.993934	359	40.75510267	-73.97498696	1
0	22	21900	335	40.72903917	-73.99404649	236	40.7284186	-73.98713956	1
0	22	4898	306	40.70823502	-74.00530063	327	40.7153379	-74.01658354	1
0	22	5446	388	40.749717753	-74.002950346	442	40.746647	-73.993915	1
0	22	33600	263	40.71729	-73.996375	264	40.70706456	-74.00731853	1
0	22	592	236	40.7284186	-73.98713956	458	40.751396	-74.005226	1
0	22	23550	428	40.72467721	-73.98783413	331	40.71173107	-73.99193043	1
0	22	3791	293	40.73028666	-73.9907647	494	40.74734825	-73.99723551	1
0	22	34466	274	40.68691865	-73.976682	262	40.69178232	-73.97372989	1
0	22	12639	504	40.73221853	-73.98165557	300	40.728145	-73.990214	1
0	22	19594	482	40.73935542	-73.99931783	358	40.73291553	-74.00711384	1
0	22	14690	336	40.73047747	-73.99906065	483	40.73223272	-73.98889957	1
0	22	41695	407	40.700469	-73.991454	406	40.69512845	-73.99595065	1
0	22	70165	432	40.72621788	-73.98379855	2009	40.71117444	-73.99682619	1
0	22	4062	2021	40.75929124	-73.98859651	318	40.75320159	-73.9779874	1
0	22	24050	477	40.75640548	-73.9900262	490	40.751551	-73.993934	1
0	22	43538	3002	40.711512	-74.015756	127	40.73172428	-74.00674436	1
0	22	43407	245	40.69327018	-73.97703874	526	40.74765947	-73.98490707	1
0	22	22860	483	40.73223272	-73.98889957	470	40.74345335	-74.00004031	1
0	22	6958	490	40.751551	-73.993934	488	40.75645824	-73.99372222	1
0	22	54997	237	40.73047309	-73.98672378	316	40.70955958	-74.00653609	1
0	22	6651	389	40.71044554	-73.96525063	2002	40.716887	-73.963198	1
0	22	9507	293	40.73028666	-73.9907647	428	40.72467721	-73.98783413	1
0	22	39042	290	40.76020258	-73.96478473	479	40.76019252	-73.9912551	1
0	22	24002	489	40.75066386	-74.00176802	507	40.73912601	-73.97973776	1
0	22	31722	229	40.72743423	-73.99379025	346	40.73652889	-74.00618026	1
0	22	16666	387	40.71273266	-74.0046073	307	40.71427487	-73.98990025	1
0	22	38868	387	40.71273266	-74.0046073	236	40.7284186	-73.98713956	1
0	22	45299	433	40.72955361	-73.98057249	302	40.72082834	-73.97793172	1
0	22	11261	325	40.73624527	-73.98473765	229	40.72743423	-73.99379025	1
0	22	8184	403	40.72502876	-73.99069656	459	40.746745	-74.007756	1
0	22	10028	345	40.73649403	-73.99704374	116	40.74177603	-74.00149746	1
0	22	12707	459	40.746745	-74.007756	507	40.73912601	-73.97973776	1
0	22	32584	490	40.751551	-73.993934	489	40.75066386	-74.00176802	1
0	22	27409	522	40.75714758	-73.97207836	453	40.74475148	-73.99915362	1
0	22	52243	236	40.7284186	-73.98713956	460	40.71285887	-73.96590294	1
0	22	28685	303	40.72362738	-73.99949601	329	40.72043411	-74.01020609	1
0	22	43872	485	40.75038009	-73.98338988	520	40.75992262	-73.97648516	1
0	22	19513	223	40.73781509	-73.99994661	393	40.72299208	-73.97995466	1
0	22	4855	507	40.73912601	-73.97973776	472	40.7457121	-73.98194829	1
0	22	6166	463	40.74206539	-74.00443172	128	40.72710258	-74.00297088	1
0	22	44850	252	40.73226398	-73.99852205	428	40.72467721	-73.98783413	1
0	22	48017	504	40.73221853	-73.98165557	253	40.73543934	-73.99453948	1
0	22	4012	388	40.749717753	-74.002950346	494	40.74734825	-73.99723551	1
0	22	4872	173	40.76064679	-73.98442659	367	40.75828065	-73.97069431	1
0	22	34339	265	40.72229346	-73.99147535	357	40.73261787	-73.99158043	1
0	22	1021	445	40.72740794	-73.98142006	293	40.73028666	-73.9907647	1
0	22	50309	312	40.722055	-73.989111	305	40.76095756	-73.96724467	1
0	22	115	355	40.71602118	-73.99974372	521	40.75044999	-73.99481051	1
0	22	18399	377	40.72243797	-74.00566443	377	40.72243797	-74.00566443	2
0	22	19796	252	40.73226398	-73.99852205	405	40.739323	-74.008119	1
0	22	40242	545	40.736502	-73.97809472	410	40.72066442	-73.98517977	1
0	22	46625	528	40.74290902	-73.97706058	516	40.75206862	-73.96784384	1
0	22	24008	450	40.76227205	-73.98788205	382	40.73492695	-73.99200509	1
0	22	8958	405	40.739323	-74.008119	514	40.76087502	-74.00277668	1
0	22	29429	323	40.69236178	-73.98631746	324	40.689888	-73.981013	1
0	22	15429	358	40.73291553	-74.00711384	514	40.76087502	-74.00277668	1
0	22	9757	435	40.74173969	-73.99415556	334	40.74238787	-73.99726235	1
0	22	7720	2021	40.75929124	-73.98859651	462	40.74691959	-74.00451887	1
0	22	40172	311	40.7172274	-73.98802084	302	40.72082834	-73.97793172	1
0	22	48405	232	40.69597683	-73.99014892	322	40.696192	-73.991218	1
0	22	28828	284	40.7390169121	-74.0026376103	448	40.75660359	-73.9979009	1
0	22	23703	285	40.73454567	-73.99074142	167	40.7489006	-73.97604882	1
0	22	58716	305	40.76095756	-73.96724467	400	40.71926081	-73.98178024	1
0	22	21310	2003	40.73416059	-73.98024289	401	40.72019576	-73.98997825	1
0	22	12299	311	40.7172274	-73.98802084	356	40.71622644	-73.98261206	1
0	22	7542	345	40.73649403	-73.99704374	128	40.72710258	-74.00297088	1
0	22	70290	414	40.70281858	-73.98765762	390	40.69221589	-73.9842844	1
0	22	42528	72	40.76727216	-73.99392888	469	40.76344058	-73.98268129	1
0	22	14399	383	40.735238	-74.000271	151	40.7218158	-73.99720307	1
0	22	11916	174	40.7381765	-73.97738662	444	40.7423543	-73.98915076	1
0	22	27155	229	40.72743423	-73.99379025	291	40.713126	-73.984844	1
0	22	2877	490	40.751551	-73.993934	3002	40.711512	-74.015756	1
0	22	29147	253	40.73543934	-73.99453948	365	40.68223166	-73.9614583	1
0	22	6920	462	40.74691959	-74.00451887	153	40.752062307	-73.9816324043	1
0	22	11564	368	40.73038599	-74.00214988	161	40.72917025	-73.99810231	1
0	22	32951	72	40.76727216	-73.99392888	284	40.7390169121	-74.0026376103	1
0	22	35700	372	40.694528	-73.958089	364	40.68900443	-73.96023854	1
0	22	7074	326	40.72953837	-73.98426726	305	40.76095756	-73.96724467	1
0	22	44738	411	40.72228087	-73.97668709	536	40.74144387	-73.97536082	1
0	22	38084	161	40.72917025	-73.99810231	311	40.7172274	-73.98802084	1
0	22	34739	347	40.72873888	-74.00748842	325	40.73624527	-73.98473765	1
0	22	2254	293	40.73028666	-73.9907647	358	40.73291553	-74.00711384	2
0	22	34976	434	40.74317449	-74.00366443	518	40.74780373	-73.9734419	1
0	22	14955	276	40.71748752	-74.0104554	358	40.73291553	-74.00711384	1
0	22	68005	249	40.71870987	-74.0090009	394	40.72521311	-73.97768752	1
0	22	66420	312	40.722055	-73.989111	359	40.75510267	-73.97498696	1
0	22	72285	545	40.736502	-73.97809472	309	40.7149787	-74.013012	1
0	22	1792	2021	40.75929124	-73.98859651	456	40.7597108	-73.97402311	1
0	22	11791	324	40.689888	-73.981013	262	40.69178232	-73.97372989	1
0	22	4857	345	40.73649403	-73.99704374	462	40.74691959	-74.00451887	1
0	22	469	513	40.768254	-73.988639	490	40.751551	-73.993934	1
0	22	50723	161	40.72917025	-73.99810231	2009	40.71117444	-73.99682619	1
0	22	36769	482	40.73935542	-73.99931783	294	40.73049393	-73.9957214	1
0	22	44178	405	40.739323	-74.008119	531	40.71893904	-73.99266288	1
0	22	11006	247	40.73535398	-74.00483091	251	40.72317958	-73.99480012	1
0	22	66321	470	40.74345335	-74.00004031	195	40.70905623	-74.01043382	1
0	22	14656	430	40.7014851	-73.98656928	391	40.69760127	-73.99344559	1
0	22	29076	375	40.72679454	-73.99695094	450	40.76227205	-73.98788205	1
0	22	56742	392	40.695065	-73.987167	395	40.68807003	-73.98410637	1
0	22	38092	448	40.75660359	-73.9979009	489	40.75066386	-74.00176802	1
0	22	19874	324	40.689888	-73.981013	244	40.69196035	-73.96536851	1
0	22	49490	414	40.70281858	-73.98765762	278	40.69766564	-73.98476437	2
0	22	50628	518	40.74780373	-73.9734419	428	40.72467721	-73.98783413	1
0	22	10240	382	40.73492695	-73.99200509	380	40.73401143	-74.00293877	2
0	22	6932	173	40.76064679	-73.98442659	72	40.76727216	-73.99392888	1
0	22	2932	195	40.70905623	-74.01043382	316	40.70955958	-74.00653609	1
0	22	137	128	40.72710258	-74.00297088	405	40.739323	-74.008119	1
0	22	10400	2017	40.75022392	-73.97121414	153	40.752062307	-73.9816324043	1
0	22	35924	369	40.73224119	-74.00026394	369	40.73224119	-74.00026394	1
0	22	18956	312	40.722055	-73.989111	341	40.71782143	-73.97628939	1
0	22	63141	483	40.73223272	-73.98889957	448	40.75660359	-73.9979009	1
0	22	7608	161	40.72917025	-73.99810231	521	40.75044999	-73.99481051	1
0	22	2658	494	40.74734825	-73.99723551	388	40.749717753	-74.002950346	1
0	22	28483	328	40.72405549	-74.00965965	247	40.73535398	-74.00483091	1
0	22	26056	438	40.72779126	-73.98564945	382	40.73492695	-73.99200509	1
0	22	4978	401	40.72019576	-73.98997825	404	40.7405826	-74.00550867	1
0	22	12909	326	40.72953837	-73.98426726	151	40.7218158	-73.99720307	1
0	22	8210	2021	40.75929124	-73.98859651	447	40.76370739	-73.9851615	1
0	22	14766	2004	40.724399	-74.004704	358	40.73291553	-74.00711384	1
0	22	13407	271	40.68528172	-73.97805813	258	40.68940747	-73.96885458	1
0	22	38618	375	40.72679454	-73.99695094	263	40.71729	-73.996375	1
0	22	46419	364	40.68900443	-73.96023854	274	40.68691865	-73.976682	1
0	22	29365	482	40.73935542	-73.99931783	453	40.74475148	-73.99915362	1
0	22	41878	290	40.76020258	-73.96478473	423	40.76584941	-73.98690506	2
0	22	58352	435	40.74173969	-73.99415556	82	40.71117416	-74.00016545	1
0	22	6998	375	40.72679454	-73.99695094	284	40.7390169121	-74.0026376103	1
0	22	5225	295	40.71406667	-73.99293911	291	40.713126	-73.984844	1
0	22	2785	347	40.72873888	-74.00748842	348	40.72490985	-74.00154702	1
0	22	10368	228	40.7546011026	-73.971878855	305	40.76095756	-73.96724467	2
0	22	31241	253	40.73543934	-73.99453948	368	40.73038599	-74.00214988	1
0	22	2731	358	40.73291553	-74.00711384	328	40.72405549	-74.00965965	1
0	22	678	433	40.72955361	-73.98057249	223	40.73781509	-73.99994661	1
0	22	31708	523	40.75466591	-73.99138152	513	40.768254	-73.988639	1
0	22	13281	457	40.76695317	-73.98169333	449	40.76461837	-73.98789473	1
0	22	10505	433	40.72955361	-73.98057249	428	40.72467721	-73.98783413	1
0	22	28390	445	40.72740794	-73.98142006	518	40.74780373	-73.9734419	1
0	22	17005	447	40.76370739	-73.9851615	318	40.75320159	-73.9779874	1
0	22	24596	494	40.74734825	-73.99723551	494	40.74734825	-73.99723551	1
0	22	28725	173	40.76064679	-73.98442659	480	40.76669671	-73.99061728	1
0	22	327	469	40.76344058	-73.98268129	522	40.75714758	-73.97207836	1
0	22	45866	482	40.73935542	-73.99931783	495	40.76269882	-73.99301222	1
0	22	32929	521	40.75044999	-73.99481051	483	40.73223272	-73.98889957	1
0	22	20694	337	40.7037992	-74.00838676	316	40.70955958	-74.00653609	1
0	22	5511	459	40.746745	-74.007756	303	40.72362738	-73.99949601	1
0	22	50127	536	40.74144387	-73.97536082	345	40.73649403	-73.99704374	1
0	22	11674	489	40.75066386	-74.00176802	521	40.75044999	-73.99481051	1
0	22	18712	488	40.75645824	-73.99372222	448	40.75660359	-73.9979009	1
0	22	41796	236	40.7284186	-73.98713956	334	40.74238787	-73.99726235	1
0	22	9540	462	40.74691959	-74.00451887	446	40.74487634	-73.99529885	1
0	22	18520	485	40.75038009	-73.98338988	459	40.746745	-74.007756	1
0	22	35902	297	40.734232	-73.986923	528	40.74290902	-73.97706058	1
0	22	14038	325	40.73624527	-73.98473765	297	40.734232	-73.986923	1
0	22	54648	254	40.73532427	-73.99800419	525	40.75594159	-74.0021163	1
0	22	1437	312	40.722055	-73.989111	151	40.7218158	-73.99720307	3
0	22	39363	293	40.73028666	-73.9907647	411	40.72228087	-73.97668709	1
0	22	33508	237	40.73047309	-73.98672378	490	40.751551	-73.993934	1
0	22	1186	507	40.73912601	-73.97973776	236	40.7284186	-73.98713956	1
0	22	7575	479	40.76019252	-73.9912551	512	40.7500727	-73.99839279	1
0	22	12302	254	40.73532427	-73.99800419	293	40.73028666	-73.9907647	1
0	22	12043	490	40.751551	-73.993934	546	40.74444921	-73.98303529	1
0	22	72286	376	40.70862144	-74.00722156	349	40.71850211	-73.98329859	1
0	22	15729	324	40.689888	-73.981013	313	40.69610226	-73.96751037	1
0	22	12215	450	40.76227205	-73.98788205	490	40.751551	-73.993934	1
0	22	22950	360	40.70717936	-74.00887308	304	40.70463334	-74.01361706	1
0	22	23370	537	40.74025878	-73.98409214	504	40.73221853	-73.98165557	1
0	22	9261	453	40.74475148	-73.99915362	404	40.7405826	-74.00550867	1
0	22	22083	361	40.71605866	-73.99190759	408	40.71076228	-73.99400398	1
0	22	58888	329	40.72043411	-74.01020609	401	40.72019576	-73.98997825	1
0	22	6760	375	40.72679454	-73.99695094	368	40.73038599	-74.00214988	1
0	22	29777	375	40.72679454	-73.99695094	504	40.73221853	-73.98165557	1
0	22	12119	263	40.71729	-73.996375	401	40.72019576	-73.98997825	1
0	22	23636	2021	40.75929124	-73.98859651	223	40.73781509	-73.99994661	1
0	22	12340	229	40.72743423	-73.99379025	458	40.751396	-74.005226	1
0	22	1342	453	40.74475148	-73.99915362	462	40.74691959	-74.00451887	1
0	22	27245	239	40.69196566	-73.9813018	421	40.69573398	-73.97129668	1
0	22	13110	391	40.69760127	-73.99344559	395	40.68807003	-73.98410637	1
0	22	7777	284	40.7390169121	-74.0026376103	489	40.75066386	-74.00176802	1
0	22	4890	251	40.72317958	-73.99480012	79	40.71911552	-74.00666661	1
0	22	12351	428	40.72467721	-73.98783413	504	40.73221853	-73.98165557	1
0	22	6947	440	40.75255434	-73.97282625	477	40.75640548	-73.9900262	1
0	22	3433	422	40.770513	-73.988038	488	40.75645824	-73.99372222	2
0	22	676	519	40.75188406	-73.97770164	475	40.73524276	-73.98758561	1
0	22	17847	345	40.73649403	-73.99704374	405	40.739323	-74.008119	1
0	22	20978	528	40.74290902	-73.97706058	454	40.75455731	-73.96592976	1
0	22	1941	403	40.72502876	-73.99069656	504	40.73221853	-73.98165557	1
0	22	41309	2003	40.73416059	-73.98024289	160	40.748238	-73.978311	1
0	22	3709	290	40.76020258	-73.96478473	464	40.75934501	-73.96759673	1
0	22	10385	251	40.72317958	-73.99480012	336	40.73047747	-73.99906065	1
0	22	21399	528	40.74290902	-73.97706058	297	40.734232	-73.986923	1
0	22	41621	312	40.722055	-73.989111	403	40.72502876	-73.99069656	1
0	22	18124	415	40.7047177	-74.00926027	3002	40.711512	-74.015756	1
0	22	9305	116	40.74177603	-74.00149746	521	40.75044999	-73.99481051	1
0	22	14539	394	40.72521311	-73.97768752	254	40.73532427	-73.99800419	1
0	22	17327	531	40.71893904	-73.99266288	368	40.73038599	-74.00214988	1
0	22	3584	72	40.76727216	-73.99392888	514	40.76087502	-74.00277668	1
0	22	365	346	40.73652889	-74.00618026	470	40.74345335	-74.00004031	1
0	22	33646	263	40.71729	-73.996375	251	40.72317958	-73.99480012	1
0	22	9225	404	40.7405826	-74.00550867	380	40.73401143	-74.00293877	1
0	22	8567	497	40.73704984	-73.99009296	335	40.72903917	-73.99404649	1
0	22	11345	492	40.75019995	-73.99093085	488	40.75645824	-73.99372222	1
0	22	12858	323	40.69236178	-73.98631746	271	40.68528172	-73.97805813	1
0	22	8841	128	40.72710258	-74.00297088	128	40.72710258	-74.00297088	1
0	22	63775	257	40.71939226	-74.00247214	236	40.7284186	-73.98713956	1
0	22	16935	353	40.68539567	-73.97431458	310	40.68926942	-73.98912867	1
0	22	21960	223	40.73781509	-73.99994661	509	40.7454973	-74.00197139	1
0	22	23031	251	40.72317958	-73.99480012	263	40.71729	-73.996375	1
0	22	29665	83	40.68382604	-73.97632328	416	40.68753406	-73.97265183	1
0	22	2841	358	40.73291553	-74.00711384	380	40.73401143	-74.00293877	1
0	22	61649	511	40.72938685	-73.97772429	266	40.72368361	-73.97574813	2
0	22	48874	275	40.68650065	-73.96563307	366	40.693261	-73.968896	1
0	22	12657	382	40.73492695	-73.99200509	334	40.74238787	-73.99726235	1
0	22	23525	310	40.68926942	-73.98912867	274	40.68691865	-73.976682	1
0	22	20173	265	40.72229346	-73.99147535	400	40.71926081	-73.98178024	1
0	22	14323	233	40.69246277	-73.98963911	261	40.69474881	-73.98362464	1
0	22	3559	229	40.72743423	-73.99379025	369	40.73224119	-74.00026394	1
0	22	33239	490	40.751551	-73.993934	512	40.7500727	-73.99839279	1
0	22	10019	444	40.7423543	-73.98915076	497	40.73704984	-73.99009296	1
0	22	70958	475	40.73524276	-73.98758561	319	40.71336124	-74.00937622	1
0	22	8233	382	40.73492695	-73.99200509	352	40.76340613	-73.97722479	1
0	22	17468	447	40.76370739	-73.9851615	515	40.76009437	-73.99461843	1
0	22	26511	268	40.71910537	-73.99973337	276	40.71748752	-74.0104554	1
0	22	65861	265	40.72229346	-73.99147535	270	40.69308257	-73.97178913	1
0	22	13181	345	40.73649403	-73.99704374	456	40.7597108	-73.97402311	1
0	22	17854	237	40.73047309	-73.98672378	3002	40.711512	-74.015756	1
0	22	3032	157	40.69089272	-73.99612349	395	40.68807003	-73.98410637	2
0	22	17663	2021	40.75929124	-73.98859651	480	40.76669671	-73.99061728	1
0	22	9924	285	40.73454567	-73.99074142	336	40.73047747	-73.99906065	1
0	22	30715	151	40.7218158	-73.99720307	428	40.72467721	-73.98783413	1
0	22	20729	434	40.74317449	-74.00366443	546	40.74444921	-73.98303529	1
0	22	3293	499	40.76915505	-73.98191841	488	40.75645824	-73.99372222	1
0	22	43726	274	40.68691865	-73.976682	364	40.68900443	-73.96023854	1
0	22	54649	323	40.69236178	-73.98631746	313	40.69610226	-73.96751037	1
0	22	18791	523	40.75466591	-73.99138152	504	40.73221853	-73.98165557	1
0	22	2975	537	40.74025878	-73.98409214	537	40.74025878	-73.98409214	1
0	22	17549	499	40.76915505	-73.98191841	290	40.76020258	-73.96478473	1
0	22	11545	403	40.72502876	-73.99069656	368	40.73038599	-74.00214988	1
0	22	42937	157	40.69089272	-73.99612349	261	40.69474881	-73.98362464	1
0	22	20250	229	40.72743423	-73.99379025	504	40.73221853	-73.98165557	1
0	22	15441	446	40.74487634	-73.99529885	380	40.73401143	-74.00293877	1
0	22	11085	293	40.73028666	-73.9907647	301	40.72217444	-73.98368779	1
0	22	4779	285	40.73454567	-73.99074142	499	40.76915505	-73.98191841	1
0	22	27503	352	40.76340613	-73.97722479	482	40.73935542	-73.99931783	1
0	22	47069	151	40.7218158	-73.99720307	291	40.713126	-73.984844	1
0	22	2787	387	40.71273266	-74.0046073	293	40.73028666	-73.9907647	1
0	22	10926	285	40.73454567	-73.99074142	504	40.73221853	-73.98165557	1
0	22	23805	316	40.70955958	-74.00653609	146	40.71625008	-74.0091059	1
0	22	183	294	40.73049393	-73.9957214	345	40.73649403	-73.99704374	1
0	22	7824	293	40.73028666	-73.9907647	463	40.74206539	-74.00443172	1
0	22	588	128	40.72710258	-74.00297088	254	40.73532427	-73.99800419	1
0	22	68921	237	40.73047309	-73.98672378	233	40.69246277	-73.98963911	1
0	22	52022	386	40.71494807	-74.00234482	295	40.71406667	-73.99293911	1
0	22	72277	237	40.73047309	-73.98672378	406	40.69512845	-73.99595065	1
0	22	23494	423	40.76584941	-73.98690506	422	40.770513	-73.988038	2
0	22	1596	513	40.768254	-73.988639	352	40.76340613	-73.97722479	1
0	22	21108	415	40.7047177	-74.00926027	355	40.71602118	-73.99974372	1
0	22	3499	364	40.68900443	-73.96023854	271	40.68528172	-73.97805813	1
0	22	51052	483	40.73223272	-73.98889957	526	40.74765947	-73.98490707	1
0	22	52687	440	40.75255434	-73.97282625	326	40.72953837	-73.98426726	1
0	22	6942	521	40.75044999	-73.99481051	173	40.76064679	-73.98442659	1
0	22	32029	394	40.72521311	-73.97768752	345	40.73649403	-73.99704374	1
0	22	6765	347	40.72873888	-74.00748842	284	40.7390169121	-74.0026376103	1
0	22	747	477	40.75640548	-73.9900262	497	40.73704984	-73.99009296	1
0	22	28256	284	40.7390169121	-74.0026376103	2021	40.75929124	-73.98859651	1
0	22	28998	416	40.68753406	-73.97265183	262	40.69178232	-73.97372989	1
0	22	26347	485	40.75038009	-73.98338988	519	40.75188406	-73.97770164	1
0	22	2547	318	40.75320159	-73.9779874	490	40.751551	-73.993934	1
0	22	50079	143	40.69239502	-73.99337909	416	40.68753406	-73.97265183	1
0	22	36775	236	40.7284186	-73.98713956	361	40.71605866	-73.99190759	1
0	22	35000	161	40.72917025	-73.99810231	536	40.74144387	-73.97536082	1
0	22	20009	361	40.71605866	-73.99190759	307	40.71427487	-73.98990025	1
0	22	21264	312	40.722055	-73.989111	326	40.72953837	-73.98426726	1
0	22	19057	323	40.69236178	-73.98631746	150	40.7208736	-73.98085795	1
0	22	62420	540	40.74147286	-73.98320928	302	40.72082834	-73.97793172	1
0	22	18420	375	40.72679454	-73.99695094	483	40.73223272	-73.98889957	1
0	22	4337	536	40.74144387	-73.97536082	504	40.73221853	-73.98165557	2
0	22	1333	387	40.71273266	-74.0046073	329	40.72043411	-74.01020609	1
0	22	4590	519	40.75188406	-73.97770164	540	40.74147286	-73.98320928	1
0	22	31357	312	40.722055	-73.989111	368	40.73038599	-74.00214988	1
0	22	44976	361	40.71605866	-73.99190759	377	40.72243797	-74.00566443	1
0	22	7770	296	40.71413089	-73.9970468	312	40.722055	-73.989111	1
0	22	46908	307	40.71427487	-73.98990025	504	40.73221853	-73.98165557	1
0	22	11172	497	40.73704984	-73.99009296	511	40.72938685	-73.97772429	1
0	22	8694	195	40.70905623	-74.01043382	306	40.70823502	-74.00530063	1
0	22	9181	281	40.7643971	-73.97371465	499	40.76915505	-73.98191841	1
0	22	62928	301	40.72217444	-73.98368779	529	40.7575699	-73.99098507	1
0	22	30074	453	40.74475148	-73.99915362	479	40.76019252	-73.9912551	1
0	22	5595	463	40.74206539	-74.00443172	442	40.746647	-73.993915	1
0	22	21134	160	40.748238	-73.978311	422	40.770513	-73.988038	1
0	22	15861	329	40.72043411	-74.01020609	328	40.72405549	-74.00965965	1
0	22	54606	147	40.71542197	-74.01121978	534	40.70255065	-74.0127234	1
0	22	47839	531	40.71893904	-73.99266288	302	40.72082834	-73.97793172	1
0	22	40920	229	40.72743423	-73.99379025	545	40.736502	-73.97809472	1
0	22	10014	423	40.76584941	-73.98690506	515	40.76009437	-73.99461843	1
0	22	56783	488	40.75645824	-73.99372222	161	40.72917025	-73.99810231	1
0	22	32020	482	40.73935542	-73.99931783	236	40.7284186	-73.98713956	1
0	22	21041	512	40.7500727	-73.99839279	382	40.73492695	-73.99200509	1
0	22	11119	2021	40.75929124	-73.98859651	490	40.751551	-73.993934	1
0	22	837	492	40.75019995	-73.99093085	318	40.75320159	-73.9779874	1
0	22	276	529	40.7575699	-73.99098507	529	40.7575699	-73.99098507	1
0	22	31344	355	40.71602118	-73.99974372	439	40.7262807	-73.98978041	1
0	22	33934	300	40.728145	-73.990214	251	40.72317958	-73.99480012	1
0	22	23165	540	40.74147286	-73.98320928	531	40.71893904	-73.99266288	1
0	22	28817	252	40.73226398	-73.99852205	268	40.71910537	-73.99973337	1
0	22	21119	528	40.74290902	-73.97706058	325	40.73624527	-73.98473765	1
0	22	61827	341	40.71782143	-73.97628939	336	40.73047747	-73.99906065	1
0	22	19248	285	40.73454567	-73.99074142	483	40.73223272	-73.98889957	1
0	22	22259	161	40.72917025	-73.99810231	459	40.746745	-74.007756	1
0	22	13801	297	40.734232	-73.986923	380	40.73401143	-74.00293877	1
0	22	22541	161	40.72917025	-73.99810231	195	40.70905623	-74.01043382	1
0	22	7865	463	40.74206539	-74.00443172	462	40.74691959	-74.00451887	1
0	22	14237	237	40.73047309	-73.98672378	433	40.72955361	-73.98057249	1
0	22	32407	444	40.7423543	-73.98915076	428	40.72467721	-73.98783413	1
0	22	14028	422	40.770513	-73.988038	326	40.72953837	-73.98426726	1
0	22	22425	285	40.73454567	-73.99074142	472	40.7457121	-73.98194829	1
0	22	12314	251	40.72317958	-73.99480012	401	40.72019576	-73.98997825	1
0	22	8332	293	40.73028666	-73.9907647	238	40.7361967	-74.00859207	1
0	22	9789	438	40.72779126	-73.98564945	540	40.74147286	-73.98320928	1
0	22	37487	280	40.73331967	-73.99510132	319	40.71336124	-74.00937622	1
0	22	3670	440	40.75255434	-73.97282625	528	40.74290902	-73.97706058	1
0	22	3394	382	40.73492695	-73.99200509	128	40.72710258	-74.00297088	1
0	22	40911	475	40.73524276	-73.98758561	252	40.73226398	-73.99852205	1
0	22	24898	358	40.73291553	-74.00711384	329	40.72043411	-74.01020609	1
0	22	4644	529	40.7575699	-73.99098507	423	40.76584941	-73.98690506	1
0	22	33416	528	40.74290902	-73.97706058	537	40.74025878	-73.98409214	1
0	22	550	467	40.68312489	-73.97895137	233	40.69246277	-73.98963911	2
0	22	23252	477	40.75640548	-73.9900262	514	40.76087502	-74.00277668	1
0	22	2387	454	40.75455731	-73.96592976	510	40.7606597	-73.98042047	1
0	22	210	358	40.73291553	-74.00711384	284	40.7390169121	-74.0026376103	1
0	22	4229	173	40.76064679	-73.98442659	492	40.75019995	-73.99093085	1
0	22	34573	410	40.72066442	-73.98517977	534	40.70255065	-74.0127234	1
0	22	20841	428	40.72467721	-73.98783413	438	40.72779126	-73.98564945	1
0	22	18254	450	40.76227205	-73.98788205	479	40.76019252	-73.9912551	1
0	22	2293	428	40.72467721	-73.98783413	385	40.75797322	-73.96603308	1
0	22	43295	533	40.75299641	-73.98721619	448	40.75660359	-73.9979009	1
0	22	503	477	40.75640548	-73.9900262	519	40.75188406	-73.97770164	1
0	22	21809	479	40.76019252	-73.9912551	284	40.7390169121	-74.0026376103	1
0	22	2232	470	40.74345335	-74.00004031	347	40.72873888	-74.00748842	1
0	22	35031	479	40.76019252	-73.9912551	540	40.74147286	-73.98320928	1
0	22	29713	410	40.72066442	-73.98517977	307	40.71427487	-73.98990025	1
0	22	44260	439	40.7262807	-73.98978041	82	40.71117416	-74.00016545	1
0	22	54102	341	40.71782143	-73.97628939	237	40.73047309	-73.98672378	1
0	22	9831	430	40.7014851	-73.98656928	313	40.69610226	-73.96751037	1
0	22	60277	494	40.74734825	-73.99723551	228	40.7546011026	-73.971878855	1
0	22	59315	478	40.76030096	-73.99884222	501	40.744219	-73.97121214	1
0	22	38767	251	40.72317958	-73.99480012	342	40.71739973	-73.98016555	1
0	22	16997	533	40.75299641	-73.98721619	478	40.76030096	-73.99884222	1
0	22	42630	349	40.71850211	-73.98329859	403	40.72502876	-73.99069656	1
0	22	23429	406	40.69512845	-73.99595065	244	40.69196035	-73.96536851	1
0	22	13205	251	40.72317958	-73.99480012	410	40.72066442	-73.98517977	1
0	22	13653	434	40.74317449	-74.00366443	446	40.74487634	-73.99529885	1
0	22	29701	243	40.687979	-73.978474	465	40.75513557	-73.98658032	1
0	22	64676	394	40.72521311	-73.97768752	334	40.74238787	-73.99726235	1
0	22	34443	301	40.72217444	-73.98368779	528	40.74290902	-73.97706058	1
0	22	36193	345	40.73649403	-73.99704374	472	40.7457121	-73.98194829	1
0	22	14208	3002	40.711512	-74.015756	3002	40.711512	-74.015756	1
0	22	33911	470	40.74345335	-74.00004031	508	40.76341379	-73.99667444	1
0	22	8756	147	40.71542197	-74.01121978	329	40.72043411	-74.01020609	1
0	22	7821	515	40.76009437	-73.99461843	153	40.752062307	-73.9816324043	1
0	22	21383	528	40.74290902	-73.97706058	368	40.73038599	-74.00214988	1
0	22	23613	296	40.71413089	-73.9970468	340	40.71269042	-73.98776323	1
0	22	13104	143	40.69239502	-73.99337909	391	40.69760127	-73.99344559	2
0	22	59448	243	40.687979	-73.978474	262	40.69178232	-73.97372989	1
0	22	25623	458	40.751396	-74.005226	518	40.74780373	-73.9734419	1
0	22	14872	465	40.75513557	-73.98658032	477	40.75640548	-73.9900262	1
0	22	23609	2002	40.716887	-73.963198	436	40.68216564	-73.95399026	1
0	22	27732	439	40.7262807	-73.98978041	359	40.75510267	-73.97498696	1
0	22	40308	315	40.70355377	-74.00670227	504	40.73221853	-73.98165557	1
0	22	60067	498	40.74854862	-73.98808416	253	40.73543934	-73.99453948	1
0	22	32903	361	40.71605866	-73.99190759	380	40.73401143	-74.00293877	1
0	22	28092	280	40.73331967	-73.99510132	128	40.72710258	-74.00297088	1
0	22	22107	375	40.72679454	-73.99695094	393	40.72299208	-73.97995466	1
0	22	16210	280	40.73331967	-73.99510132	328	40.72405549	-74.00965965	1
0	22	6661	518	40.74780373	-73.9734419	507	40.73912601	-73.97973776	1
0	22	1739	259	40.70122128	-74.01234218	306	40.70823502	-74.00530063	1
0	22	23955	369	40.73224119	-74.00026394	438	40.72779126	-73.98564945	1
0	22	17247	375	40.72679454	-73.99695094	336	40.73047747	-73.99906065	1
0	22	22999	462	40.74691959	-74.00451887	405	40.739323	-74.008119	1
0	22	33836	513	40.768254	-73.988639	507	40.73912601	-73.97973776	1
0	22	20642	513	40.768254	-73.988639	497	40.73704984	-73.99009296	1
0	22	29159	311	40.7172274	-73.98802084	332	40.71219906	-73.97948148	1
0	22	12446	161	40.72917025	-73.99810231	251	40.72317958	-73.99480012	1
0	22	4273	528	40.74290902	-73.97706058	459	40.746745	-74.007756	1
0	22	39540	358	40.73291553	-74.00711384	494	40.74734825	-73.99723551	1
0	22	72278	355	40.71602118	-73.99974372	298	40.68683208	-73.9796772	1
0	22	2225	284	40.7390169121	-74.0026376103	521	40.75044999	-73.99481051	1
0	22	6628	505	40.74901271	-73.98848395	457	40.76695317	-73.98169333	1
0	22	8825	434	40.74317449	-74.00366443	223	40.73781509	-73.99994661	1
0	22	1347	157	40.69089272	-73.99612349	314	40.69424674	-73.99215922	2
0	22	13501	285	40.73454567	-73.99074142	380	40.73401143	-74.00293877	1
0	22	60461	528	40.74290902	-73.97706058	308	40.71307916	-73.99851193	1
0	22	23199	271	40.68528172	-73.97805813	420	40.68764484	-73.96968902	1
0	22	5538	375	40.72679454	-73.99695094	347	40.72873888	-74.00748842	1
0	22	34294	462	40.74691959	-74.00451887	495	40.76269882	-73.99301222	1
0	22	8283	2012	40.739445	-73.976806	441	40.756014	-73.967416	1
0	22	13344	284	40.7390169121	-74.0026376103	326	40.72953837	-73.98426726	1
0	22	23286	368	40.73038599	-74.00214988	361	40.71605866	-73.99190759	1
0	22	15199	128	40.72710258	-74.00297088	521	40.75044999	-73.99481051	1
0	22	43718	160	40.748238	-73.978311	517	40.75149263	-73.97798848	1
0	22	9708	285	40.73454567	-73.99074142	507	40.73912601	-73.97973776	1
0	22	13269	323	40.69236178	-73.98631746	157	40.69089272	-73.99612349	2
0	22	35170	462	40.74691959	-74.00451887	489	40.75066386	-74.00176802	1
0	22	33854	285	40.73454567	-73.99074142	173	40.76064679	-73.98442659	1
0	22	52383	312	40.722055	-73.989111	445	40.72740794	-73.98142006	1
0	22	46486	401	40.72019576	-73.98997825	252	40.73226398	-73.99852205	1
0	22	72279	309	40.7149787	-74.013012	394	40.72521311	-73.97768752	1
0	22	7249	303	40.72362738	-73.99949601	128	40.72710258	-74.00297088	1
0	22	2908	519	40.75188406	-73.97770164	128	40.72710258	-74.00297088	1
0	22	71985	328	40.72405549	-74.00965965	394	40.72521311	-73.97768752	1
0	22	25656	522	40.75714758	-73.97207836	127	40.73172428	-74.00674436	1
0	22	41667	305	40.76095756	-73.96724467	307	40.71427487	-73.98990025	1
0	22	1866	382	40.73492695	-73.99200509	456	40.7597108	-73.97402311	1
0	22	22148	418	40.70224	-73.982578	244	40.69196035	-73.96536851	1
0	22	19294	323	40.69236178	-73.98631746	401	40.72019576	-73.98997825	1
0	22	35455	453	40.74475148	-73.99915362	368	40.73038599	-74.00214988	1
0	22	10910	494	40.74734825	-73.99723551	236	40.7284186	-73.98713956	1
0	22	34060	434	40.74317449	-74.00366443	336	40.73047747	-73.99906065	2
0	22	60630	146	40.71625008	-74.0091059	285	40.73454567	-73.99074142	1
0	22	46890	526	40.74765947	-73.98490707	236	40.7284186	-73.98713956	1
0	22	35996	237	40.73047309	-73.98672378	454	40.75455731	-73.96592976	1
0	22	35755	438	40.72779126	-73.98564945	380	40.73401143	-74.00293877	1
0	22	34267	347	40.72873888	-74.00748842	340	40.71269042	-73.98776323	2
0	22	23335	251	40.72317958	-73.99480012	368	40.73038599	-74.00214988	1
0	22	19215	540	40.74147286	-73.98320928	290	40.76020258	-73.96478473	1
0	22	72280	460	40.71285887	-73.96590294	509	40.7454973	-74.00197139	1
0	22	16679	479	40.76019252	-73.9912551	521	40.75044999	-73.99481051	1
0	22	16906	294	40.73049393	-73.9957214	487	40.73314259	-73.97573881	1
0	22	35233	523	40.75466591	-73.99138152	267	40.75097711	-73.98765428	1
0	22	15099	336	40.73047747	-73.99906065	285	40.73454567	-73.99074142	1
0	22	2464	444	40.7423543	-73.98915076	507	40.73912601	-73.97973776	1
0	22	7222	347	40.72873888	-74.00748842	404	40.7405826	-74.00550867	1
0	22	24576	448	40.75660359	-73.9979009	477	40.75640548	-73.9900262	1
0	22	50676	295	40.71406667	-73.99293911	408	40.71076228	-73.99400398	1
0	22	34453	497	40.73704984	-73.99009296	224	40.71146364	-74.00552427	1
0	22	34213	432	40.72621788	-73.98379855	2021	40.75929124	-73.98859651	1
0	22	17990	128	40.72710258	-74.00297088	345	40.73649403	-73.99704374	1
0	22	62536	369	40.73224119	-74.00026394	471	40.71286844	-73.95698119	1
0	22	3771	462	40.74691959	-74.00451887	435	40.74173969	-73.99415556	1
0	22	4526	446	40.74487634	-73.99529885	526	40.74765947	-73.98490707	1
0	22	7960	294	40.73049393	-73.9957214	483	40.73223272	-73.98889957	1
0	22	2202	369	40.73224119	-74.00026394	375	40.72679454	-73.99695094	1
0	22	3359	150	40.7208736	-73.98085795	518	40.74780373	-73.9734419	1
0	22	13542	391	40.69760127	-73.99344559	314	40.69424674	-73.99215922	1
0	22	28496	151	40.7218158	-73.99720307	238	40.7361967	-74.00859207	1
0	22	27080	432	40.72621788	-73.98379855	507	40.73912601	-73.97973776	1
0	22	21336	416	40.68753406	-73.97265183	313	40.69610226	-73.96751037	1
0	22	712	492	40.75019995	-73.99093085	519	40.75188406	-73.97770164	1
0	22	21578	459	40.746745	-74.007756	531	40.71893904	-73.99266288	1
0	22	10164	518	40.74780373	-73.9734419	382	40.73492695	-73.99200509	1
0	22	948	436	40.68216564	-73.95399026	344	40.6851443	-73.95380904	1
0	22	45395	481	40.71260486	-73.96264403	460	40.71285887	-73.96590294	1
0	22	5068	382	40.73492695	-73.99200509	284	40.7390169121	-74.0026376103	2
0	22	28736	463	40.74206539	-74.00443172	477	40.75640548	-73.9900262	1
0	22	14087	428	40.72467721	-73.98783413	297	40.734232	-73.986923	1
0	22	18197	497	40.73704984	-73.99009296	161	40.72917025	-73.99810231	1
0	22	51432	472	40.7457121	-73.98194829	489	40.75066386	-74.00176802	1
0	22	8719	236	40.7284186	-73.98713956	2012	40.739445	-73.976806	2
0	22	21253	251	40.72317958	-73.99480012	127	40.73172428	-74.00674436	1
0	22	36051	236	40.7284186	-73.98713956	303	40.72362738	-73.99949601	1
0	22	3279	257	40.71939226	-74.00247214	319	40.71336124	-74.00937622	1
0	22	60779	320	40.71743998	-74.00583475	295	40.71406667	-73.99293911	1
0	22	58747	411	40.72228087	-73.97668709	528	40.74290902	-73.97706058	1
0	22	44659	348	40.72490985	-74.00154702	349	40.71850211	-73.98329859	1
0	22	666	519	40.75188406	-73.97770164	546	40.74444921	-73.98303529	1
0	22	786	488	40.75645824	-73.99372222	536	40.74144387	-73.97536082	1
0	22	26543	494	40.74734825	-73.99723551	229	40.72743423	-73.99379025	1
0	22	12426	498	40.74854862	-73.98808416	448	40.75660359	-73.9979009	1
0	22	34567	483	40.73223272	-73.98889957	445	40.72740794	-73.98142006	1
0	22	33015	453	40.74475148	-73.99915362	355	40.71602118	-73.99974372	1
0	22	589	459	40.746745	-74.007756	485	40.75038009	-73.98338988	1
0	22	14698	161	40.72917025	-73.99810231	345	40.73649403	-73.99704374	1
0	22	21335	312	40.722055	-73.989111	306	40.70823502	-74.00530063	1
0	22	24033	284	40.7390169121	-74.0026376103	335	40.72903917	-73.99404649	1
0	22	35128	241	40.68981035	-73.97493121	258	40.68940747	-73.96885458	1
0	22	22203	294	40.73049393	-73.9957214	3002	40.711512	-74.015756	1
0	22	21662	167	40.7489006	-73.97604882	528	40.74290902	-73.97706058	1
0	22	8406	380	40.73401143	-74.00293877	445	40.72740794	-73.98142006	2
0	22	25302	385	40.75797322	-73.96603308	173	40.76064679	-73.98442659	1
0	22	4579	237	40.73047309	-73.98672378	357	40.73261787	-73.99158043	1
0	22	1825	237	40.73047309	-73.98672378	382	40.73492695	-73.99200509	1
0	22	19453	507	40.73912601	-73.97973776	504	40.73221853	-73.98165557	1
0	22	7073	295	40.71406667	-73.99293911	151	40.7218158	-73.99720307	2
0	22	1794	253	40.73543934	-73.99453948	223	40.73781509	-73.99994661	1
0	22	14760	284	40.7390169121	-74.0026376103	116	40.74177603	-74.00149746	2
0	22	12660	473	40.72110063	-73.9919254	349	40.71850211	-73.98329859	1
0	22	17185	415	40.7047177	-74.00926027	304	40.70463334	-74.01361706	1
0	22	1212	368	40.73038599	-74.00214988	327	40.7153379	-74.01658354	1
0	22	12509	442	40.746647	-73.993915	522	40.75714758	-73.97207836	1
0	22	7220	417	40.71291224	-74.01020234	368	40.73038599	-74.00214988	3
0	22	41805	432	40.72621788	-73.98379855	482	40.73935542	-73.99931783	1
0	22	28325	174	40.7381765	-73.97738662	174	40.7381765	-73.97738662	1
0	22	58133	456	40.7597108	-73.97402311	345	40.73649403	-73.99704374	1
0	22	36073	369	40.73224119	-74.00026394	237	40.73047309	-73.98672378	1
0	22	42057	303	40.72362738	-73.99949601	237	40.73047309	-73.98672378	1
0	22	16688	368	40.73038599	-74.00214988	311	40.7172274	-73.98802084	1
0	22	7763	3002	40.711512	-74.015756	281	40.7643971	-73.97371465	1
0	22	32708	438	40.72779126	-73.98564945	345	40.73649403	-73.99704374	1
0	22	1440	157	40.69089272	-73.99612349	391	40.69760127	-73.99344559	2
0	22	24170	307	40.71427487	-73.98990025	408	40.71076228	-73.99400398	1
0	22	51831	406	40.69512845	-73.99595065	392	40.695065	-73.987167	1
0	22	19959	463	40.74206539	-74.00443172	345	40.73649403	-73.99704374	1
0	22	27187	401	40.72019576	-73.98997825	257	40.71939226	-74.00247214	1
0	22	46251	324	40.689888	-73.981013	365	40.68223166	-73.9614583	1
0	22	24265	223	40.73781509	-73.99994661	405	40.739323	-74.008119	1
0	22	34568	247	40.73535398	-74.00483091	300	40.728145	-73.990214	1
0	22	65911	510	40.7606597	-73.98042047	2003	40.73416059	-73.98024289	1
0	22	30407	347	40.72873888	-74.00748842	528	40.74290902	-73.97706058	1
0	22	15860	481	40.71260486	-73.96264403	481	40.71260486	-73.96264403	2
0	22	8913	361	40.71605866	-73.99190759	504	40.73221853	-73.98165557	2
0	22	33777	368	40.73038599	-74.00214988	432	40.72621788	-73.98379855	2
0	22	29534	127	40.73172428	-74.00674436	479	40.76019252	-73.9912551	1
0	22	11607	151	40.7218158	-73.99720307	293	40.73028666	-73.9907647	2
0	22	23884	244	40.69196035	-73.96536851	353	40.68539567	-73.97431458	1
0	22	12994	540	40.74147286	-73.98320928	504	40.73221853	-73.98165557	1
0	22	17386	447	40.76370739	-73.9851615	514	40.76087502	-74.00277668	1
0	22	3742	380	40.73401143	-74.00293877	336	40.73047747	-73.99906065	1
0	22	9482	531	40.71893904	-73.99266288	511	40.72938685	-73.97772429	1
0	22	49968	531	40.71893904	-73.99266288	224	40.71146364	-74.00552427	1
0	22	9357	326	40.72953837	-73.98426726	540	40.74147286	-73.98320928	1
0	22	65244	261	40.69474881	-73.98362464	270	40.69308257	-73.97178913	1
0	22	17503	540	40.74147286	-73.98320928	446	40.74487634	-73.99529885	1
0	22	52732	329	40.72043411	-74.01020609	404	40.7405826	-74.00550867	2
0	22	2167	428	40.72467721	-73.98783413	2003	40.73416059	-73.98024289	1
0	22	25439	345	40.73649403	-73.99704374	356	40.71622644	-73.98261206	1
0	22	72281	532	40.710451	-73.960876	302	40.72082834	-73.97793172	1
0	22	20222	435	40.74173969	-73.99415556	251	40.72317958	-73.99480012	1
0	22	1254	323	40.69236178	-73.98631746	302	40.72082834	-73.97793172	1
0	22	54133	382	40.73492695	-73.99200509	508	40.76341379	-73.99667444	1
0	22	10905	494	40.74734825	-73.99723551	404	40.7405826	-74.00550867	1
0	22	10706	161	40.72917025	-73.99810231	483	40.73223272	-73.98889957	1
0	22	22913	285	40.73454567	-73.99074142	295	40.71406667	-73.99293911	1
0	22	4325	528	40.74290902	-73.97706058	477	40.75640548	-73.9900262	1
0	22	72282	267	40.75097711	-73.98765428	412	40.7158155	-73.99422366	1
0	22	10780	236	40.7284186	-73.98713956	2003	40.73416059	-73.98024289	1
0	22	13935	465	40.75513557	-73.98658032	469	40.76344058	-73.98268129	1
0	22	773	336	40.73047747	-73.99906065	519	40.75188406	-73.97770164	1
0	22	39982	2000	40.70255088	-73.98940236	417	40.71291224	-74.01020234	1
0	22	7221	164	40.75323098	-73.97032517	518	40.74780373	-73.9734419	1
0	22	63216	526	40.74765947	-73.98490707	534	40.70255065	-74.0127234	1
0	22	13957	264	40.70706456	-74.00731853	482	40.73935542	-73.99931783	1
0	22	6427	327	40.7153379	-74.01658354	3002	40.711512	-74.015756	1
0	22	23635	467	40.68312489	-73.97895137	392	40.695065	-73.987167	1
0	22	1597	470	40.74345335	-74.00004031	173	40.76064679	-73.98442659	1
0	22	10761	412	40.7158155	-73.99422366	307	40.71427487	-73.98990025	1
0	22	33602	467	40.68312489	-73.97895137	416	40.68753406	-73.97265183	1
0	22	43359	72	40.76727216	-73.99392888	515	40.76009437	-73.99461843	1
0	22	36800	490	40.751551	-73.993934	433	40.72955361	-73.98057249	1
0	22	72283	487	40.73314259	-73.97573881	417	40.71291224	-74.01020234	1
0	22	41629	422	40.770513	-73.988038	477	40.75640548	-73.9900262	1
0	22	20623	511	40.72938685	-73.97772429	470	40.74345335	-74.00004031	1
0	22	17920	475	40.73524276	-73.98758561	501	40.744219	-73.97121214	1
0	22	28533	368	40.73038599	-74.00214988	439	40.7262807	-73.98978041	1
0	22	43588	314	40.69424674	-73.99215922	239	40.69196566	-73.9813018	1
0	22	58784	233	40.69246277	-73.98963911	258	40.68940747	-73.96885458	1
0	22	19707	2003	40.73416059	-73.98024289	345	40.73649403	-73.99704374	1
0	22	20484	318	40.75320159	-73.9779874	2017	40.75022392	-73.97121414	1
0	22	34	120	40.68676793	-73.95928168	120	40.68676793	-73.95928168	1
0	22	22779	357	40.73261787	-73.99158043	545	40.736502	-73.97809472	1
0	22	31644	293	40.73028666	-73.9907647	314	40.69424674	-73.99215922	1
0	22	43088	284	40.7390169121	-74.0026376103	72	40.76727216	-73.99392888	1
0	22	36135	376	40.70862144	-74.00722156	327	40.7153379	-74.01658354	1
0	22	5163	490	40.751551	-73.993934	517	40.75149263	-73.97798848	1
0	22	18824	519	40.75188406	-73.97770164	280	40.73331967	-73.99510132	1
0	22	29371	116	40.74177603	-74.00149746	382	40.73492695	-73.99200509	1
0	22	27623	490	40.751551	-73.993934	359	40.75510267	-73.97498696	1
0	22	21900	335	40.72903917	-73.99404649	236	40.7284186	-73.98713956	1
0	22	4898	306	40.70823502	-74.00530063	327	40.7153379	-74.01658354	1
0	22	5446	388	40.749717753	-74.002950346	442	40.746647	-73.993915	1
0	22	33600	263	40.71729	-73.996375	264	40.70706456	-74.00731853	1
0	22	592	236	40.7284186	-73.98713956	458	40.751396	-74.005226	1
0	22	23550	428	40.72467721	-73.98783413	331	40.71173107	-73.99193043	2
0	22	3791	293	40.73028666	-73.9907647	494	40.74734825	-73.99723551	1
0	22	34466	274	40.68691865	-73.976682	262	40.69178232	-73.97372989	1
0	22	12639	504	40.73221853	-73.98165557	300	40.728145	-73.990214	1
0	22	19594	482	40.73935542	-73.99931783	358	40.73291553	-74.00711384	1
0	22	14690	336	40.73047747	-73.99906065	483	40.73223272	-73.98889957	1
0	22	41695	407	40.700469	-73.991454	406	40.69512845	-73.99595065	1
0	22	70165	432	40.72621788	-73.98379855	2009	40.71117444	-73.99682619	1
0	22	4062	2021	40.75929124	-73.98859651	318	40.75320159	-73.9779874	1
0	22	24050	477	40.75640548	-73.9900262	490	40.751551	-73.993934	1
0	22	43538	3002	40.711512	-74.015756	127	40.73172428	-74.00674436	1
0	22	43407	245	40.69327018	-73.97703874	526	40.74765947	-73.98490707	1
0	22	22860	483	40.73223272	-73.98889957	470	40.74345335	-74.00004031	1
0	22	6958	490	40.751551	-73.993934	488	40.75645824	-73.99372222	1
0	22	54997	237	40.73047309	-73.98672378	316	40.70955958	-74.00653609	1
0	22	6651	389	40.71044554	-73.96525063	2002	40.716887	-73.963198	1
0	22	9507	293	40.73028666	-73.9907647	428	40.72467721	-73.98783413	1
0	22	39042	290	40.76020258	-73.96478473	479	40.76019252	-73.9912551	1
0	22	24002	489	40.75066386	-74.00176802	507	40.73912601	-73.97973776	1
0	22	31722	229	40.72743423	-73.99379025	346	40.73652889	-74.00618026	1
0	22	16666	387	40.71273266	-74.0046073	307	40.71427487	-73.98990025	1
0	22	38868	387	40.71273266	-74.0046073	236	40.7284186	-73.98713956	1
0	22	45299	433	40.72955361	-73.98057249	302	40.72082834	-73.97793172	1
0	22	11261	325	40.73624527	-73.98473765	229	40.72743423	-73.99379025	1
0	22	8184	403	40.72502876	-73.99069656	459	40.746745	-74.007756	1
0	22	10028	345	40.73649403	-73.99704374	116	40.74177603	-74.00149746	1
0	22	12707	459	40.746745	-74.007756	507	40.73912601	-73.97973776	1
0	22	34386	455	40.75001986	-73.96905301	403	40.72502876	-73.99069656	1
0	22	32584	490	40.751551	-73.993934	489	40.75066386	-74.00176802	1
0	22	27409	522	40.75714758	-73.97207836	453	40.74475148	-73.99915362	1
0	22	52243	236	40.7284186	-73.98713956	460	40.71285887	-73.96590294	1
0	22	28685	303	40.72362738	-73.99949601	329	40.72043411	-74.01020609	1
0	22	43872	485	40.75038009	-73.98338988	520	40.75992262	-73.97648516	1
0	22	19513	223	40.73781509	-73.99994661	393	40.72299208	-73.97995466	1
0	22	4855	507	40.73912601	-73.97973776	472	40.7457121	-73.98194829	1
0	22	6166	463	40.74206539	-74.00443172	128	40.72710258	-74.00297088	1
0	22	44850	252	40.73226398	-73.99852205	428	40.72467721	-73.98783413	1
0	22	48017	504	40.73221853	-73.98165557	253	40.73543934	-73.99453948	1
0	22	4012	388	40.749717753	-74.002950346	494	40.74734825	-73.99723551	1
0	22	4872	173	40.76064679	-73.98442659	367	40.75828065	-73.97069431	1
0	22	34339	265	40.72229346	-73.99147535	357	40.73261787	-73.99158043	1
0	22	1021	445	40.72740794	-73.98142006	293	40.73028666	-73.9907647	1
0	22	50309	312	40.722055	-73.989111	305	40.76095756	-73.96724467	1
0	22	8437	472	40.7457121	-73.98194829	528	40.74290902	-73.97706058	2
0	22	115	355	40.71602118	-73.99974372	521	40.75044999	-73.99481051	1
0	22	18399	377	40.72243797	-74.00566443	377	40.72243797	-74.00566443	2
0	22	19796	252	40.73226398	-73.99852205	405	40.739323	-74.008119	1
0	22	40242	545	40.736502	-73.97809472	410	40.72066442	-73.98517977	1
0	22	46625	528	40.74290902	-73.97706058	516	40.75206862	-73.96784384	1
0	22	24008	450	40.76227205	-73.98788205	382	40.73492695	-73.99200509	1
0	22	8958	405	40.739323	-74.008119	514	40.76087502	-74.00277668	1
0	22	29429	323	40.69236178	-73.98631746	324	40.689888	-73.981013	1
0	22	15429	358	40.73291553	-74.00711384	514	40.76087502	-74.00277668	1
0	22	9757	435	40.74173969	-73.99415556	334	40.74238787	-73.99726235	1
0	22	72284	320	40.71743998	-74.00583475	266	40.72368361	-73.97574813	1
0	22	7720	2021	40.75929124	-73.98859651	462	40.74691959	-74.00451887	1
0	22	40172	311	40.7172274	-73.98802084	302	40.72082834	-73.97793172	1
0	22	48405	232	40.69597683	-73.99014892	322	40.696192	-73.991218	1
0	22	28828	284	40.7390169121	-74.0026376103	448	40.75660359	-73.9979009	1
0	22	23703	285	40.73454567	-73.99074142	167	40.7489006	-73.97604882	1
0	22	58716	305	40.76095756	-73.96724467	400	40.71926081	-73.98178024	1
0	22	21310	2003	40.73416059	-73.98024289	401	40.72019576	-73.98997825	1
0	22	12299	311	40.7172274	-73.98802084	356	40.71622644	-73.98261206	1
0	22	7542	345	40.73649403	-73.99704374	128	40.72710258	-74.00297088	1
0	22	70290	414	40.70281858	-73.98765762	390	40.69221589	-73.9842844	1
0	22	42528	72	40.76727216	-73.99392888	469	40.76344058	-73.98268129	1
0	22	14399	383	40.735238	-74.000271	151	40.7218158	-73.99720307	1
0	22	11916	174	40.7381765	-73.97738662	444	40.7423543	-73.98915076	1
0	22	27155	229	40.72743423	-73.99379025	291	40.713126	-73.984844	1
0	22	2877	490	40.751551	-73.993934	3002	40.711512	-74.015756	1
0	22	29147	253	40.73543934	-73.99453948	365	40.68223166	-73.9614583	1
0	22	6920	462	40.74691959	-74.00451887	153	40.752062307	-73.9816324043	1
0	22	11564	368	40.73038599	-74.00214988	161	40.72917025	-73.99810231	1
0	22	68607	375	40.72679454	-73.99695094	484	40.75500254	-73.98014437	1
0	22	32951	72	40.76727216	-73.99392888	284	40.7390169121	-74.0026376103	1
0	22	13637	521	40.75044999	-73.99481051	243	40.687979	-73.978474	1
0	22	35700	372	40.694528	-73.958089	364	40.68900443	-73.96023854	1
0	22	7074	326	40.72953837	-73.98426726	305	40.76095756	-73.96724467	1
0	22	44738	411	40.72228087	-73.97668709	536	40.74144387	-73.97536082	1
0	22	38084	161	40.72917025	-73.99810231	311	40.7172274	-73.98802084	1
0	22	34739	347	40.72873888	-74.00748842	325	40.73624527	-73.98473765	1
0	22	2254	293	40.73028666	-73.9907647	358	40.73291553	-74.00711384	2
0	22	34976	434	40.74317449	-74.00366443	518	40.74780373	-73.9734419	1
0	22	14955	276	40.71748752	-74.0104554	358	40.73291553	-74.00711384	1
0	22	68005	249	40.71870987	-74.0090009	394	40.72521311	-73.97768752	1
0	22	66420	312	40.722055	-73.989111	359	40.75510267	-73.97498696	1
0	22	72285	545	40.736502	-73.97809472	309	40.7149787	-74.013012	1
0	22	34496	460	40.71285887	-73.96590294	460	40.71285887	-73.96590294	3
0	22	1792	2021	40.75929124	-73.98859651	456	40.7597108	-73.97402311	1
0	22	11791	324	40.689888	-73.981013	262	40.69178232	-73.97372989	1
0	22	4857	345	40.73649403	-73.99704374	462	40.74691959	-74.00451887	1
0	22	64681	480	40.76669671	-73.99061728	257	40.71939226	-74.00247214	1
0	22	469	513	40.768254	-73.988639	490	40.751551	-73.993934	1
0	22	50723	161	40.72917025	-73.99810231	2009	40.71117444	-73.99682619	1
0	22	36769	482	40.73935542	-73.99931783	294	40.73049393	-73.9957214	1
0	22	44178	405	40.739323	-74.008119	531	40.71893904	-73.99266288	1
0	22	11006	247	40.73535398	-74.00483091	251	40.72317958	-73.99480012	1
0	22	66321	470	40.74345335	-74.00004031	195	40.70905623	-74.01043382	1
0	22	14656	430	40.7014851	-73.98656928	391	40.69760127	-73.99344559	1
0	22	29076	375	40.72679454	-73.99695094	450	40.76227205	-73.98788205	1
0	22	56742	392	40.695065	-73.987167	395	40.68807003	-73.98410637	1
0	22	38092	448	40.75660359	-73.9979009	489	40.75066386	-74.00176802	1
0	22	19874	324	40.689888	-73.981013	244	40.69196035	-73.96536851	1
0	22	49490	414	40.70281858	-73.98765762	278	40.69766564	-73.98476437	2
0	22	50628	518	40.74780373	-73.9734419	428	40.72467721	-73.98783413	1
0	22	10240	382	40.73492695	-73.99200509	380	40.73401143	-74.00293877	3
0	22	6932	173	40.76064679	-73.98442659	72	40.76727216	-73.99392888	1
0	22	2932	195	40.70905623	-74.01043382	316	40.70955958	-74.00653609	1
0	22	137	128	40.72710258	-74.00297088	405	40.739323	-74.008119	1
0	22	10400	2017	40.75022392	-73.97121414	153	40.752062307	-73.9816324043	1
0	22	35924	369	40.73224119	-74.00026394	369	40.73224119	-74.00026394	1
0	22	18956	312	40.722055	-73.989111	341	40.71782143	-73.97628939	1
0	22	63141	483	40.73223272	-73.98889957	448	40.75660359	-73.9979009	1
0	22	7608	161	40.72917025	-73.99810231	521	40.75044999	-73.99481051	1
0	22	7319	446	40.74487634	-73.99529885	521	40.75044999	-73.99481051	1
0	22	2658	494	40.74734825	-73.99723551	388	40.749717753	-74.002950346	1
0	22	28483	328	40.72405549	-74.00965965	247	40.73535398	-74.00483091	1
0	22	32197	368	40.73038599	-74.00214988	423	40.76584941	-73.98690506	1
0	22	26056	438	40.72779126	-73.98564945	382	40.73492695	-73.99200509	1
0	22	4978	401	40.72019576	-73.98997825	404	40.7405826	-74.00550867	1
0	22	12909	326	40.72953837	-73.98426726	151	40.7218158	-73.99720307	1
0	22	8210	2021	40.75929124	-73.98859651	447	40.76370739	-73.9851615	1
0	22	14766	2004	40.724399	-74.004704	358	40.73291553	-74.00711384	1
0	22	13407	271	40.68528172	-73.97805813	258	40.68940747	-73.96885458	1
0	22	38618	375	40.72679454	-73.99695094	263	40.71729	-73.996375	1
0	22	46419	364	40.68900443	-73.96023854	274	40.68691865	-73.976682	1
0	22	29365	482	40.73935542	-73.99931783	453	40.74475148	-73.99915362	1
0	22	41878	290	40.76020258	-73.96478473	423	40.76584941	-73.98690506	2
0	22	58352	435	40.74173969	-73.99415556	82	40.71117416	-74.00016545	1
0	22	6998	375	40.72679454	-73.99695094	284	40.7390169121	-74.0026376103	2
0	22	5225	295	40.71406667	-73.99293911	291	40.713126	-73.984844	1
0	22	2785	347	40.72873888	-74.00748842	348	40.72490985	-74.00154702	1
0	22	10368	228	40.7546011026	-73.971878855	305	40.76095756	-73.96724467	2
0	22	31241	253	40.73543934	-73.99453948	368	40.73038599	-74.00214988	1
0	22	2731	358	40.73291553	-74.00711384	328	40.72405549	-74.00965965	1
0	22	678	433	40.72955361	-73.98057249	223	40.73781509	-73.99994661	1
0	22	31708	523	40.75466591	-73.99138152	513	40.768254	-73.988639	1
0	22	23775	479	40.76019252	-73.9912551	128	40.72710258	-74.00297088	1
0	22	13281	457	40.76695317	-73.98169333	449	40.76461837	-73.98789473	1
0	22	10505	433	40.72955361	-73.98057249	428	40.72467721	-73.98783413	1
0	22	1821	513	40.768254	-73.988639	318	40.75320159	-73.9779874	1
0	22	28390	445	40.72740794	-73.98142006	518	40.74780373	-73.9734419	1
0	22	66677	173	40.76064679	-73.98442659	2012	40.739445	-73.976806	1
0	22	17005	447	40.76370739	-73.9851615	318	40.75320159	-73.9779874	1
0	22	24596	494	40.74734825	-73.99723551	494	40.74734825	-73.99723551	1
0	22	28725	173	40.76064679	-73.98442659	480	40.76669671	-73.99061728	1
0	22	327	469	40.76344058	-73.98268129	522	40.75714758	-73.97207836	1
0	22	45866	482	40.73935542	-73.99931783	495	40.76269882	-73.99301222	1
0	22	32929	521	40.75044999	-73.99481051	483	40.73223272	-73.98889957	1
0	22	20694	337	40.7037992	-74.00838676	316	40.70955958	-74.00653609	1
0	22	5511	459	40.746745	-74.007756	303	40.72362738	-73.99949601	1
0	22	50127	536	40.74144387	-73.97536082	345	40.73649403	-73.99704374	1
0	22	11674	489	40.75066386	-74.00176802	521	40.75044999	-73.99481051	1
0	22	18712	488	40.75645824	-73.99372222	448	40.75660359	-73.9979009	1
0	22	41796	236	40.7284186	-73.98713956	334	40.74238787	-73.99726235	1
0	22	56834	357	40.73261787	-73.99158043	469	40.76344058	-73.98268129	1
0	22	9540	462	40.74691959	-74.00451887	446	40.74487634	-73.99529885	1
0	22	12996	469	40.76344058	-73.98268129	285	40.73454567	-73.99074142	1
0	22	18520	485	40.75038009	-73.98338988	459	40.746745	-74.007756	1
0	22	35902	297	40.734232	-73.986923	528	40.74290902	-73.97706058	2
0	22	14038	325	40.73624527	-73.98473765	297	40.734232	-73.986923	1
0	22	54648	254	40.73532427	-73.99800419	525	40.75594159	-74.0021163	1
0	22	1437	312	40.722055	-73.989111	151	40.7218158	-73.99720307	3
0	22	23670	311	40.7172274	-73.98802084	282	40.70827295	-73.96834101	1
0	22	39363	293	40.73028666	-73.9907647	411	40.72228087	-73.97668709	1
0	22	2665	477	40.75640548	-73.9900262	445	40.72740794	-73.98142006	1
0	22	33508	237	40.73047309	-73.98672378	490	40.751551	-73.993934	1
0	22	1186	507	40.73912601	-73.97973776	236	40.7284186	-73.98713956	1
0	22	7575	479	40.76019252	-73.9912551	512	40.7500727	-73.99839279	1
0	22	12302	254	40.73532427	-73.99800419	293	40.73028666	-73.9907647	1
0	22	12043	490	40.751551	-73.993934	546	40.74444921	-73.98303529	1
0	22	72286	376	40.70862144	-74.00722156	349	40.71850211	-73.98329859	1
0	22	34753	2021	40.75929124	-73.98859651	296	40.71413089	-73.9970468	1
0	22	15729	324	40.689888	-73.981013	313	40.69610226	-73.96751037	1
0	22	12215	450	40.76227205	-73.98788205	490	40.751551	-73.993934	1
0	22	33384	512	40.7500727	-73.99839279	151	40.7218158	-73.99720307	1
0	22	22950	360	40.70717936	-74.00887308	304	40.70463334	-74.01361706	1
0	22	23370	537	40.74025878	-73.98409214	504	40.73221853	-73.98165557	1
0	22	20759	325	40.73624527	-73.98473765	410	40.72066442	-73.98517977	1
0	22	9261	453	40.74475148	-73.99915362	404	40.7405826	-74.00550867	1
0	22	22083	361	40.71605866	-73.99190759	408	40.71076228	-73.99400398	1
0	22	58888	329	40.72043411	-74.01020609	401	40.72019576	-73.98997825	1
0	22	6760	375	40.72679454	-73.99695094	368	40.73038599	-74.00214988	1
0	22	29777	375	40.72679454	-73.99695094	504	40.73221853	-73.98165557	1
0	22	12119	263	40.71729	-73.996375	401	40.72019576	-73.98997825	1
0	22	23636	2021	40.75929124	-73.98859651	223	40.73781509	-73.99994661	1
0	22	12340	229	40.72743423	-73.99379025	458	40.751396	-74.005226	1
0	22	1342	453	40.74475148	-73.99915362	462	40.74691959	-74.00451887	1
0	22	27245	239	40.69196566	-73.9813018	421	40.69573398	-73.97129668	1
0	22	28169	252	40.73226398	-73.99852205	304	40.70463334	-74.01361706	1
0	22	72287	474	40.7451677	-73.98683077	295	40.71406667	-73.99293911	1
0	22	13110	391	40.69760127	-73.99344559	395	40.68807003	-73.98410637	1
0	22	7777	284	40.7390169121	-74.0026376103	489	40.75066386	-74.00176802	1
0	22	59225	499	40.76915505	-73.98191841	432	40.72621788	-73.98379855	1
0	22	4890	251	40.72317958	-73.99480012	79	40.71911552	-74.00666661	1
0	22	12351	428	40.72467721	-73.98783413	504	40.73221853	-73.98165557	1
0	22	6947	440	40.75255434	-73.97282625	477	40.75640548	-73.9900262	1
0	22	39061	368	40.73038599	-74.00214988	252	40.73226398	-73.99852205	2
0	22	42753	334	40.74238787	-73.99726235	454	40.75455731	-73.96592976	1
0	22	3433	422	40.770513	-73.988038	488	40.75645824	-73.99372222	2
0	22	49296	513	40.768254	-73.988639	297	40.734232	-73.986923	1
0	22	676	519	40.75188406	-73.97770164	475	40.73524276	-73.98758561	1
0	22	38765	328	40.72405549	-74.00965965	468	40.7652654	-73.98192338	1
0	22	17847	345	40.73649403	-73.99704374	405	40.739323	-74.008119	1
0	22	41959	412	40.7158155	-73.99422366	157	40.69089272	-73.99612349	1
0	22	14183	294	40.73049393	-73.9957214	446	40.74487634	-73.99529885	1
0	22	20978	528	40.74290902	-73.97706058	454	40.75455731	-73.96592976	1
0	22	33033	293	40.73028666	-73.9907647	471	40.71286844	-73.95698119	1
0	22	1941	403	40.72502876	-73.99069656	504	40.73221853	-73.98165557	1
0	22	41309	2003	40.73416059	-73.98024289	160	40.748238	-73.978311	1
0	22	23837	225	40.74195138	-74.00803013	438	40.72779126	-73.98564945	1
0	22	3709	290	40.76020258	-73.96478473	464	40.75934501	-73.96759673	1
0	22	10385	251	40.72317958	-73.99480012	336	40.73047747	-73.99906065	1
0	22	30054	509	40.7454973	-74.00197139	251	40.72317958	-73.99480012	1
0	22	8741	293	40.73028666	-73.9907647	499	40.76915505	-73.98191841	1
0	22	38341	405	40.739323	-74.008119	72	40.76727216	-73.99392888	1
0	22	21399	528	40.74290902	-73.97706058	297	40.734232	-73.986923	1
0	22	2182	477	40.75640548	-73.9900262	228	40.7546011026	-73.971878855	1
0	22	41621	312	40.722055	-73.989111	403	40.72502876	-73.99069656	1
0	22	18124	415	40.7047177	-74.00926027	3002	40.711512	-74.015756	1
0	22	9305	116	40.74177603	-74.00149746	521	40.75044999	-73.99481051	1
0	22	14539	394	40.72521311	-73.97768752	254	40.73532427	-73.99800419	1
0	22	17327	531	40.71893904	-73.99266288	368	40.73038599	-74.00214988	1
0	22	30811	517	40.75149263	-73.97798848	446	40.74487634	-73.99529885	1
0	22	3584	72	40.76727216	-73.99392888	514	40.76087502	-74.00277668	1
0	22	14269	345	40.73649403	-73.99704374	403	40.72502876	-73.99069656	1
0	22	3248	537	40.74025878	-73.98409214	446	40.74487634	-73.99529885	1
0	22	365	346	40.73652889	-74.00618026	470	40.74345335	-74.00004031	1
0	22	33646	263	40.71729	-73.996375	251	40.72317958	-73.99480012	1
0	22	9225	404	40.7405826	-74.00550867	380	40.73401143	-74.00293877	1
0	22	35926	252	40.73226398	-73.99852205	518	40.74780373	-73.9734419	1
0	22	47357	403	40.72502876	-73.99069656	319	40.71336124	-74.00937622	1
0	22	8567	497	40.73704984	-73.99009296	335	40.72903917	-73.99404649	1
0	22	22139	293	40.73028666	-73.9907647	174	40.7381765	-73.97738662	1
0	22	58480	293	40.73028666	-73.9907647	310	40.68926942	-73.98912867	1
0	22	30264	509	40.7454973	-74.00197139	488	40.75645824	-73.99372222	2
0	22	11345	492	40.75019995	-73.99093085	488	40.75645824	-73.99372222	1
0	22	52508	490	40.751551	-73.993934	455	40.75001986	-73.96905301	1
0	22	37737	403	40.72502876	-73.99069656	369	40.73224119	-74.00026394	1
0	22	41498	83	40.68382604	-73.97632328	421	40.69573398	-73.97129668	2
0	22	12858	323	40.69236178	-73.98631746	271	40.68528172	-73.97805813	1
0	22	8841	128	40.72710258	-74.00297088	128	40.72710258	-74.00297088	1
0	22	63775	257	40.71939226	-74.00247214	236	40.7284186	-73.98713956	1
0	22	16935	353	40.68539567	-73.97431458	310	40.68926942	-73.98912867	1
0	22	21000	383	40.735238	-74.000271	546	40.74444921	-73.98303529	1
0	22	40015	294	40.73049393	-73.9957214	325	40.73624527	-73.98473765	1
0	22	21960	223	40.73781509	-73.99994661	509	40.7454973	-74.00197139	1
0	22	23031	251	40.72317958	-73.99480012	263	40.71729	-73.996375	1
0	22	58936	546	40.74444921	-73.98303529	295	40.71406667	-73.99293911	1
0	22	29665	83	40.68382604	-73.97632328	416	40.68753406	-73.97265183	1
0	22	2841	358	40.73291553	-74.00711384	380	40.73401143	-74.00293877	1
0	22	22613	359	40.75510267	-73.97498696	504	40.73221853	-73.98165557	1
0	22	51933	463	40.74206539	-74.00443172	304	40.70463334	-74.01361706	1
0	22	44917	312	40.722055	-73.989111	373	40.69331716	-73.95381995	1
0	22	9301	294	40.73049393	-73.9957214	472	40.7457121	-73.98194829	1
0	22	32041	236	40.7284186	-73.98713956	223	40.73781509	-73.99994661	1
0	22	23769	274	40.68691865	-73.976682	244	40.69196035	-73.96536851	1
0	22	61649	511	40.72938685	-73.97772429	266	40.72368361	-73.97574813	2
0	22	48874	275	40.68650065	-73.96563307	366	40.693261	-73.968896	1
0	22	27243	489	40.75066386	-74.00176802	348	40.72490985	-74.00154702	1
0	22	50811	401	40.72019576	-73.98997825	486	40.7462009	-73.98855723	1
0	22	12657	382	40.73492695	-73.99200509	334	40.74238787	-73.99726235	1
0	22	23525	310	40.68926942	-73.98912867	274	40.68691865	-73.976682	1
0	22	11474	291	40.713126	-73.984844	459	40.746745	-74.007756	1
0	22	20173	265	40.72229346	-73.99147535	400	40.71926081	-73.98178024	1
0	22	38828	520	40.75992262	-73.97648516	493	40.7568001	-73.98291153	1
0	22	28702	236	40.7284186	-73.98713956	492	40.75019995	-73.99093085	1
0	22	14323	233	40.69246277	-73.98963911	261	40.69474881	-73.98362464	1
0	22	3559	229	40.72743423	-73.99379025	369	40.73224119	-74.00026394	1
0	22	33239	490	40.751551	-73.993934	512	40.7500727	-73.99839279	1
0	22	10019	444	40.7423543	-73.98915076	497	40.73704984	-73.99009296	1
0	22	7888	345	40.73649403	-73.99704374	466	40.74395411	-73.99144871	1
0	22	618	521	40.75044999	-73.99481051	462	40.74691959	-74.00451887	1
0	22	63283	300	40.728145	-73.990214	528	40.74290902	-73.97706058	1
0	22	3793	237	40.73047309	-73.98672378	250	40.72456089	-73.99565293	1
0	22	70492	528	40.74290902	-73.97706058	423	40.76584941	-73.98690506	1
0	22	10276	247	40.73535398	-74.00483091	247	40.73535398	-74.00483091	2
0	22	4730	383	40.735238	-74.000271	168	40.73971301	-73.99456405	1
0	22	32940	329	40.72043411	-74.01020609	247	40.73535398	-74.00483091	1
0	22	17181	521	40.75044999	-73.99481051	334	40.74238787	-73.99726235	1
0	22	179	334	40.74238787	-73.99726235	450	40.76227205	-73.98788205	1
0	22	1150	128	40.72710258	-74.00297088	519	40.75188406	-73.97770164	1
0	22	5674	489	40.75066386	-74.00176802	463	40.74206539	-74.00443172	2
0	22	8857	546	40.74444921	-73.98303529	466	40.74395411	-73.99144871	1
0	22	917	504	40.73221853	-73.98165557	2012	40.739445	-73.976806	1
0	22	54676	387	40.71273266	-74.0046073	82	40.71117416	-74.00016545	1
0	22	14165	479	40.76019252	-73.9912551	488	40.75645824	-73.99372222	1
0	22	17034	522	40.75714758	-73.97207836	447	40.76370739	-73.9851615	1
0	22	34983	405	40.739323	-74.008119	254	40.73532427	-73.99800419	2
0	22	40158	528	40.74290902	-73.97706058	428	40.72467721	-73.98783413	1
0	22	21907	504	40.73221853	-73.98165557	432	40.72621788	-73.98379855	1
0	22	8702	477	40.75640548	-73.9900262	448	40.75660359	-73.9979009	1
0	22	34070	507	40.73912601	-73.97973776	532	40.710451	-73.960876	1
0	22	11174	380	40.73401143	-74.00293877	470	40.74345335	-74.00004031	1
0	22	42013	252	40.73226398	-73.99852205	494	40.74734825	-73.99723551	1
0	22	28167	488	40.75645824	-73.99372222	456	40.7597108	-73.97402311	1
0	22	13740	153	40.752062307	-73.9816324043	521	40.75044999	-73.99481051	1
0	22	70958	475	40.73524276	-73.98758561	319	40.71336124	-74.00937622	1
0	22	28905	257	40.71939226	-74.00247214	224	40.71146364	-74.00552427	1
0	22	21184	495	40.76269882	-73.99301222	529	40.7575699	-73.99098507	1
0	22	33245	393	40.72299208	-73.97995466	2010	40.72165481	-74.00234737	2
0	22	2589	297	40.734232	-73.986923	325	40.73624527	-73.98473765	1
0	22	21122	399	40.68851534	-73.9647628	354	40.69363137	-73.96223558	1
0	22	21577	300	40.728145	-73.990214	266	40.72368361	-73.97574813	1
0	22	17477	345	40.73649403	-73.99704374	237	40.73047309	-73.98672378	1
0	22	27349	284	40.7390169121	-74.0026376103	490	40.751551	-73.993934	1
0	22	41799	254	40.73532427	-73.99800419	519	40.75188406	-73.97770164	1
0	22	12609	477	40.75640548	-73.9900262	375	40.72679454	-73.99695094	1
0	22	11367	318	40.75320159	-73.9779874	440	40.75255434	-73.97282625	1
0	22	19029	504	40.73221853	-73.98165557	382	40.73492695	-73.99200509	1
0	22	53148	326	40.72953837	-73.98426726	450	40.76227205	-73.98788205	1
0	22	22181	521	40.75044999	-73.99481051	453	40.74475148	-73.99915362	1
0	22	12308	153	40.752062307	-73.9816324043	253	40.73543934	-73.99453948	1
0	22	9031	404	40.7405826	-74.00550867	450	40.76227205	-73.98788205	1
