0	23	57018	406	40.69512845	-73.99595065	523	40.75466591	-73.99138152	1
0	23	16129	442	40.746647	-73.993915	271	40.68528172	-73.97805813	1
0	23	41237	462	40.74691959	-74.00451887	450	40.76227205	-73.98788205	1
0	23	52396	505	40.74901271	-73.98848395	445	40.72740794	-73.98142006	1
0	23	33778	450	40.76227205	-73.98788205	405	40.739323	-74.008119	1
0	23	43774	347	40.72873888	-74.00748842	297	40.734232	-73.986923	1
0	23	37067	305	40.76095756	-73.96724467	539	40.71534825	-73.96024116	1
0	23	1964	161	40.72917025	-73.99810231	426	40.71754834	-74.01322069	1
0	23	12218	236	40.7284186	-73.98713956	539	40.71534825	-73.96024116	1
0	23	17751	363	40.70834698	-74.01713445	446	40.74487634	-73.99529885	1
0	23	27032	508	40.76341379	-73.99667444	479	40.76019252	-73.9912551	1
0	23	23451	441	40.756014	-73.967416	295	40.71406667	-73.99293911	1
0	23	57033	439	40.7262807	-73.98978041	372	40.694528	-73.958089	1
0	23	34986	347	40.72873888	-74.00748842	532	40.710451	-73.960876	1
0	23	57034	326	40.72953837	-73.98426726	436	40.68216564	-73.95399026	1
0	23	33984	151	40.7218158	-73.99720307	244	40.69196035	-73.96536851	1
0	23	12178	127	40.73172428	-74.00674436	347	40.72873888	-74.00748842	1
0	23	2968	479	40.76019252	-73.9912551	3002	40.711512	-74.015756	1
0	23	57035	498	40.74854862	-73.98808416	360	40.70717936	-74.00887308	1
0	23	11703	127	40.73172428	-74.00674436	382	40.73492695	-73.99200509	1
0	23	12139	508	40.76341379	-73.99667444	385	40.75797322	-73.96603308	1
0	23	6135	311	40.7172274	-73.98802084	518	40.74780373	-73.9734419	1
0	23	43268	368	40.73038599	-74.00214988	532	40.710451	-73.960876	1
0	23	57038	217	40.70277159	-73.99383605	326	40.72953837	-73.98426726	1
0	23	56080	432	40.72621788	-73.98379855	490	40.751551	-73.993934	1
0	23	49606	384	40.68317813	-73.9659641	460	40.71285887	-73.96590294	1
0	23	44562	223	40.73781509	-73.99994661	438	40.72779126	-73.98564945	1
0	23	42085	401	40.72019576	-73.98997825	478	40.76030096	-73.99884222	1
0	23	21022	369	40.73224119	-74.00026394	512	40.7500727	-73.99839279	1
0	23	20356	488	40.75645824	-73.99372222	422	40.770513	-73.988038	1
0	23	3611	327	40.7153379	-74.01658354	327	40.7153379	-74.01658354	1
0	23	21897	499	40.76915505	-73.98191841	160	40.748238	-73.978311	1
0	23	1245	263	40.71729	-73.996375	475	40.73524276	-73.98758561	1
0	23	8408	312	40.722055	-73.989111	462	40.74691959	-74.00451887	1
0	23	5597	398	40.69165183	-73.9999786	242	40.69788349	-73.97350332	3
0	23	57039	336	40.73047747	-73.99906065	469	40.76344058	-73.98268129	1
0	23	19329	290	40.76020258	-73.96478473	401	40.72019576	-73.98997825	1
0	23	37883	345	40.73649403	-73.99704374	316	40.70955958	-74.00653609	1
0	23	11721	538	40.75795248	-73.97787642	306	40.70823502	-74.00530063	1
0	23	23573	404	40.7405826	-74.00550867	466	40.74395411	-73.99144871	1
0	23	57041	375	40.72679454	-73.99695094	262	40.69178232	-73.97372989	1
0	23	2969	438	40.72779126	-73.98564945	461	40.73587678	-73.98205027	1
0	23	7309	404	40.7405826	-74.00550867	474	40.7451677	-73.98683077	1
0	23	41802	310	40.68926942	-73.98912867	471	40.71286844	-73.95698119	1
0	23	57042	297	40.734232	-73.986923	274	40.68691865	-73.976682	1
0	23	9801	519	40.75188406	-73.97770164	297	40.734232	-73.986923	1
0	23	22424	317	40.72453734	-73.98185424	527	40.74315566	-73.97434726	2
0	23	50211	432	40.72621788	-73.98379855	404	40.7405826	-74.00550867	1
0	23	41279	546	40.74444921	-73.98303529	307	40.71427487	-73.98990025	1
0	23	5613	318	40.75320159	-73.9779874	479	40.76019252	-73.9912551	1
0	23	23438	493	40.7568001	-73.98291153	459	40.746745	-74.007756	1
0	23	674	494	40.74734825	-73.99723551	511	40.72938685	-73.97772429	1
0	23	37299	423	40.76584941	-73.98690506	151	40.7218158	-73.99720307	1
0	23	22463	312	40.722055	-73.989111	438	40.72779126	-73.98564945	1
0	23	57043	495	40.76269882	-73.99301222	403	40.72502876	-73.99069656	1
0	23	57044	161	40.72917025	-73.99810231	499	40.76915505	-73.98191841	1
0	23	57045	483	40.73223272	-73.98889957	385	40.75797322	-73.96603308	1
0	23	27832	304	40.70463334	-74.01361706	331	40.71173107	-73.99193043	1
0	23	195	285	40.73454567	-73.99074142	447	40.76370739	-73.9851615	1
0	23	57046	2017	40.75022392	-73.97121414	300	40.728145	-73.990214	1
0	23	4412	285	40.73454567	-73.99074142	459	40.746745	-74.007756	2
0	23	9611	305	40.76095756	-73.96724467	546	40.74444921	-73.98303529	1
0	23	33151	493	40.7568001	-73.98291153	290	40.76020258	-73.96478473	1
0	23	15736	390	40.69221589	-73.9842844	417	40.71291224	-74.01020234	1
0	23	11534	532	40.710451	-73.960876	401	40.72019576	-73.98997825	1
0	23	13515	368	40.73038599	-74.00214988	401	40.72019576	-73.98997825	1
0	23	33133	128	40.72710258	-74.00297088	326	40.72953837	-73.98426726	1
0	23	57049	327	40.7153379	-74.01658354	390	40.69221589	-73.9842844	1
0	23	57050	422	40.770513	-73.988038	320	40.71743998	-74.00583475	2
0	23	31089	524	40.75527307	-73.98316936	2021	40.75929124	-73.98859651	1
0	23	57051	439	40.7262807	-73.98978041	515	40.76009437	-73.99461843	1
0	23	1217	439	40.7262807	-73.98978041	521	40.75044999	-73.99481051	1
0	23	12643	151	40.7218158	-73.99720307	326	40.72953837	-73.98426726	1
0	23	28542	318	40.75320159	-73.9779874	326	40.72953837	-73.98426726	1
0	23	10808	518	40.74780373	-73.9734419	325	40.73624527	-73.98473765	1
0	23	19311	285	40.73454567	-73.99074142	237	40.73047309	-73.98672378	1
0	23	47468	2003	40.73416059	-73.98024289	482	40.73935542	-73.99931783	1
0	23	14824	479	40.76019252	-73.9912551	459	40.746745	-74.007756	1
0	23	23670	311	40.7172274	-73.98802084	282	40.70827295	-73.96834101	1
0	23	6062	282	40.70827295	-73.96834101	2002	40.716887	-73.963198	2
0	23	22022	466	40.74395411	-73.99144871	345	40.73649403	-73.99704374	1
0	23	23636	2021	40.75929124	-73.98859651	223	40.73781509	-73.99994661	1
0	23	19645	419	40.69580705	-73.97355569	401	40.72019576	-73.98997825	1
0	23	14471	476	40.74394314	-73.97966069	545	40.736502	-73.97809472	1
0	23	41774	284	40.7390169121	-74.0026376103	363	40.70834698	-74.01713445	1
0	23	23884	244	40.69196035	-73.96536851	353	40.68539567	-73.97431458	1
0	23	4831	490	40.751551	-73.993934	469	40.76344058	-73.98268129	1
0	23	13509	128	40.72710258	-74.00297088	358	40.73291553	-74.00711384	1
0	23	18384	476	40.74394314	-73.97966069	236	40.7284186	-73.98713956	1
0	23	29844	394	40.72521311	-73.97768752	383	40.735238	-74.000271	1
0	23	20983	446	40.74487634	-73.99529885	450	40.76227205	-73.98788205	1
0	23	26865	477	40.75640548	-73.9900262	525	40.75594159	-74.0021163	1
0	23	44174	238	40.7361967	-74.00859207	462	40.74691959	-74.00451887	1
0	23	10289	540	40.74147286	-73.98320928	285	40.73454567	-73.99074142	1
0	23	30386	336	40.73047747	-73.99906065	307	40.71427487	-73.98990025	1
0	23	12121	505	40.74901271	-73.98848395	477	40.75640548	-73.9900262	1
0	23	57052	481	40.71260486	-73.96264403	416	40.68753406	-73.97265183	1
0	23	23170	473	40.72110063	-73.9919254	236	40.7284186	-73.98713956	1
0	23	51954	499	40.76915505	-73.98191841	393	40.72299208	-73.97995466	1
0	23	31753	300	40.728145	-73.990214	511	40.72938685	-73.97772429	1
0	23	582	505	40.74901271	-73.98848395	116	40.74177603	-74.00149746	1
0	23	57053	485	40.75038009	-73.98338988	312	40.722055	-73.989111	1
0	23	2919	488	40.75645824	-73.99372222	334	40.74238787	-73.99726235	1
0	23	41120	367	40.75828065	-73.97069431	297	40.734232	-73.986923	1
0	23	22912	423	40.76584941	-73.98690506	2021	40.75929124	-73.98859651	1
0	23	513	434	40.74317449	-74.00366443	325	40.73624527	-73.98473765	1
0	23	54474	313	40.69610226	-73.96751037	270	40.69308257	-73.97178913	1
0	23	57054	499	40.76915505	-73.98191841	345	40.73649403	-73.99704374	1
0	23	14432	497	40.73704984	-73.99009296	284	40.7390169121	-74.0026376103	1
0	23	14956	441	40.756014	-73.967416	518	40.74780373	-73.9734419	1
0	23	55836	233	40.69246277	-73.98963911	262	40.69178232	-73.97372989	1
0	23	15548	295	40.71406667	-73.99293911	341	40.71782143	-73.97628939	1
0	23	39255	472	40.7457121	-73.98194829	531	40.71893904	-73.99266288	1
0	23	3652	437	40.6809833854	-73.9500479759	409	40.6906495	-73.95643107	1
0	23	27103	285	40.73454567	-73.99074142	127	40.73172428	-74.00674436	1
0	23	6765	347	40.72873888	-74.00748842	284	40.7390169121	-74.0026376103	1
0	23	12936	236	40.7284186	-73.98713956	532	40.710451	-73.960876	1
0	23	46219	438	40.72779126	-73.98564945	507	40.73912601	-73.97973776	1
0	23	22355	479	40.76019252	-73.9912551	382	40.73492695	-73.99200509	1
0	23	20610	268	40.71910537	-73.99973337	519	40.75188406	-73.97770164	1
0	23	7927	167	40.7489006	-73.97604882	301	40.72217444	-73.98368779	1
0	23	57055	419	40.69580705	-73.97355569	160	40.748238	-73.978311	1
0	23	57056	434	40.74317449	-74.00366443	516	40.75206862	-73.96784384	1
0	23	28201	499	40.76915505	-73.98191841	517	40.75149263	-73.97798848	1
0	23	3491	223	40.73781509	-73.99994661	284	40.7390169121	-74.0026376103	1
0	23	28857	307	40.71427487	-73.98990025	389	40.71044554	-73.96525063	1
0	23	17733	348	40.72490985	-74.00154702	257	40.71939226	-74.00247214	1
0	23	23424	83	40.68382604	-73.97632328	448	40.75660359	-73.9979009	1
0	23	11085	293	40.73028666	-73.9907647	301	40.72217444	-73.98368779	1
0	23	9928	329	40.72043411	-74.01020609	327	40.7153379	-74.01658354	1
0	23	47017	301	40.72217444	-73.98368779	361	40.71605866	-73.99190759	1
0	23	57057	417	40.71291224	-74.01020234	397	40.68415748	-73.96922273	1
0	23	5678	459	40.746745	-74.007756	161	40.72917025	-73.99810231	1
0	23	57058	263	40.71729	-73.996375	507	40.73912601	-73.97973776	1
0	23	31907	442	40.746647	-73.993915	358	40.73291553	-74.00711384	1
0	23	37633	531	40.71893904	-73.99266288	300	40.728145	-73.990214	1
0	23	23899	521	40.75044999	-73.99481051	523	40.75466591	-73.99138152	1
0	23	43865	410	40.72066442	-73.98517977	300	40.728145	-73.990214	1
0	23	8315	293	40.73028666	-73.9907647	404	40.7405826	-74.00550867	1
0	23	32199	345	40.73649403	-73.99704374	319	40.71336124	-74.00937622	1
0	23	26696	328	40.72405549	-74.00965965	254	40.73532427	-73.99800419	1
0	23	12446	161	40.72917025	-73.99810231	251	40.72317958	-73.99480012	1
0	23	36154	426	40.71754834	-74.01322069	223	40.73781509	-73.99994661	1
0	23	57059	294	40.73049393	-73.9957214	241	40.68981035	-73.97493121	1
0	23	30741	446	40.74487634	-73.99529885	426	40.71754834	-74.01322069	1
0	23	20643	446	40.74487634	-73.99529885	515	40.76009437	-73.99461843	1
0	23	9198	293	40.73028666	-73.9907647	489	40.75066386	-74.00176802	1
0	23	19040	518	40.74780373	-73.9734419	462	40.74691959	-74.00451887	1
0	23	20446	437	40.6809833854	-73.9500479759	436	40.68216564	-73.95399026	1
0	23	49502	237	40.73047309	-73.98672378	291	40.713126	-73.984844	1
0	23	8750	285	40.73454567	-73.99074142	223	40.73781509	-73.99994661	1
0	23	6778	147	40.71542197	-74.01121978	320	40.71743998	-74.00583475	1
0	23	470	284	40.7390169121	-74.0026376103	470	40.74345335	-74.00004031	1
0	23	12609	477	40.75640548	-73.9900262	375	40.72679454	-73.99695094	1
0	23	17970	237	40.73047309	-73.98672378	536	40.74144387	-73.97536082	1
0	23	24547	330	40.71450451	-74.00562789	249	40.71870987	-74.0090009	1
0	23	35652	347	40.72873888	-74.00748842	367	40.75828065	-73.97069431	1
0	23	26840	477	40.75640548	-73.9900262	479	40.76019252	-73.9912551	1
0	23	7276	2017	40.75022392	-73.97121414	540	40.74147286	-73.98320928	1
0	23	57060	224	40.71146364	-74.00552427	470	40.74345335	-74.00004031	1
0	23	39824	358	40.73291553	-74.00711384	410	40.72066442	-73.98517977	1
0	23	32929	521	40.75044999	-73.99481051	483	40.73223272	-73.98889957	1
0	23	23976	369	40.73224119	-74.00026394	151	40.7218158	-73.99720307	1
0	23	41920	453	40.74475148	-73.99915362	449	40.76461837	-73.98789473	1
0	23	2897	519	40.75188406	-73.97770164	523	40.75466591	-73.99138152	1
0	23	34972	449	40.76461837	-73.98789473	453	40.74475148	-73.99915362	2
0	23	11635	521	40.75044999	-73.99481051	450	40.76227205	-73.98788205	1
0	23	22013	387	40.71273266	-74.0046073	143	40.69239502	-73.99337909	1
0	23	30151	458	40.751396	-74.005226	2022	40.75849116	-73.95920622	1
0	23	53456	254	40.73532427	-73.99800419	410	40.72066442	-73.98517977	1
0	23	2422	459	40.746745	-74.007756	482	40.73935542	-73.99931783	1
0	23	5984	307	40.71427487	-73.98990025	355	40.71602118	-73.99974372	1
0	23	27162	461	40.73587678	-73.98205027	402	40.7403432	-73.98955109	1
0	23	794	492	40.75019995	-73.99093085	527	40.74315566	-73.97434726	1
0	23	1493	472	40.7457121	-73.98194829	527	40.74315566	-73.97434726	1
0	23	560	116	40.74177603	-74.00149746	504	40.73221853	-73.98165557	1
0	23	19332	364	40.68900443	-73.96023854	354	40.69363137	-73.96223558	1
0	23	28263	236	40.7284186	-73.98713956	326	40.72953837	-73.98426726	2
0	23	947	521	40.75044999	-73.99481051	116	40.74177603	-74.00149746	1
0	23	1131	405	40.739323	-74.008119	426	40.71754834	-74.01322069	4
0	23	11592	308	40.71307916	-73.99851193	268	40.71910537	-73.99973337	1
0	23	43786	450	40.76227205	-73.98788205	263	40.71729	-73.996375	1
0	23	54667	325	40.73624527	-73.98473765	361	40.71605866	-73.99190759	1
0	23	792	529	40.7575699	-73.99098507	527	40.74315566	-73.97434726	1
0	23	3394	382	40.73492695	-73.99200509	128	40.72710258	-74.00297088	1
0	23	18879	285	40.73454567	-73.99074142	438	40.72779126	-73.98564945	1
0	23	40593	445	40.72740794	-73.98142006	536	40.74144387	-73.97536082	1
0	23	15217	499	40.76915505	-73.98191841	523	40.75466591	-73.99138152	1
0	23	21217	336	40.73047747	-73.99906065	347	40.72873888	-74.00748842	1
0	23	19427	285	40.73454567	-73.99074142	368	40.73038599	-74.00214988	1
0	23	23779	537	40.74025878	-73.98409214	312	40.722055	-73.989111	1
0	23	14163	521	40.75044999	-73.99481051	433	40.72955361	-73.98057249	1
0	23	31925	316	40.70955958	-74.00653609	295	40.71406667	-73.99293911	1
0	23	30116	258	40.68940747	-73.96885458	419	40.69580705	-73.97355569	1
0	23	34870	147	40.71542197	-74.01121978	334	40.74238787	-73.99726235	1
0	23	18978	151	40.7218158	-73.99720307	311	40.7172274	-73.98802084	1
0	23	57061	481	40.71260486	-73.96264403	373	40.69331716	-73.95381995	2
0	23	3055	223	40.73781509	-73.99994661	368	40.73038599	-74.00214988	1
0	23	19278	152	40.71473993	-74.00910627	306	40.70823502	-74.00530063	1
0	23	28293	128	40.72710258	-74.00297088	300	40.728145	-73.990214	1
0	23	5460	251	40.72317958	-73.99480012	363	40.70834698	-74.01713445	1
0	23	14686	532	40.710451	-73.960876	2002	40.716887	-73.963198	1
0	23	14381	223	40.73781509	-73.99994661	280	40.73331967	-73.99510132	1
0	23	29603	537	40.74025878	-73.98409214	457	40.76695317	-73.98169333	1
0	23	3368	237	40.73047309	-73.98672378	476	40.74394314	-73.97966069	1
0	23	2612	402	40.7403432	-73.98955109	285	40.73454567	-73.99074142	1
0	23	7733	435	40.74173969	-73.99415556	489	40.75066386	-74.00176802	1
0	23	11062	383	40.735238	-74.000271	251	40.72317958	-73.99480012	1
0	23	7376	280	40.73331967	-73.99510132	251	40.72317958	-73.99480012	1
0	23	30039	265	40.72229346	-73.99147535	539	40.71534825	-73.96024116	1
0	23	10493	499	40.76915505	-73.98191841	450	40.76227205	-73.98788205	1
0	23	3827	490	40.751551	-73.993934	281	40.7643971	-73.97371465	1
0	23	57062	249	40.71870987	-74.0090009	296	40.71413089	-73.9970468	1
0	23	24022	334	40.74238787	-73.99726235	405	40.739323	-74.008119	1
0	23	21643	529	40.7575699	-73.99098507	449	40.76461837	-73.98789473	1
0	23	33606	385	40.75797322	-73.96603308	507	40.73912601	-73.97973776	1
0	23	57063	336	40.73047747	-73.99906065	351	40.70530954	-74.00612572	1
0	23	57064	434	40.74317449	-74.00366443	304	40.70463334	-74.01361706	1
0	23	22296	368	40.73038599	-74.00214988	473	40.72110063	-73.9919254	1
0	23	27406	265	40.72229346	-73.99147535	2009	40.71117444	-73.99682619	1
0	23	26224	492	40.75019995	-73.99093085	335	40.72903917	-73.99404649	1
0	23	25349	482	40.73935542	-73.99931783	524	40.75527307	-73.98316936	1
0	23	23550	428	40.72467721	-73.98783413	331	40.71173107	-73.99193043	1
0	23	15129	520	40.75992262	-73.97648516	447	40.76370739	-73.9851615	1
0	23	19301	329	40.72043411	-74.01020609	380	40.73401143	-74.00293877	1
0	23	13062	410	40.72066442	-73.98517977	428	40.72467721	-73.98783413	1
0	23	5573	492	40.75019995	-73.99093085	447	40.76370739	-73.9851615	1
0	23	34079	146	40.71625008	-74.0091059	465	40.75513557	-73.98658032	1
0	23	34070	507	40.73912601	-73.97973776	532	40.710451	-73.960876	1
0	23	20924	448	40.75660359	-73.9979009	447	40.76370739	-73.9851615	1
0	23	11722	447	40.76370739	-73.9851615	334	40.74238787	-73.99726235	1
0	23	30731	266	40.72368361	-73.97574813	326	40.72953837	-73.98426726	1
0	23	57065	294	40.73049393	-73.9957214	352	40.76340613	-73.97722479	1
0	23	21853	369	40.73224119	-74.00026394	518	40.74780373	-73.9734419	1
0	23	129	471	40.71286844	-73.95698119	532	40.710451	-73.960876	1
0	23	14187	479	40.76019252	-73.9912551	441	40.756014	-73.967416	1
0	23	32991	398	40.69165183	-73.9999786	216	40.70037867	-73.99548059	1
0	23	10385	251	40.72317958	-73.99480012	336	40.73047747	-73.99906065	1
0	23	43732	402	40.7403432	-73.98955109	297	40.734232	-73.986923	1
0	23	42026	312	40.722055	-73.989111	265	40.72229346	-73.99147535	1
0	23	27661	382	40.73492695	-73.99200509	311	40.7172274	-73.98802084	1
0	23	33425	483	40.73223272	-73.98889957	432	40.72621788	-73.98379855	1
0	23	21345	348	40.72490985	-74.00154702	303	40.72362738	-73.99949601	1
0	23	443	539	40.71534825	-73.96024116	428	40.72467721	-73.98783413	2
0	23	23542	263	40.71729	-73.996375	2009	40.71117444	-73.99682619	1
0	23	12822	479	40.76019252	-73.9912551	494	40.74734825	-73.99723551	2
0	23	7769	475	40.73524276	-73.98758561	459	40.746745	-74.007756	1
0	23	10379	497	40.73704984	-73.99009296	368	40.73038599	-74.00214988	1
0	23	24961	297	40.734232	-73.986923	223	40.73781509	-73.99994661	1
0	23	24934	265	40.72229346	-73.99147535	150	40.7208736	-73.98085795	1
0	23	11623	263	40.71729	-73.996375	291	40.713126	-73.984844	1
0	23	20605	529	40.7575699	-73.99098507	525	40.75594159	-74.0021163	1
0	23	53785	82	40.71117416	-74.00016545	525	40.75594159	-74.0021163	1
0	23	35193	477	40.75640548	-73.9900262	303	40.72362738	-73.99949601	1
0	23	24040	345	40.73649403	-73.99704374	311	40.7172274	-73.98802084	1
0	23	14722	474	40.7451677	-73.98683077	375	40.72679454	-73.99695094	1
0	23	41709	483	40.73223272	-73.98889957	411	40.72228087	-73.97668709	1
0	23	53645	458	40.751396	-74.005226	516	40.75206862	-73.96784384	1
0	23	26997	494	40.74734825	-73.99723551	305	40.76095756	-73.96724467	1
0	23	7626	293	40.73028666	-73.9907647	284	40.7390169121	-74.0026376103	1
0	23	17878	465	40.75513557	-73.98658032	347	40.72873888	-74.00748842	1
0	23	5793	462	40.74691959	-74.00451887	385	40.75797322	-73.96603308	1
0	23	22436	439	40.7262807	-73.98978041	531	40.71893904	-73.99266288	1
0	23	37590	514	40.76087502	-74.00277668	72	40.76727216	-73.99392888	1
0	23	3683	450	40.76227205	-73.98788205	152	40.71473993	-74.00910627	1
0	23	49693	462	40.74691959	-74.00451887	360	40.70717936	-74.00887308	1
0	23	18112	462	40.74691959	-74.00451887	236	40.7284186	-73.98713956	1
0	23	11428	478	40.76030096	-73.99884222	426	40.71754834	-74.01322069	1
0	23	55932	545	40.736502	-73.97809472	412	40.7158155	-73.99422366	1
0	23	15888	151	40.7218158	-73.99720307	284	40.7390169121	-74.0026376103	1
0	23	57066	515	40.76009437	-73.99461843	441	40.756014	-73.967416	1
0	23	20978	528	40.74290902	-73.97706058	454	40.75455731	-73.96592976	2
0	23	39376	474	40.7451677	-73.98683077	438	40.72779126	-73.98564945	1
0	23	31479	504	40.73221853	-73.98165557	455	40.75001986	-73.96905301	1
0	23	25546	417	40.71291224	-74.01020234	417	40.71291224	-74.01020234	1
0	23	151	483	40.73223272	-73.98889957	345	40.73649403	-73.99704374	1
0	23	24394	432	40.72621788	-73.98379855	302	40.72082834	-73.97793172	1
0	23	47933	540	40.74147286	-73.98320928	195	40.70905623	-74.01043382	1
0	23	32443	312	40.722055	-73.989111	439	40.7262807	-73.98978041	1
0	23	880	529	40.7575699	-73.99098507	173	40.76064679	-73.98442659	1
0	23	8848	476	40.74394314	-73.97966069	446	40.74487634	-73.99529885	1
0	23	1903	394	40.72521311	-73.97768752	285	40.73454567	-73.99074142	1
0	23	15585	434	40.74317449	-74.00366443	254	40.73532427	-73.99800419	1
0	23	19836	494	40.74734825	-73.99723551	540	40.74147286	-73.98320928	1
0	23	32023	518	40.74780373	-73.9734419	447	40.76370739	-73.9851615	1
0	23	52609	352	40.76340613	-73.97722479	442	40.746647	-73.993915	1
0	23	23110	251	40.72317958	-73.99480012	326	40.72953837	-73.98426726	1
0	23	18283	355	40.71602118	-73.99974372	195	40.70905623	-74.01043382	2
0	23	40603	336	40.73047747	-73.99906065	536	40.74144387	-73.97536082	1
0	23	21388	224	40.71146364	-74.00552427	360	40.70717936	-74.00887308	1
0	23	20151	435	40.74173969	-73.99415556	405	40.739323	-74.008119	1
0	23	21501	521	40.75044999	-73.99481051	449	40.76461837	-73.98789473	1
0	23	54634	228	40.7546011026	-73.971878855	361	40.71605866	-73.99190759	1
0	23	23452	228	40.7546011026	-73.971878855	385	40.75797322	-73.96603308	1
0	23	11325	128	40.72710258	-74.00297088	2010	40.72165481	-74.00234737	1
0	23	1901	482	40.73935542	-73.99931783	521	40.75044999	-73.99481051	1
0	23	31701	326	40.72953837	-73.98426726	358	40.73291553	-74.00711384	1
0	23	12134	268	40.71910537	-73.99973337	82	40.71117416	-74.00016545	1
0	23	45559	237	40.73047309	-73.98672378	350	40.71559509	-73.9870295	1
0	23	68	347	40.72873888	-74.00748842	513	40.768254	-73.988639	1
0	23	24021	300	40.728145	-73.990214	477	40.75640548	-73.9900262	1
0	23	54689	494	40.74734825	-73.99723551	427	40.70251526	-74.01427023	1
0	23	34945	472	40.7457121	-73.98194829	309	40.7149787	-74.013012	1
0	23	58	435	40.74173969	-73.99415556	462	40.74691959	-74.00451887	1
0	23	103	348	40.72490985	-74.00154702	417	40.71291224	-74.01020234	2
0	23	57067	397	40.68415748	-73.96922273	373	40.69331716	-73.95381995	1
0	23	31845	347	40.72873888	-74.00748842	495	40.76269882	-73.99301222	1
0	23	12629	450	40.76227205	-73.98788205	450	40.76227205	-73.98788205	1
0	23	29596	453	40.74475148	-73.99915362	514	40.76087502	-74.00277668	1
0	23	2234	519	40.75188406	-73.97770164	454	40.75455731	-73.96592976	1
0	23	50282	305	40.76095756	-73.96724467	447	40.76370739	-73.9851615	1
0	23	11701	515	40.76009437	-73.99461843	458	40.751396	-74.005226	1
0	23	19393	511	40.72938685	-73.97772429	394	40.72521311	-73.97768752	1
0	23	46069	499	40.76915505	-73.98191841	252	40.73226398	-73.99852205	1
0	23	13070	446	40.74487634	-73.99529885	453	40.74475148	-73.99915362	1
0	23	34147	336	40.73047747	-73.99906065	450	40.76227205	-73.98788205	1
0	23	5957	490	40.751551	-73.993934	450	40.76227205	-73.98788205	1
0	23	642	483	40.73223272	-73.98889957	301	40.72217444	-73.98368779	1
0	23	38082	367	40.75828065	-73.97069431	432	40.72621788	-73.98379855	1
0	23	19874	324	40.689888	-73.981013	244	40.69196035	-73.96536851	1
0	23	35186	336	40.73047747	-73.99906065	300	40.728145	-73.990214	1
0	23	10127	2002	40.716887	-73.963198	282	40.70827295	-73.96834101	3
0	23	45584	383	40.735238	-74.000271	363	40.70834698	-74.01713445	1
0	23	17892	297	40.734232	-73.986923	511	40.72938685	-73.97772429	1
0	23	21810	403	40.72502876	-73.99069656	280	40.73331967	-73.99510132	1
0	23	31043	469	40.76344058	-73.98268129	405	40.739323	-74.008119	1
0	23	3618	382	40.73492695	-73.99200509	404	40.7405826	-74.00550867	1
0	23	37238	229	40.72743423	-73.99379025	496	40.73726186	-73.99238967	1
0	23	38381	403	40.72502876	-73.99069656	546	40.74444921	-73.98303529	1
0	23	24957	151	40.7218158	-73.99720307	415	40.7047177	-74.00926027	1
0	23	27583	457	40.76695317	-73.98169333	237	40.73047309	-73.98672378	1
0	23	33218	490	40.751551	-73.993934	356	40.71622644	-73.98261206	1
0	23	12227	383	40.735238	-74.000271	347	40.72873888	-74.00748842	1
0	23	2431	233	40.69246277	-73.98963911	144	40.69839895	-73.98068914	1
0	23	57068	2010	40.72165481	-74.00234737	264	40.70706456	-74.00731853	1
0	23	17703	161	40.72917025	-73.99810231	417	40.71291224	-74.01020234	1
0	23	39492	390	40.69221589	-73.9842844	289	40.6845683	-73.95881081	1
0	23	16886	225	40.74195138	-74.00803013	363	40.70834698	-74.01713445	1
0	23	14241	285	40.73454567	-73.99074142	168	40.73971301	-73.99456405	1
0	23	15639	517	40.75149263	-73.97798848	477	40.75640548	-73.9900262	1
0	23	38989	337	40.7037992	-74.00838676	360	40.70717936	-74.00887308	1
0	23	21824	410	40.72066442	-73.98517977	150	40.7208736	-73.98085795	1
0	23	10040	223	40.73781509	-73.99994661	347	40.72873888	-74.00748842	1
0	23	3986	438	40.72779126	-73.98564945	325	40.73624527	-73.98473765	1
0	23	57069	529	40.7575699	-73.99098507	501	40.744219	-73.97121214	1
0	23	2808	472	40.7457121	-73.98194829	507	40.73912601	-73.97973776	1
0	23	13732	433	40.72955361	-73.98057249	402	40.7403432	-73.98955109	1
0	23	16832	528	40.74290902	-73.97706058	403	40.72502876	-73.99069656	1
0	23	4857	345	40.73649403	-73.99704374	462	40.74691959	-74.00451887	1
0	23	14747	507	40.73912601	-73.97973776	237	40.73047309	-73.98672378	1
0	23	2097	350	40.71559509	-73.9870295	329	40.72043411	-74.01020609	1
0	23	1703	385	40.75797322	-73.96603308	493	40.7568001	-73.98291153	2
0	23	15535	168	40.73971301	-73.99456405	477	40.75640548	-73.9900262	1
0	23	1123	545	40.736502	-73.97809472	527	40.74315566	-73.97434726	1
0	23	19362	320	40.71743998	-74.00583475	320	40.71743998	-74.00583475	1
0	23	30912	290	40.76020258	-73.96478473	388	40.749717753	-74.002950346	1
0	23	7788	116	40.74177603	-74.00149746	488	40.75645824	-73.99372222	1
0	23	38946	399	40.68851534	-73.9647628	344	40.6851443	-73.95380904	1
0	23	10793	128	40.72710258	-74.00297088	403	40.72502876	-73.99069656	1
0	23	45089	403	40.72502876	-73.99069656	223	40.73781509	-73.99994661	1
0	23	16946	128	40.72710258	-74.00297088	263	40.71729	-73.996375	1
0	23	30387	404	40.7405826	-74.00550867	511	40.72938685	-73.97772429	1
0	23	57070	439	40.7262807	-73.98978041	249	40.71870987	-74.0090009	1
0	23	17409	483	40.73223272	-73.98889957	361	40.71605866	-73.99190759	1
0	23	2037	546	40.74444921	-73.98303529	442	40.746647	-73.993915	2
0	23	1575	521	40.75044999	-73.99481051	375	40.72679454	-73.99695094	1
0	23	4912	382	40.73492695	-73.99200509	294	40.73049393	-73.9957214	1
0	23	39154	468	40.7652654	-73.98192338	494	40.74734825	-73.99723551	1
0	23	41334	236	40.7284186	-73.98713956	407	40.700469	-73.991454	1
0	23	15578	173	40.76064679	-73.98442659	529	40.7575699	-73.99098507	1
0	23	30455	445	40.72740794	-73.98142006	375	40.72679454	-73.99695094	1
0	23	2355	477	40.75640548	-73.9900262	518	40.74780373	-73.9734419	1
0	23	3337	422	40.770513	-73.988038	72	40.76727216	-73.99392888	1
0	23	47022	528	40.74290902	-73.97706058	284	40.7390169121	-74.0026376103	1
0	23	17126	464	40.75934501	-73.96759673	493	40.7568001	-73.98291153	1
0	23	16582	412	40.7158155	-73.99422366	401	40.72019576	-73.98997825	1
0	23	38429	303	40.72362738	-73.99949601	2004	40.724399	-74.004704	1
0	23	12291	459	40.746745	-74.007756	254	40.73532427	-73.99800419	1
0	23	23346	528	40.74290902	-73.97706058	236	40.7284186	-73.98713956	1
0	23	6661	518	40.74780373	-73.9734419	507	40.73912601	-73.97973776	1
0	23	29884	251	40.72317958	-73.99480012	271	40.68528172	-73.97805813	2
0	23	31300	422	40.770513	-73.988038	447	40.76370739	-73.9851615	1
0	23	4779	285	40.73454567	-73.99074142	499	40.76915505	-73.98191841	1
0	23	18254	450	40.76227205	-73.98788205	479	40.76019252	-73.9912551	1
0	23	14681	499	40.76915505	-73.98191841	477	40.75640548	-73.9900262	1
0	23	1461	479	40.76019252	-73.9912551	173	40.76064679	-73.98442659	1
0	23	15289	360	40.70717936	-74.00887308	316	40.70955958	-74.00653609	2
0	23	13020	528	40.74290902	-73.97706058	160	40.748238	-73.978311	1
0	23	8457	285	40.73454567	-73.99074142	347	40.72873888	-74.00748842	1
0	23	32447	531	40.71893904	-73.99266288	527	40.74315566	-73.97434726	1
0	23	6659	251	40.72317958	-73.99480012	355	40.71602118	-73.99974372	1
0	23	50352	473	40.72110063	-73.9919254	228	40.7546011026	-73.971878855	1
0	23	10737	472	40.7457121	-73.98194829	276	40.71748752	-74.0104554	1
0	23	10940	380	40.73401143	-74.00293877	312	40.722055	-73.989111	1
0	23	20270	459	40.746745	-74.007756	2008	40.70569254	-74.01677685	1
0	23	57071	2002	40.716887	-73.963198	295	40.71406667	-73.99293911	1
0	23	47609	481	40.71260486	-73.96264403	323	40.69236178	-73.98631746	2
0	23	52998	437	40.6809833854	-73.9500479759	258	40.68940747	-73.96885458	1
0	23	26456	167	40.7489006	-73.97604882	433	40.72955361	-73.98057249	1
0	23	25345	388	40.749717753	-74.002950346	518	40.74780373	-73.9734419	1
0	23	24003	336	40.73047747	-73.99906065	376	40.70862144	-74.00722156	1
0	23	15551	528	40.74290902	-73.97706058	439	40.7262807	-73.98978041	1
0	23	9219	153	40.752062307	-73.9816324043	540	40.74147286	-73.98320928	1
0	23	56547	236	40.7284186	-73.98713956	143	40.69239502	-73.99337909	1
0	23	20332	128	40.72710258	-74.00297088	494	40.74734825	-73.99723551	1
0	23	12976	459	40.746745	-74.007756	489	40.75066386	-74.00176802	1
0	23	28121	462	40.74691959	-74.00451887	265	40.72229346	-73.99147535	1
0	23	40898	345	40.73649403	-73.99704374	369	40.73224119	-74.00026394	1
0	23	39514	239	40.69196566	-73.9813018	313	40.69610226	-73.96751037	1
0	23	4744	325	40.73624527	-73.98473765	540	40.74147286	-73.98320928	1
0	23	8421	476	40.74394314	-73.97966069	350	40.71559509	-73.9870295	1
0	23	4166	297	40.734232	-73.986923	300	40.728145	-73.990214	1
0	23	57073	481	40.71260486	-73.96264403	2021	40.75929124	-73.98859651	1
0	23	51827	290	40.76020258	-73.96478473	493	40.7568001	-73.98291153	1
0	23	3705	410	40.72066442	-73.98517977	348	40.72490985	-74.00154702	1
0	23	2931	521	40.75044999	-73.99481051	454	40.75455731	-73.96592976	1
0	23	18452	285	40.73454567	-73.99074142	2006	40.76590936	-73.97634151	1
0	23	33698	160	40.748238	-73.978311	476	40.74394314	-73.97966069	1
0	23	633	290	40.76020258	-73.96478473	522	40.75714758	-73.97207836	1
0	23	3430	521	40.75044999	-73.99481051	464	40.75934501	-73.96759673	1
0	23	17084	540	40.74147286	-73.98320928	428	40.72467721	-73.98783413	1
0	23	28861	128	40.72710258	-74.00297088	458	40.751396	-74.005226	1
0	23	9509	442	40.746647	-73.993915	477	40.75640548	-73.9900262	1
0	23	23733	390	40.69221589	-73.9842844	418	40.70224	-73.982578	1
0	23	1365	403	40.72502876	-73.99069656	458	40.751396	-74.005226	1
0	23	4827	490	40.751551	-73.993934	2017	40.75022392	-73.97121414	1
0	23	2392	513	40.768254	-73.988639	468	40.7652654	-73.98192338	1
0	23	26033	540	40.74147286	-73.98320928	334	40.74238787	-73.99726235	1
0	23	17550	388	40.749717753	-74.002950346	472	40.7457121	-73.98194829	1
0	23	4716	72	40.76727216	-73.99392888	72	40.76727216	-73.99392888	1
0	23	21957	382	40.73492695	-73.99200509	531	40.71893904	-73.99266288	1
0	23	31834	486	40.7462009	-73.98855723	228	40.7546011026	-73.971878855	1
0	23	33392	237	40.73047309	-73.98672378	462	40.74691959	-74.00451887	1
0	23	42668	433	40.72955361	-73.98057249	152	40.71473993	-74.00910627	1
0	23	4096	439	40.7262807	-73.98978041	528	40.74290902	-73.97706058	1
0	23	6716	284	40.7390169121	-74.0026376103	447	40.76370739	-73.9851615	1
0	23	3773	327	40.7153379	-74.01658354	426	40.71754834	-74.01322069	1
0	23	10956	490	40.751551	-73.993934	519	40.75188406	-73.97770164	1
0	23	18322	350	40.71559509	-73.9870295	532	40.710451	-73.960876	2
0	23	41319	336	40.73047747	-73.99906065	438	40.72779126	-73.98564945	1
0	23	26749	472	40.7457121	-73.98194829	453	40.74475148	-73.99915362	1
0	23	46110	418	40.70224	-73.982578	2002	40.716887	-73.963198	1
0	23	20952	476	40.74394314	-73.97966069	439	40.7262807	-73.98978041	1
0	23	10249	388	40.749717753	-74.002950346	401	40.72019576	-73.98997825	1
0	23	12053	2009	40.71117444	-73.99682619	331	40.71173107	-73.99193043	1
0	23	9799	382	40.73492695	-73.99200509	325	40.73624527	-73.98473765	1
0	23	20189	432	40.72621788	-73.98379855	295	40.71406667	-73.99293911	1
0	23	33270	439	40.7262807	-73.98978041	150	40.7208736	-73.98085795	2
0	23	27691	335	40.72903917	-73.99404649	347	40.72873888	-74.00748842	1
0	23	21184	495	40.76269882	-73.99301222	529	40.7575699	-73.99098507	1
0	23	33898	456	40.7597108	-73.97402311	450	40.76227205	-73.98788205	1
0	23	6964	382	40.73492695	-73.99200509	519	40.75188406	-73.97770164	1
0	23	54941	433	40.72955361	-73.98057249	501	40.744219	-73.97121214	2
0	23	32237	501	40.744219	-73.97121214	356	40.71622644	-73.98261206	1
0	23	16843	450	40.76227205	-73.98788205	511	40.72938685	-73.97772429	1
0	23	46624	428	40.72467721	-73.98783413	546	40.74444921	-73.98303529	1
0	23	50601	383	40.735238	-74.000271	355	40.71602118	-73.99974372	1
0	23	31074	325	40.73624527	-73.98473765	433	40.72955361	-73.98057249	3
0	23	57074	441	40.756014	-73.967416	325	40.73624527	-73.98473765	1
0	23	6365	244	40.69196035	-73.96536851	261	40.69474881	-73.98362464	1
0	23	871	438	40.72779126	-73.98564945	357	40.73261787	-73.99158043	1
0	23	3250	336	40.73047747	-73.99906065	375	40.72679454	-73.99695094	1
0	23	34640	488	40.75645824	-73.99372222	423	40.76584941	-73.98690506	1
0	23	18213	251	40.72317958	-73.99480012	247	40.73535398	-74.00483091	1
0	23	56911	263	40.71729	-73.996375	432	40.72621788	-73.98379855	1
0	23	57075	247	40.73535398	-74.00483091	2012	40.739445	-73.976806	1
0	23	25648	375	40.72679454	-73.99695094	375	40.72679454	-73.99695094	1
0	23	36639	173	40.76064679	-73.98442659	442	40.746647	-73.993915	1
0	23	18936	441	40.756014	-73.967416	401	40.72019576	-73.98997825	1
0	23	45760	412	40.7158155	-73.99422366	384	40.68317813	-73.9659641	1
0	23	7514	375	40.72679454	-73.99695094	293	40.73028666	-73.9907647	2
0	23	31186	531	40.71893904	-73.99266288	291	40.713126	-73.984844	1
0	23	11037	449	40.76461837	-73.98789473	470	40.74345335	-74.00004031	1
0	23	24101	290	40.76020258	-73.96478473	529	40.7575699	-73.99098507	1
0	23	34605	309	40.7149787	-74.013012	2002	40.716887	-73.963198	1
0	23	31491	312	40.722055	-73.989111	301	40.72217444	-73.98368779	1
0	23	54129	312	40.722055	-73.989111	280	40.73331967	-73.99510132	1
0	23	50964	432	40.72621788	-73.98379855	479	40.76019252	-73.9912551	1
0	23	23423	438	40.72779126	-73.98564945	254	40.73532427	-73.99800419	1
0	23	38512	2000	40.70255088	-73.98940236	2000	40.70255088	-73.98940236	1
0	23	57076	167	40.7489006	-73.97604882	261	40.69474881	-73.98362464	1
0	23	4182	72	40.76727216	-73.99392888	426	40.71754834	-74.01322069	1
0	23	23833	301	40.72217444	-73.98368779	401	40.72019576	-73.98997825	1
0	23	6175	285	40.73454567	-73.99074142	355	40.71602118	-73.99974372	1
0	23	32479	449	40.76461837	-73.98789473	2021	40.75929124	-73.98859651	1
0	23	29481	353	40.68539567	-73.97431458	83	40.68382604	-73.97632328	1
0	23	52608	401	40.72019576	-73.98997825	328	40.72405549	-74.00965965	1
0	23	16055	294	40.73049393	-73.9957214	301	40.72217444	-73.98368779	1
0	23	9953	488	40.75645824	-73.99372222	281	40.7643971	-73.97371465	2
0	23	27169	462	40.74691959	-74.00451887	152	40.71473993	-74.00910627	1
0	23	27890	345	40.73649403	-73.99704374	280	40.73331967	-73.99510132	1
0	23	23840	329	40.72043411	-74.01020609	82	40.71117416	-74.00016545	1
0	23	23620	224	40.71146364	-74.00552427	417	40.71291224	-74.01020234	1
0	23	8434	311	40.7172274	-73.98802084	473	40.72110063	-73.9919254	1
0	23	23019	361	40.71605866	-73.99190759	295	40.71406667	-73.99293911	1
0	23	21919	539	40.71534825	-73.96024116	313	40.69610226	-73.96751037	1
0	23	15110	523	40.75466591	-73.99138152	453	40.74475148	-73.99915362	1
0	23	33193	326	40.72953837	-73.98426726	361	40.71605866	-73.99190759	1
0	23	25250	487	40.73314259	-73.97573881	434	40.74317449	-74.00366443	1
0	23	6440	385	40.75797322	-73.96603308	164	40.75323098	-73.97032517	1
0	23	7394	402	40.7403432	-73.98955109	319	40.71336124	-74.00937622	2
0	23	46927	519	40.75188406	-73.97770164	356	40.71622644	-73.98261206	1
0	23	10110	430	40.7014851	-73.98656928	430	40.7014851	-73.98656928	1
0	23	14834	2022	40.75849116	-73.95920622	499	40.76915505	-73.98191841	1
0	23	18041	334	40.74238787	-73.99726235	487	40.73314259	-73.97573881	1
0	23	14685	490	40.751551	-73.993934	527	40.74315566	-73.97434726	1
0	23	10988	236	40.7284186	-73.98713956	312	40.722055	-73.989111	1
0	23	31849	410	40.72066442	-73.98517977	268	40.71910537	-73.99973337	1
0	23	33689	499	40.76915505	-73.98191841	466	40.74395411	-73.99144871	1
0	23	4855	507	40.73912601	-73.97973776	472	40.7457121	-73.98194829	1
0	23	22112	368	40.73038599	-74.00214988	476	40.74394314	-73.97966069	1
0	23	8048	457	40.76695317	-73.98169333	290	40.76020258	-73.96478473	1
0	23	42531	527	40.74315566	-73.97434726	267	40.75097711	-73.98765428	1
0	23	11136	438	40.72779126	-73.98564945	476	40.74394314	-73.97966069	1
0	23	14396	401	40.72019576	-73.98997825	79	40.71911552	-74.00666661	1
0	23	45204	395	40.68807003	-73.98410637	323	40.69236178	-73.98631746	1
0	23	32281	369	40.73224119	-74.00026394	482	40.73935542	-73.99931783	1
0	23	30082	453	40.74475148	-73.99915362	461	40.73587678	-73.98205027	1
0	23	13911	237	40.73047309	-73.98672378	401	40.72019576	-73.98997825	1
0	23	46818	160	40.748238	-73.978311	293	40.73028666	-73.9907647	1
0	23	14148	528	40.74290902	-73.97706058	456	40.7597108	-73.97402311	1
0	23	22581	347	40.72873888	-74.00748842	403	40.72502876	-73.99069656	1
0	23	8148	434	40.74317449	-74.00366443	458	40.751396	-74.005226	2
0	23	14043	441	40.756014	-73.967416	449	40.76461837	-73.98789473	1
0	23	27306	380	40.73401143	-74.00293877	248	40.72185379	-74.00771779	1
0	23	10828	504	40.73221853	-73.98165557	439	40.7262807	-73.98978041	1
0	23	33646	263	40.71729	-73.996375	251	40.72317958	-73.99480012	2
0	23	16770	540	40.74147286	-73.98320928	410	40.72066442	-73.98517977	1
0	23	18027	490	40.751551	-73.993934	511	40.72938685	-73.97772429	1
0	23	15168	428	40.72467721	-73.98783413	251	40.72317958	-73.99480012	1
0	23	20124	348	40.72490985	-74.00154702	476	40.74394314	-73.97966069	1
0	23	2239	461	40.73587678	-73.98205027	2012	40.739445	-73.976806	1
0	23	19498	348	40.72490985	-74.00154702	531	40.71893904	-73.99266288	1
0	23	16264	447	40.76370739	-73.9851615	513	40.768254	-73.988639	1
0	23	34627	83	40.68382604	-73.97632328	353	40.68539567	-73.97431458	1
0	23	23276	383	40.735238	-74.000271	326	40.72953837	-73.98426726	1
0	23	46985	2003	40.73416059	-73.98024289	447	40.76370739	-73.9851615	1
0	23	57077	311	40.7172274	-73.98802084	438	40.72779126	-73.98564945	2
0	23	22047	522	40.75714758	-73.97207836	505	40.74901271	-73.98848395	1
0	23	42762	527	40.74315566	-73.97434726	479	40.76019252	-73.9912551	1
0	23	14337	263	40.71729	-73.996375	263	40.71729	-73.996375	1
0	23	15911	168	40.73971301	-73.99456405	368	40.73038599	-74.00214988	1
0	23	17149	363	40.70834698	-74.01713445	151	40.7218158	-73.99720307	1
0	23	15204	361	40.71605866	-73.99190759	428	40.72467721	-73.98783413	1
0	23	42065	358	40.73291553	-74.00711384	438	40.72779126	-73.98564945	1
0	23	13302	160	40.748238	-73.978311	284	40.7390169121	-74.0026376103	1
0	23	13263	488	40.75645824	-73.99372222	482	40.73935542	-73.99931783	1
0	23	27584	251	40.72317958	-73.99480012	251	40.72317958	-73.99480012	1
0	23	53781	252	40.73226398	-73.99852205	325	40.73624527	-73.98473765	1
0	23	14999	150	40.7208736	-73.98085795	511	40.72938685	-73.97772429	1
0	23	28738	320	40.71743998	-74.00583475	268	40.71910537	-73.99973337	1
0	23	17388	518	40.74780373	-73.9734419	504	40.73221853	-73.98165557	1
0	23	11267	229	40.72743423	-73.99379025	382	40.73492695	-73.99200509	1
0	23	5471	521	40.75044999	-73.99481051	488	40.75645824	-73.99372222	1
0	23	11954	380	40.73401143	-74.00293877	439	40.7262807	-73.98978041	1
0	23	593	492	40.75019995	-73.99093085	153	40.752062307	-73.9816324043	1
0	23	1440	157	40.69089272	-73.99612349	391	40.69760127	-73.99344559	1
0	23	32071	128	40.72710258	-74.00297088	250	40.72456089	-73.99565293	1
0	23	390	442	40.746647	-73.993915	507	40.73912601	-73.97973776	1
0	23	36366	433	40.72955361	-73.98057249	151	40.7218158	-73.99720307	1
0	23	10100	479	40.76019252	-73.9912551	513	40.768254	-73.988639	1
0	23	14713	325	40.73624527	-73.98473765	470	40.74345335	-74.00004031	1
0	23	23578	265	40.72229346	-73.99147535	457	40.76695317	-73.98169333	1
0	23	28409	473	40.72110063	-73.9919254	410	40.72066442	-73.98517977	1
0	23	44177	285	40.73454567	-73.99074142	440	40.75255434	-73.97282625	1
0	23	12398	116	40.74177603	-74.00149746	347	40.72873888	-74.00748842	1
0	23	8326	475	40.73524276	-73.98758561	475	40.73524276	-73.98758561	1
0	23	35319	494	40.74734825	-73.99723551	212	40.74334935	-74.00681753	1
0	23	29530	380	40.73401143	-74.00293877	252	40.73226398	-73.99852205	1
0	23	621	499	40.76915505	-73.98191841	305	40.76095756	-73.96724467	1
0	23	26076	401	40.72019576	-73.98997825	236	40.7284186	-73.98713956	1
0	23	6574	82	40.71117416	-74.00016545	417	40.71291224	-74.01020234	1
0	23	21892	325	40.73624527	-73.98473765	326	40.72953837	-73.98426726	1
0	23	33079	507	40.73912601	-73.97973776	475	40.73524276	-73.98758561	1
0	23	10233	161	40.72917025	-73.99810231	263	40.71729	-73.996375	1
0	23	31416	326	40.72953837	-73.98426726	2021	40.75929124	-73.98859651	1
0	23	2944	501	40.744219	-73.97121214	464	40.75934501	-73.96759673	1
0	23	20192	492	40.75019995	-73.99093085	498	40.74854862	-73.98808416	1
0	23	18318	442	40.746647	-73.993915	499	40.76915505	-73.98191841	1
0	23	14420	268	40.71910537	-73.99973337	328	40.72405549	-74.00965965	1
0	23	9267	317	40.72453734	-73.98185424	438	40.72779126	-73.98564945	1
0	23	48832	151	40.7218158	-73.99720307	247	40.73535398	-74.00483091	1
0	23	13727	319	40.71336124	-74.00937622	319	40.71336124	-74.00937622	1
0	23	52690	270	40.69308257	-73.97178913	436	40.68216564	-73.95399026	1
0	23	9161	383	40.735238	-74.000271	435	40.74173969	-73.99415556	1
0	23	36896	394	40.72521311	-73.97768752	252	40.73226398	-73.99852205	1
0	23	28846	428	40.72467721	-73.98783413	369	40.73224119	-74.00026394	1
0	23	22775	438	40.72779126	-73.98564945	161	40.72917025	-73.99810231	1
0	23	29723	263	40.71729	-73.996375	312	40.722055	-73.989111	1
0	23	13331	285	40.73454567	-73.99074142	317	40.72453734	-73.98185424	1
0	23	21671	482	40.73935542	-73.99931783	462	40.74691959	-74.00451887	1
0	23	7102	285	40.73454567	-73.99074142	335	40.72903917	-73.99404649	1
0	23	10103	433	40.72955361	-73.98057249	297	40.734232	-73.986923	1
0	23	5304	146	40.71625008	-74.0091059	248	40.72185379	-74.00771779	1
0	23	2948	438	40.72779126	-73.98564945	293	40.73028666	-73.9907647	1
0	23	2183	394	40.72521311	-73.97768752	150	40.7208736	-73.98085795	1
0	23	19447	482	40.73935542	-73.99931783	347	40.72873888	-74.00748842	1
0	23	1702	426	40.71754834	-74.01322069	327	40.7153379	-74.01658354	1
0	23	35995	475	40.73524276	-73.98758561	476	40.74394314	-73.97966069	1
0	23	21896	472	40.7457121	-73.98194829	537	40.74025878	-73.98409214	1
0	23	20793	334	40.74238787	-73.99726235	223	40.73781509	-73.99994661	1
0	23	10083	307	40.71427487	-73.98990025	308	40.71307916	-73.99851193	1
0	23	265	519	40.75188406	-73.97770164	498	40.74854862	-73.98808416	1
0	23	20546	468	40.7652654	-73.98192338	449	40.76461837	-73.98789473	1
0	23	19606	483	40.73223272	-73.98889957	251	40.72317958	-73.99480012	1
0	23	14740	498	40.74854862	-73.98808416	520	40.75992262	-73.97648516	1
0	23	34972	449	40.76461837	-73.98789473	453	40.74475148	-73.99915362	2
0	23	11635	521	40.75044999	-73.99481051	450	40.76227205	-73.98788205	1
0	23	22013	387	40.71273266	-74.0046073	143	40.69239502	-73.99337909	1
0	23	30151	458	40.751396	-74.005226	2022	40.75849116	-73.95920622	1
0	23	53456	254	40.73532427	-73.99800419	410	40.72066442	-73.98517977	1
0	23	2422	459	40.746745	-74.007756	482	40.73935542	-73.99931783	1
0	23	5984	307	40.71427487	-73.98990025	355	40.71602118	-73.99974372	1
0	23	27162	461	40.73587678	-73.98205027	402	40.7403432	-73.98955109	1
0	23	794	492	40.75019995	-73.99093085	527	40.74315566	-73.97434726	1
0	23	1493	472	40.7457121	-73.98194829	527	40.74315566	-73.97434726	1
0	23	560	116	40.74177603	-74.00149746	504	40.73221853	-73.98165557	1
0	23	19332	364	40.68900443	-73.96023854	354	40.69363137	-73.96223558	1
0	23	28263	236	40.7284186	-73.98713956	326	40.72953837	-73.98426726	2
0	23	947	521	40.75044999	-73.99481051	116	40.74177603	-74.00149746	1
0	23	1131	405	40.739323	-74.008119	426	40.71754834	-74.01322069	4
0	23	11592	308	40.71307916	-73.99851193	268	40.71910537	-73.99973337	1
0	23	43786	450	40.76227205	-73.98788205	263	40.71729	-73.996375	1
0	23	54667	325	40.73624527	-73.98473765	361	40.71605866	-73.99190759	1
0	23	792	529	40.7575699	-73.99098507	527	40.74315566	-73.97434726	1
0	23	3394	382	40.73492695	-73.99200509	128	40.72710258	-74.00297088	1
0	23	18879	285	40.73454567	-73.99074142	438	40.72779126	-73.98564945	1
0	23	40593	445	40.72740794	-73.98142006	536	40.74144387	-73.97536082	1
0	23	15217	499	40.76915505	-73.98191841	523	40.75466591	-73.99138152	1
0	23	21217	336	40.73047747	-73.99906065	347	40.72873888	-74.00748842	1
0	23	19427	285	40.73454567	-73.99074142	368	40.73038599	-74.00214988	1
0	23	23779	537	40.74025878	-73.98409214	312	40.722055	-73.989111	1
0	23	14163	521	40.75044999	-73.99481051	433	40.72955361	-73.98057249	1
0	23	31925	316	40.70955958	-74.00653609	295	40.71406667	-73.99293911	1
0	23	30116	258	40.68940747	-73.96885458	419	40.69580705	-73.97355569	1
0	23	34870	147	40.71542197	-74.01121978	334	40.74238787	-73.99726235	1
0	23	18978	151	40.7218158	-73.99720307	311	40.7172274	-73.98802084	1
0	23	57061	481	40.71260486	-73.96264403	373	40.69331716	-73.95381995	2
0	23	3055	223	40.73781509	-73.99994661	368	40.73038599	-74.00214988	1
0	23	19278	152	40.71473993	-74.00910627	306	40.70823502	-74.00530063	1
0	23	28293	128	40.72710258	-74.00297088	300	40.728145	-73.990214	1
0	23	5460	251	40.72317958	-73.99480012	363	40.70834698	-74.01713445	1
0	23	14686	532	40.710451	-73.960876	2002	40.716887	-73.963198	1
0	23	14381	223	40.73781509	-73.99994661	280	40.73331967	-73.99510132	1
0	23	29603	537	40.74025878	-73.98409214	457	40.76695317	-73.98169333	1
0	23	3368	237	40.73047309	-73.98672378	476	40.74394314	-73.97966069	1
0	23	2612	402	40.7403432	-73.98955109	285	40.73454567	-73.99074142	1
0	23	7733	435	40.74173969	-73.99415556	489	40.75066386	-74.00176802	1
0	23	11062	383	40.735238	-74.000271	251	40.72317958	-73.99480012	1
0	23	7376	280	40.73331967	-73.99510132	251	40.72317958	-73.99480012	1
0	23	30039	265	40.72229346	-73.99147535	539	40.71534825	-73.96024116	1
0	23	10493	499	40.76915505	-73.98191841	450	40.76227205	-73.98788205	1
0	23	3827	490	40.751551	-73.993934	281	40.7643971	-73.97371465	1
0	23	57062	249	40.71870987	-74.0090009	296	40.71413089	-73.9970468	1
0	23	24022	334	40.74238787	-73.99726235	405	40.739323	-74.008119	1
0	23	21643	529	40.7575699	-73.99098507	449	40.76461837	-73.98789473	1
0	23	33606	385	40.75797322	-73.96603308	507	40.73912601	-73.97973776	1
0	23	57063	336	40.73047747	-73.99906065	351	40.70530954	-74.00612572	1
0	23	57064	434	40.74317449	-74.00366443	304	40.70463334	-74.01361706	1
0	23	22296	368	40.73038599	-74.00214988	473	40.72110063	-73.9919254	1
0	23	27406	265	40.72229346	-73.99147535	2009	40.71117444	-73.99682619	1
0	23	26224	492	40.75019995	-73.99093085	335	40.72903917	-73.99404649	1
0	23	25349	482	40.73935542	-73.99931783	524	40.75527307	-73.98316936	1
0	23	23550	428	40.72467721	-73.98783413	331	40.71173107	-73.99193043	1
0	23	15129	520	40.75992262	-73.97648516	447	40.76370739	-73.9851615	1
0	23	19301	329	40.72043411	-74.01020609	380	40.73401143	-74.00293877	1
0	23	13062	410	40.72066442	-73.98517977	428	40.72467721	-73.98783413	1
0	23	5573	492	40.75019995	-73.99093085	447	40.76370739	-73.9851615	1
0	23	34079	146	40.71625008	-74.0091059	465	40.75513557	-73.98658032	1
0	23	34070	507	40.73912601	-73.97973776	532	40.710451	-73.960876	1
0	23	20924	448	40.75660359	-73.9979009	447	40.76370739	-73.9851615	1
0	23	12539	72	40.76727216	-73.99392888	531	40.71893904	-73.99266288	1
0	23	11722	447	40.76370739	-73.9851615	334	40.74238787	-73.99726235	1
0	23	30731	266	40.72368361	-73.97574813	326	40.72953837	-73.98426726	1
0	23	57065	294	40.73049393	-73.9957214	352	40.76340613	-73.97722479	1
0	23	21853	369	40.73224119	-74.00026394	518	40.74780373	-73.9734419	1
0	23	129	471	40.71286844	-73.95698119	532	40.710451	-73.960876	1
0	23	14187	479	40.76019252	-73.9912551	441	40.756014	-73.967416	1
0	23	32991	398	40.69165183	-73.9999786	216	40.70037867	-73.99548059	1
0	23	10385	251	40.72317958	-73.99480012	336	40.73047747	-73.99906065	1
0	23	43732	402	40.7403432	-73.98955109	297	40.734232	-73.986923	1
0	23	42026	312	40.722055	-73.989111	265	40.72229346	-73.99147535	1
0	23	27661	382	40.73492695	-73.99200509	311	40.7172274	-73.98802084	1
0	23	33425	483	40.73223272	-73.98889957	432	40.72621788	-73.98379855	1
0	23	21345	348	40.72490985	-74.00154702	303	40.72362738	-73.99949601	1
0	23	443	539	40.71534825	-73.96024116	428	40.72467721	-73.98783413	2
0	23	23542	263	40.71729	-73.996375	2009	40.71117444	-73.99682619	1
0	23	12822	479	40.76019252	-73.9912551	494	40.74734825	-73.99723551	2
0	23	7769	475	40.73524276	-73.98758561	459	40.746745	-74.007756	1
0	23	10379	497	40.73704984	-73.99009296	368	40.73038599	-74.00214988	1
0	23	24961	297	40.734232	-73.986923	223	40.73781509	-73.99994661	1
0	23	24934	265	40.72229346	-73.99147535	150	40.7208736	-73.98085795	1
0	23	11623	263	40.71729	-73.996375	291	40.713126	-73.984844	1
0	23	20605	529	40.7575699	-73.99098507	525	40.75594159	-74.0021163	1
0	23	53785	82	40.71117416	-74.00016545	525	40.75594159	-74.0021163	1
0	23	35193	477	40.75640548	-73.9900262	303	40.72362738	-73.99949601	1
0	23	24040	345	40.73649403	-73.99704374	311	40.7172274	-73.98802084	1
0	23	14722	474	40.7451677	-73.98683077	375	40.72679454	-73.99695094	1
0	23	41709	483	40.73223272	-73.98889957	411	40.72228087	-73.97668709	1
0	23	53645	458	40.751396	-74.005226	516	40.75206862	-73.96784384	1
0	23	26997	494	40.74734825	-73.99723551	305	40.76095756	-73.96724467	1
0	23	7626	293	40.73028666	-73.9907647	284	40.7390169121	-74.0026376103	1
0	23	17878	465	40.75513557	-73.98658032	347	40.72873888	-74.00748842	1
0	23	5793	462	40.74691959	-74.00451887	385	40.75797322	-73.96603308	1
0	23	22436	439	40.7262807	-73.98978041	531	40.71893904	-73.99266288	1
0	23	37590	514	40.76087502	-74.00277668	72	40.76727216	-73.99392888	1
0	23	3683	450	40.76227205	-73.98788205	152	40.71473993	-74.00910627	1
0	23	49693	462	40.74691959	-74.00451887	360	40.70717936	-74.00887308	1
0	23	18112	462	40.74691959	-74.00451887	236	40.7284186	-73.98713956	1
0	23	11428	478	40.76030096	-73.99884222	426	40.71754834	-74.01322069	1
0	23	55932	545	40.736502	-73.97809472	412	40.7158155	-73.99422366	1
0	23	15888	151	40.7218158	-73.99720307	284	40.7390169121	-74.0026376103	1
0	23	57066	515	40.76009437	-73.99461843	441	40.756014	-73.967416	1
0	23	20978	528	40.74290902	-73.97706058	454	40.75455731	-73.96592976	2
0	23	39376	474	40.7451677	-73.98683077	438	40.72779126	-73.98564945	1
0	23	31479	504	40.73221853	-73.98165557	455	40.75001986	-73.96905301	1
0	23	25546	417	40.71291224	-74.01020234	417	40.71291224	-74.01020234	1
0	23	151	483	40.73223272	-73.98889957	345	40.73649403	-73.99704374	1
0	23	24394	432	40.72621788	-73.98379855	302	40.72082834	-73.97793172	1
0	23	47933	540	40.74147286	-73.98320928	195	40.70905623	-74.01043382	1
0	23	32443	312	40.722055	-73.989111	439	40.7262807	-73.98978041	1
0	23	880	529	40.7575699	-73.99098507	173	40.76064679	-73.98442659	1
0	23	8848	476	40.74394314	-73.97966069	446	40.74487634	-73.99529885	1
0	23	1903	394	40.72521311	-73.97768752	285	40.73454567	-73.99074142	1
0	23	15585	434	40.74317449	-74.00366443	254	40.73532427	-73.99800419	1
0	23	19836	494	40.74734825	-73.99723551	540	40.74147286	-73.98320928	1
0	23	32023	518	40.74780373	-73.9734419	447	40.76370739	-73.9851615	1
0	23	52609	352	40.76340613	-73.97722479	442	40.746647	-73.993915	1
0	23	23110	251	40.72317958	-73.99480012	326	40.72953837	-73.98426726	1
0	23	18283	355	40.71602118	-73.99974372	195	40.70905623	-74.01043382	2
0	23	40603	336	40.73047747	-73.99906065	536	40.74144387	-73.97536082	1
0	23	21388	224	40.71146364	-74.00552427	360	40.70717936	-74.00887308	1
0	23	20151	435	40.74173969	-73.99415556	405	40.739323	-74.008119	1
0	23	21501	521	40.75044999	-73.99481051	449	40.76461837	-73.98789473	1
0	23	54634	228	40.7546011026	-73.971878855	361	40.71605866	-73.99190759	1
0	23	23452	228	40.7546011026	-73.971878855	385	40.75797322	-73.96603308	1
0	23	11325	128	40.72710258	-74.00297088	2010	40.72165481	-74.00234737	1
0	23	1901	482	40.73935542	-73.99931783	521	40.75044999	-73.99481051	1
0	23	31701	326	40.72953837	-73.98426726	358	40.73291553	-74.00711384	1
0	23	12134	268	40.71910537	-73.99973337	82	40.71117416	-74.00016545	1
0	23	45559	237	40.73047309	-73.98672378	350	40.71559509	-73.9870295	1
0	23	68	347	40.72873888	-74.00748842	513	40.768254	-73.988639	1
0	23	24021	300	40.728145	-73.990214	477	40.75640548	-73.9900262	1
0	23	54689	494	40.74734825	-73.99723551	427	40.70251526	-74.01427023	1
0	23	34945	472	40.7457121	-73.98194829	309	40.7149787	-74.013012	1
0	23	58	435	40.74173969	-73.99415556	462	40.74691959	-74.00451887	1
0	23	103	348	40.72490985	-74.00154702	417	40.71291224	-74.01020234	2
0	23	57067	397	40.68415748	-73.96922273	373	40.69331716	-73.95381995	1
0	23	31845	347	40.72873888	-74.00748842	495	40.76269882	-73.99301222	1
0	23	12629	450	40.76227205	-73.98788205	450	40.76227205	-73.98788205	1
0	23	29596	453	40.74475148	-73.99915362	514	40.76087502	-74.00277668	1
0	23	2234	519	40.75188406	-73.97770164	454	40.75455731	-73.96592976	1
0	23	50282	305	40.76095756	-73.96724467	447	40.76370739	-73.9851615	1
0	23	11701	515	40.76009437	-73.99461843	458	40.751396	-74.005226	1
0	23	19393	511	40.72938685	-73.97772429	394	40.72521311	-73.97768752	1
0	23	46069	499	40.76915505	-73.98191841	252	40.73226398	-73.99852205	1
0	23	13070	446	40.74487634	-73.99529885	453	40.74475148	-73.99915362	1
0	23	34147	336	40.73047747	-73.99906065	450	40.76227205	-73.98788205	1
0	23	5957	490	40.751551	-73.993934	450	40.76227205	-73.98788205	1
0	23	642	483	40.73223272	-73.98889957	301	40.72217444	-73.98368779	1
0	23	38082	367	40.75828065	-73.97069431	432	40.72621788	-73.98379855	1
0	23	19874	324	40.689888	-73.981013	244	40.69196035	-73.96536851	1
0	23	35186	336	40.73047747	-73.99906065	300	40.728145	-73.990214	1
0	23	10127	2002	40.716887	-73.963198	282	40.70827295	-73.96834101	3
0	23	45584	383	40.735238	-74.000271	363	40.70834698	-74.01713445	1
0	23	17892	297	40.734232	-73.986923	511	40.72938685	-73.97772429	1
0	23	21810	403	40.72502876	-73.99069656	280	40.73331967	-73.99510132	1
0	23	31043	469	40.76344058	-73.98268129	405	40.739323	-74.008119	1
0	23	3618	382	40.73492695	-73.99200509	404	40.7405826	-74.00550867	1
0	23	37238	229	40.72743423	-73.99379025	496	40.73726186	-73.99238967	1
0	23	38381	403	40.72502876	-73.99069656	546	40.74444921	-73.98303529	1
0	23	24957	151	40.7218158	-73.99720307	415	40.7047177	-74.00926027	1
0	23	27583	457	40.76695317	-73.98169333	237	40.73047309	-73.98672378	1
0	23	33218	490	40.751551	-73.993934	356	40.71622644	-73.98261206	1
0	23	12227	383	40.735238	-74.000271	347	40.72873888	-74.00748842	1
0	23	2431	233	40.69246277	-73.98963911	144	40.69839895	-73.98068914	1
0	23	57068	2010	40.72165481	-74.00234737	264	40.70706456	-74.00731853	1
0	23	17703	161	40.72917025	-73.99810231	417	40.71291224	-74.01020234	1
0	23	39492	390	40.69221589	-73.9842844	289	40.6845683	-73.95881081	1
0	23	16886	225	40.74195138	-74.00803013	363	40.70834698	-74.01713445	1
0	23	14241	285	40.73454567	-73.99074142	168	40.73971301	-73.99456405	1
0	23	15639	517	40.75149263	-73.97798848	477	40.75640548	-73.9900262	1
0	23	38989	337	40.7037992	-74.00838676	360	40.70717936	-74.00887308	1
0	23	21824	410	40.72066442	-73.98517977	150	40.7208736	-73.98085795	1
0	23	10040	223	40.73781509	-73.99994661	347	40.72873888	-74.00748842	1
0	23	3986	438	40.72779126	-73.98564945	325	40.73624527	-73.98473765	1
0	23	57069	529	40.7575699	-73.99098507	501	40.744219	-73.97121214	1
0	23	2808	472	40.7457121	-73.98194829	507	40.73912601	-73.97973776	1
0	23	13732	433	40.72955361	-73.98057249	402	40.7403432	-73.98955109	1
0	23	16832	528	40.74290902	-73.97706058	403	40.72502876	-73.99069656	1
0	23	4857	345	40.73649403	-73.99704374	462	40.74691959	-74.00451887	1
0	23	14747	507	40.73912601	-73.97973776	237	40.73047309	-73.98672378	1
0	23	2097	350	40.71559509	-73.9870295	329	40.72043411	-74.01020609	1
0	23	1703	385	40.75797322	-73.96603308	493	40.7568001	-73.98291153	2
0	23	15535	168	40.73971301	-73.99456405	477	40.75640548	-73.9900262	1
0	23	1123	545	40.736502	-73.97809472	527	40.74315566	-73.97434726	1
0	23	19362	320	40.71743998	-74.00583475	320	40.71743998	-74.00583475	1
0	23	30912	290	40.76020258	-73.96478473	388	40.749717753	-74.002950346	1
0	23	7788	116	40.74177603	-74.00149746	488	40.75645824	-73.99372222	1
0	23	38946	399	40.68851534	-73.9647628	344	40.6851443	-73.95380904	1
0	23	10793	128	40.72710258	-74.00297088	403	40.72502876	-73.99069656	1
0	23	45089	403	40.72502876	-73.99069656	223	40.73781509	-73.99994661	1
0	23	16946	128	40.72710258	-74.00297088	263	40.71729	-73.996375	1
0	23	30387	404	40.7405826	-74.00550867	511	40.72938685	-73.97772429	1
0	23	57070	439	40.7262807	-73.98978041	249	40.71870987	-74.0090009	1
0	23	17409	483	40.73223272	-73.98889957	361	40.71605866	-73.99190759	1
0	23	2037	546	40.74444921	-73.98303529	442	40.746647	-73.993915	2
0	23	1575	521	40.75044999	-73.99481051	375	40.72679454	-73.99695094	1
0	23	4912	382	40.73492695	-73.99200509	294	40.73049393	-73.9957214	1
0	23	39154	468	40.7652654	-73.98192338	494	40.74734825	-73.99723551	1
0	23	41334	236	40.7284186	-73.98713956	407	40.700469	-73.991454	1
0	23	15578	173	40.76064679	-73.98442659	529	40.7575699	-73.99098507	1
0	23	30455	445	40.72740794	-73.98142006	375	40.72679454	-73.99695094	1
0	23	2355	477	40.75640548	-73.9900262	518	40.74780373	-73.9734419	1
0	23	3337	422	40.770513	-73.988038	72	40.76727216	-73.99392888	1
0	23	47022	528	40.74290902	-73.97706058	284	40.7390169121	-74.0026376103	1
0	23	17126	464	40.75934501	-73.96759673	493	40.7568001	-73.98291153	1
0	23	16582	412	40.7158155	-73.99422366	401	40.72019576	-73.98997825	1
0	23	38429	303	40.72362738	-73.99949601	2004	40.724399	-74.004704	1
0	23	12291	459	40.746745	-74.007756	254	40.73532427	-73.99800419	1
0	23	4412	285	40.73454567	-73.99074142	459	40.746745	-74.007756	1
0	23	23346	528	40.74290902	-73.97706058	236	40.7284186	-73.98713956	2
0	23	6661	518	40.74780373	-73.9734419	507	40.73912601	-73.97973776	1
0	23	29884	251	40.72317958	-73.99480012	271	40.68528172	-73.97805813	2
0	23	31300	422	40.770513	-73.988038	447	40.76370739	-73.9851615	1
0	23	4779	285	40.73454567	-73.99074142	499	40.76915505	-73.98191841	1
0	23	18254	450	40.76227205	-73.98788205	479	40.76019252	-73.9912551	1
0	23	14681	499	40.76915505	-73.98191841	477	40.75640548	-73.9900262	1
0	23	1461	479	40.76019252	-73.9912551	173	40.76064679	-73.98442659	1
0	23	15289	360	40.70717936	-74.00887308	316	40.70955958	-74.00653609	2
0	23	13020	528	40.74290902	-73.97706058	160	40.748238	-73.978311	1
0	23	8457	285	40.73454567	-73.99074142	347	40.72873888	-74.00748842	1
0	23	32447	531	40.71893904	-73.99266288	527	40.74315566	-73.97434726	1
0	23	6659	251	40.72317958	-73.99480012	355	40.71602118	-73.99974372	1
0	23	50352	473	40.72110063	-73.9919254	228	40.7546011026	-73.971878855	1
0	23	10737	472	40.7457121	-73.98194829	276	40.71748752	-74.0104554	1
0	23	10940	380	40.73401143	-74.00293877	312	40.722055	-73.989111	1
0	23	20270	459	40.746745	-74.007756	2008	40.70569254	-74.01677685	1
0	23	57071	2002	40.716887	-73.963198	295	40.71406667	-73.99293911	1
0	23	57072	168	40.73971301	-73.99456405	373	40.69331716	-73.95381995	1
0	23	47609	481	40.71260486	-73.96264403	323	40.69236178	-73.98631746	2
0	23	52998	437	40.6809833854	-73.9500479759	258	40.68940747	-73.96885458	1
0	23	26456	167	40.7489006	-73.97604882	433	40.72955361	-73.98057249	1
0	23	25345	388	40.749717753	-74.002950346	518	40.74780373	-73.9734419	1
0	23	24003	336	40.73047747	-73.99906065	376	40.70862144	-74.00722156	1
0	23	15551	528	40.74290902	-73.97706058	439	40.7262807	-73.98978041	1
0	23	9219	153	40.752062307	-73.9816324043	540	40.74147286	-73.98320928	1
0	23	56547	236	40.7284186	-73.98713956	143	40.69239502	-73.99337909	1
0	23	20332	128	40.72710258	-74.00297088	494	40.74734825	-73.99723551	1
0	23	12976	459	40.746745	-74.007756	489	40.75066386	-74.00176802	1
0	23	28121	462	40.74691959	-74.00451887	265	40.72229346	-73.99147535	1
0	23	40898	345	40.73649403	-73.99704374	369	40.73224119	-74.00026394	1
0	23	39514	239	40.69196566	-73.9813018	313	40.69610226	-73.96751037	1
0	23	4744	325	40.73624527	-73.98473765	540	40.74147286	-73.98320928	1
0	23	8421	476	40.74394314	-73.97966069	350	40.71559509	-73.9870295	1
0	23	4166	297	40.734232	-73.986923	300	40.728145	-73.990214	1
0	23	57073	481	40.71260486	-73.96264403	2021	40.75929124	-73.98859651	1
0	23	51827	290	40.76020258	-73.96478473	493	40.7568001	-73.98291153	1
0	23	3705	410	40.72066442	-73.98517977	348	40.72490985	-74.00154702	1
0	23	2931	521	40.75044999	-73.99481051	454	40.75455731	-73.96592976	1
0	23	18452	285	40.73454567	-73.99074142	2006	40.76590936	-73.97634151	1
0	23	33698	160	40.748238	-73.978311	476	40.74394314	-73.97966069	1
0	23	633	290	40.76020258	-73.96478473	522	40.75714758	-73.97207836	1
0	23	3430	521	40.75044999	-73.99481051	464	40.75934501	-73.96759673	1
0	23	17084	540	40.74147286	-73.98320928	428	40.72467721	-73.98783413	1
0	23	28861	128	40.72710258	-74.00297088	458	40.751396	-74.005226	1
0	23	9509	442	40.746647	-73.993915	477	40.75640548	-73.9900262	1
0	23	23733	390	40.69221589	-73.9842844	418	40.70224	-73.982578	1
0	23	1365	403	40.72502876	-73.99069656	458	40.751396	-74.005226	1
0	23	4827	490	40.751551	-73.993934	2017	40.75022392	-73.97121414	1
0	23	2392	513	40.768254	-73.988639	468	40.7652654	-73.98192338	1
0	23	26033	540	40.74147286	-73.98320928	334	40.74238787	-73.99726235	1
0	23	17550	388	40.749717753	-74.002950346	472	40.7457121	-73.98194829	1
0	23	4716	72	40.76727216	-73.99392888	72	40.76727216	-73.99392888	1
0	23	21957	382	40.73492695	-73.99200509	531	40.71893904	-73.99266288	1
0	23	31834	486	40.7462009	-73.98855723	228	40.7546011026	-73.971878855	1
0	23	33392	237	40.73047309	-73.98672378	462	40.74691959	-74.00451887	1
0	23	42668	433	40.72955361	-73.98057249	152	40.71473993	-74.00910627	1
0	23	4096	439	40.7262807	-73.98978041	528	40.74290902	-73.97706058	1
0	23	6716	284	40.7390169121	-74.0026376103	447	40.76370739	-73.9851615	1
0	23	3773	327	40.7153379	-74.01658354	426	40.71754834	-74.01322069	1
0	23	10956	490	40.751551	-73.993934	519	40.75188406	-73.97770164	1
0	23	18322	350	40.71559509	-73.9870295	532	40.710451	-73.960876	2
0	23	41319	336	40.73047747	-73.99906065	438	40.72779126	-73.98564945	1
0	23	26749	472	40.7457121	-73.98194829	453	40.74475148	-73.99915362	1
0	23	46110	418	40.70224	-73.982578	2002	40.716887	-73.963198	1
0	23	20952	476	40.74394314	-73.97966069	439	40.7262807	-73.98978041	1
0	23	10249	388	40.749717753	-74.002950346	401	40.72019576	-73.98997825	1
0	23	12053	2009	40.71117444	-73.99682619	331	40.71173107	-73.99193043	1
0	23	9799	382	40.73492695	-73.99200509	325	40.73624527	-73.98473765	1
0	23	20189	432	40.72621788	-73.98379855	295	40.71406667	-73.99293911	1
0	23	33270	439	40.7262807	-73.98978041	150	40.7208736	-73.98085795	2
0	23	27691	335	40.72903917	-73.99404649	347	40.72873888	-74.00748842	1
0	23	21184	495	40.76269882	-73.99301222	529	40.7575699	-73.99098507	1
0	23	22878	426	40.71754834	-74.01322069	515	40.76009437	-73.99461843	1
0	23	33898	456	40.7597108	-73.97402311	450	40.76227205	-73.98788205	1
0	23	6964	382	40.73492695	-73.99200509	519	40.75188406	-73.97770164	1
0	23	54941	433	40.72955361	-73.98057249	501	40.744219	-73.97121214	2
0	23	32237	501	40.744219	-73.97121214	356	40.71622644	-73.98261206	1
0	23	16843	450	40.76227205	-73.98788205	511	40.72938685	-73.97772429	1
0	23	46624	428	40.72467721	-73.98783413	546	40.74444921	-73.98303529	1
0	23	50601	383	40.735238	-74.000271	355	40.71602118	-73.99974372	1
0	23	31074	325	40.73624527	-73.98473765	433	40.72955361	-73.98057249	3
0	23	57074	441	40.756014	-73.967416	325	40.73624527	-73.98473765	1
0	23	6365	244	40.69196035	-73.96536851	261	40.69474881	-73.98362464	1
0	23	871	438	40.72779126	-73.98564945	357	40.73261787	-73.99158043	1
0	23	3250	336	40.73047747	-73.99906065	375	40.72679454	-73.99695094	1
0	23	34640	488	40.75645824	-73.99372222	423	40.76584941	-73.98690506	1
0	23	18213	251	40.72317958	-73.99480012	247	40.73535398	-74.00483091	1
0	23	56911	263	40.71729	-73.996375	432	40.72621788	-73.98379855	1
0	23	57075	247	40.73535398	-74.00483091	2012	40.739445	-73.976806	1
0	23	25648	375	40.72679454	-73.99695094	375	40.72679454	-73.99695094	1
0	23	36639	173	40.76064679	-73.98442659	442	40.746647	-73.993915	1
0	23	18936	441	40.756014	-73.967416	401	40.72019576	-73.98997825	1
0	23	45760	412	40.7158155	-73.99422366	384	40.68317813	-73.9659641	1
0	23	7514	375	40.72679454	-73.99695094	293	40.73028666	-73.9907647	2
0	23	31186	531	40.71893904	-73.99266288	291	40.713126	-73.984844	1
0	23	11037	449	40.76461837	-73.98789473	470	40.74345335	-74.00004031	1
0	23	24101	290	40.76020258	-73.96478473	529	40.7575699	-73.99098507	1
0	23	52971	247	40.73535398	-74.00483091	79	40.71911552	-74.00666661	1
0	23	34605	309	40.7149787	-74.013012	2002	40.716887	-73.963198	1
0	23	31491	312	40.722055	-73.989111	301	40.72217444	-73.98368779	1
0	23	54129	312	40.722055	-73.989111	280	40.73331967	-73.99510132	1
0	23	50964	432	40.72621788	-73.98379855	479	40.76019252	-73.9912551	1
0	23	23423	438	40.72779126	-73.98564945	254	40.73532427	-73.99800419	1
0	23	2426	285	40.73454567	-73.99074142	254	40.73532427	-73.99800419	1
0	23	38512	2000	40.70255088	-73.98940236	2000	40.70255088	-73.98940236	1
0	23	57076	167	40.7489006	-73.97604882	261	40.69474881	-73.98362464	1
0	23	26777	499	40.76915505	-73.98191841	442	40.746647	-73.993915	1
0	23	39665	417	40.71291224	-74.01020234	422	40.770513	-73.988038	1
0	23	4182	72	40.76727216	-73.99392888	426	40.71754834	-74.01322069	1
0	23	23833	301	40.72217444	-73.98368779	401	40.72019576	-73.98997825	1
0	23	6175	285	40.73454567	-73.99074142	355	40.71602118	-73.99974372	1
0	23	32479	449	40.76461837	-73.98789473	2021	40.75929124	-73.98859651	1
0	23	29481	353	40.68539567	-73.97431458	83	40.68382604	-73.97632328	1
0	23	52608	401	40.72019576	-73.98997825	328	40.72405549	-74.00965965	1
0	23	16055	294	40.73049393	-73.9957214	301	40.72217444	-73.98368779	1
0	23	9953	488	40.75645824	-73.99372222	281	40.7643971	-73.97371465	2
0	23	27169	462	40.74691959	-74.00451887	152	40.71473993	-74.00910627	1
0	23	27890	345	40.73649403	-73.99704374	280	40.73331967	-73.99510132	1
0	23	19822	391	40.69760127	-73.99344559	391	40.69760127	-73.99344559	1
0	23	23840	329	40.72043411	-74.01020609	82	40.71117416	-74.00016545	1
0	23	23620	224	40.71146364	-74.00552427	417	40.71291224	-74.01020234	1
0	23	8434	311	40.7172274	-73.98802084	473	40.72110063	-73.9919254	1
0	23	23019	361	40.71605866	-73.99190759	295	40.71406667	-73.99293911	1
0	23	11073	490	40.751551	-73.993934	479	40.76019252	-73.9912551	1
0	23	21919	539	40.71534825	-73.96024116	313	40.69610226	-73.96751037	1
0	23	15110	523	40.75466591	-73.99138152	453	40.74475148	-73.99915362	1
0	23	33193	326	40.72953837	-73.98426726	361	40.71605866	-73.99190759	1
0	23	25250	487	40.73314259	-73.97573881	434	40.74317449	-74.00366443	1
0	23	6440	385	40.75797322	-73.96603308	164	40.75323098	-73.97032517	1
0	23	7394	402	40.7403432	-73.98955109	319	40.71336124	-74.00937622	2
0	23	46008	348	40.72490985	-74.00154702	83	40.68382604	-73.97632328	1
0	23	46927	519	40.75188406	-73.97770164	356	40.71622644	-73.98261206	1
0	23	10110	430	40.7014851	-73.98656928	430	40.7014851	-73.98656928	1
0	23	14834	2022	40.75849116	-73.95920622	499	40.76915505	-73.98191841	1
0	23	18041	334	40.74238787	-73.99726235	487	40.73314259	-73.97573881	1
0	23	14685	490	40.751551	-73.993934	527	40.74315566	-73.97434726	1
0	23	10988	236	40.7284186	-73.98713956	312	40.722055	-73.989111	1
0	23	31849	410	40.72066442	-73.98517977	268	40.71910537	-73.99973337	1
0	23	33689	499	40.76915505	-73.98191841	466	40.74395411	-73.99144871	1
0	23	4855	507	40.73912601	-73.97973776	472	40.7457121	-73.98194829	1
0	23	22112	368	40.73038599	-74.00214988	476	40.74394314	-73.97966069	1
0	23	8048	457	40.76695317	-73.98169333	290	40.76020258	-73.96478473	1
0	23	42531	527	40.74315566	-73.97434726	267	40.75097711	-73.98765428	1
0	23	11136	438	40.72779126	-73.98564945	476	40.74394314	-73.97966069	1
0	23	14396	401	40.72019576	-73.98997825	79	40.71911552	-74.00666661	1
0	23	45204	395	40.68807003	-73.98410637	323	40.69236178	-73.98631746	1
0	23	32281	369	40.73224119	-74.00026394	482	40.73935542	-73.99931783	1
0	23	30082	453	40.74475148	-73.99915362	461	40.73587678	-73.98205027	1
0	23	13911	237	40.73047309	-73.98672378	401	40.72019576	-73.98997825	1
0	23	43776	428	40.72467721	-73.98783413	518	40.74780373	-73.9734419	2
0	23	46818	160	40.748238	-73.978311	293	40.73028666	-73.9907647	1
0	23	14148	528	40.74290902	-73.97706058	456	40.7597108	-73.97402311	1
0	23	22581	347	40.72873888	-74.00748842	403	40.72502876	-73.99069656	1
0	23	8148	434	40.74317449	-74.00366443	458	40.751396	-74.005226	2
0	23	14043	441	40.756014	-73.967416	449	40.76461837	-73.98789473	1
0	23	27306	380	40.73401143	-74.00293877	248	40.72185379	-74.00771779	1
0	23	10828	504	40.73221853	-73.98165557	439	40.7262807	-73.98978041	1
0	23	33646	263	40.71729	-73.996375	251	40.72317958	-73.99480012	2
0	23	16770	540	40.74147286	-73.98320928	410	40.72066442	-73.98517977	1
0	23	18027	490	40.751551	-73.993934	511	40.72938685	-73.97772429	1
0	23	15168	428	40.72467721	-73.98783413	251	40.72317958	-73.99480012	1
0	23	20124	348	40.72490985	-74.00154702	476	40.74394314	-73.97966069	1
0	23	2239	461	40.73587678	-73.98205027	2012	40.739445	-73.976806	1
0	23	19498	348	40.72490985	-74.00154702	531	40.71893904	-73.99266288	1
0	23	16264	447	40.76370739	-73.9851615	513	40.768254	-73.988639	1
0	23	34627	83	40.68382604	-73.97632328	353	40.68539567	-73.97431458	1
0	23	23276	383	40.735238	-74.000271	326	40.72953837	-73.98426726	1
0	23	46985	2003	40.73416059	-73.98024289	447	40.76370739	-73.9851615	1
0	23	57077	311	40.7172274	-73.98802084	438	40.72779126	-73.98564945	2
0	23	22047	522	40.75714758	-73.97207836	505	40.74901271	-73.98848395	1
0	23	42762	527	40.74315566	-73.97434726	479	40.76019252	-73.9912551	1
0	23	29777	375	40.72679454	-73.99695094	504	40.73221853	-73.98165557	1
0	23	14337	263	40.71729	-73.996375	263	40.71729	-73.996375	1
0	23	57078	263	40.71729	-73.996375	314	40.69424674	-73.99215922	1
0	23	19606	483	40.73223272	-73.98889957	251	40.72317958	-73.99480012	2
0	23	23966	532	40.710451	-73.960876	305	40.76095756	-73.96724467	1
0	23	15911	168	40.73971301	-73.99456405	368	40.73038599	-74.00214988	1
0	23	13982	326	40.72953837	-73.98426726	507	40.73912601	-73.97973776	1
0	23	57079	518	40.74780373	-73.9734419	82	40.71117416	-74.00016545	1
0	23	17149	363	40.70834698	-74.01713445	151	40.7218158	-73.99720307	1
0	23	15204	361	40.71605866	-73.99190759	428	40.72467721	-73.98783413	1
0	23	42065	358	40.73291553	-74.00711384	438	40.72779126	-73.98564945	1
0	23	13302	160	40.748238	-73.978311	284	40.7390169121	-74.0026376103	1
0	23	13263	488	40.75645824	-73.99372222	482	40.73935542	-73.99931783	1
0	23	27584	251	40.72317958	-73.99480012	251	40.72317958	-73.99480012	1
0	23	53781	252	40.73226398	-73.99852205	325	40.73624527	-73.98473765	1
0	23	37798	263	40.71729	-73.996375	297	40.734232	-73.986923	1
0	23	14999	150	40.7208736	-73.98085795	511	40.72938685	-73.97772429	1
0	23	57080	217	40.70277159	-73.99383605	539	40.71534825	-73.96024116	1
0	23	56337	499	40.76915505	-73.98191841	516	40.75206862	-73.96784384	1
0	23	28738	320	40.71743998	-74.00583475	268	40.71910537	-73.99973337	1
0	23	19377	251	40.72317958	-73.99480012	454	40.75455731	-73.96592976	1
0	23	17388	518	40.74780373	-73.9734419	504	40.73221853	-73.98165557	1
0	23	11267	229	40.72743423	-73.99379025	382	40.73492695	-73.99200509	1
0	23	5471	521	40.75044999	-73.99481051	488	40.75645824	-73.99372222	1
0	23	11872	472	40.7457121	-73.98194829	493	40.7568001	-73.98291153	2
0	23	11954	380	40.73401143	-74.00293877	439	40.7262807	-73.98978041	1
0	23	593	492	40.75019995	-73.99093085	153	40.752062307	-73.9816324043	1
0	23	1440	157	40.69089272	-73.99612349	391	40.69760127	-73.99344559	1
0	23	32071	128	40.72710258	-74.00297088	250	40.72456089	-73.99565293	1
0	23	390	442	40.746647	-73.993915	507	40.73912601	-73.97973776	1
0	23	9620	361	40.71605866	-73.99190759	361	40.71605866	-73.99190759	1
0	23	36366	433	40.72955361	-73.98057249	151	40.7218158	-73.99720307	1
0	23	57081	493	40.7568001	-73.98291153	539	40.71534825	-73.96024116	1
0	23	10100	479	40.76019252	-73.9912551	513	40.768254	-73.988639	1
0	23	14713	325	40.73624527	-73.98473765	470	40.74345335	-74.00004031	1
0	23	23578	265	40.72229346	-73.99147535	457	40.76695317	-73.98169333	1
0	23	28409	473	40.72110063	-73.9919254	410	40.72066442	-73.98517977	1
0	23	44177	285	40.73454567	-73.99074142	440	40.75255434	-73.97282625	1
0	23	57082	464	40.75934501	-73.96759673	393	40.72299208	-73.97995466	1
0	23	12913	438	40.72779126	-73.98564945	404	40.7405826	-74.00550867	1
0	23	12398	116	40.74177603	-74.00149746	347	40.72873888	-74.00748842	1
0	23	38470	284	40.7390169121	-74.0026376103	545	40.736502	-73.97809472	1
0	23	8326	475	40.73524276	-73.98758561	475	40.73524276	-73.98758561	1
0	23	47762	447	40.76370739	-73.9851615	470	40.74345335	-74.00004031	2
0	23	41989	284	40.7390169121	-74.0026376103	2003	40.73416059	-73.98024289	1
0	23	35319	494	40.74734825	-73.99723551	212	40.74334935	-74.00681753	1
0	23	29530	380	40.73401143	-74.00293877	252	40.73226398	-73.99852205	1
0	23	621	499	40.76915505	-73.98191841	305	40.76095756	-73.96724467	1
0	23	26076	401	40.72019576	-73.98997825	236	40.7284186	-73.98713956	1
0	23	6574	82	40.71117416	-74.00016545	417	40.71291224	-74.01020234	1
0	23	21892	325	40.73624527	-73.98473765	326	40.72953837	-73.98426726	1
0	23	33079	507	40.73912601	-73.97973776	475	40.73524276	-73.98758561	1
0	23	10233	161	40.72917025	-73.99810231	263	40.71729	-73.996375	1
0	23	31416	326	40.72953837	-73.98426726	2021	40.75929124	-73.98859651	1
0	23	21153	447	40.76370739	-73.9851615	497	40.73704984	-73.99009296	1
0	23	2944	501	40.744219	-73.97121214	464	40.75934501	-73.96759673	1
0	23	23118	2021	40.75929124	-73.98859651	540	40.74147286	-73.98320928	1
0	23	20192	492	40.75019995	-73.99093085	498	40.74854862	-73.98808416	1
0	23	18318	442	40.746647	-73.993915	499	40.76915505	-73.98191841	1
0	23	14420	268	40.71910537	-73.99973337	328	40.72405549	-74.00965965	1
0	23	9267	317	40.72453734	-73.98185424	438	40.72779126	-73.98564945	1
0	23	41777	251	40.72317958	-73.99480012	477	40.75640548	-73.9900262	1
0	23	15716	546	40.74444921	-73.98303529	514	40.76087502	-74.00277668	1
0	23	48832	151	40.7218158	-73.99720307	247	40.73535398	-74.00483091	1
0	23	36101	461	40.73587678	-73.98205027	531	40.71893904	-73.99266288	1
0	23	13727	319	40.71336124	-74.00937622	319	40.71336124	-74.00937622	1
0	23	52690	270	40.69308257	-73.97178913	436	40.68216564	-73.95399026	1
0	23	10910	494	40.74734825	-73.99723551	236	40.7284186	-73.98713956	1
0	23	9161	383	40.735238	-74.000271	435	40.74173969	-73.99415556	1
0	23	36896	394	40.72521311	-73.97768752	252	40.73226398	-73.99852205	1
0	23	28846	428	40.72467721	-73.98783413	369	40.73224119	-74.00026394	1
0	23	22775	438	40.72779126	-73.98564945	161	40.72917025	-73.99810231	1
0	23	29723	263	40.71729	-73.996375	312	40.722055	-73.989111	1
0	23	43758	285	40.73454567	-73.99074142	72	40.76727216	-73.99392888	1
0	23	4654	439	40.7262807	-73.98978041	415	40.7047177	-74.00926027	1
0	23	13331	285	40.73454567	-73.99074142	317	40.72453734	-73.98185424	1
0	23	21671	482	40.73935542	-73.99931783	462	40.74691959	-74.00451887	1
0	23	28281	312	40.722055	-73.989111	521	40.75044999	-73.99481051	1
0	23	4044	462	40.74691959	-74.00451887	2008	40.70569254	-74.01677685	1
0	23	7102	285	40.73454567	-73.99074142	335	40.72903917	-73.99404649	1
0	23	10103	433	40.72955361	-73.98057249	297	40.734232	-73.986923	1
0	23	19833	462	40.74691959	-74.00451887	3002	40.711512	-74.015756	1
0	23	54864	432	40.72621788	-73.98379855	494	40.74734825	-73.99723551	1
0	23	14310	423	40.76584941	-73.98690506	529	40.7575699	-73.99098507	1
0	23	55076	466	40.74395411	-73.99144871	401	40.72019576	-73.98997825	1
0	23	37540	404	40.7405826	-74.00550867	537	40.74025878	-73.98409214	1
0	23	5304	146	40.71625008	-74.0091059	248	40.72185379	-74.00771779	1
0	23	20511	540	40.74147286	-73.98320928	297	40.734232	-73.986923	1
0	23	2948	438	40.72779126	-73.98564945	293	40.73028666	-73.9907647	1
0	23	17499	268	40.71910537	-73.99973337	365	40.68223166	-73.9614583	1
0	23	41612	383	40.735238	-74.000271	394	40.72521311	-73.97768752	1
0	23	2183	394	40.72521311	-73.97768752	150	40.7208736	-73.98085795	1
0	23	46381	428	40.72467721	-73.98783413	532	40.710451	-73.960876	1
0	23	19447	482	40.73935542	-73.99931783	347	40.72873888	-74.00748842	1
0	23	1702	426	40.71754834	-74.01322069	327	40.7153379	-74.01658354	1
0	23	35995	475	40.73524276	-73.98758561	476	40.74394314	-73.97966069	1
0	23	14385	432	40.72621788	-73.98379855	297	40.734232	-73.986923	1
0	23	21896	472	40.7457121	-73.98194829	537	40.74025878	-73.98409214	1
0	23	20793	334	40.74238787	-73.99726235	223	40.73781509	-73.99994661	1
0	23	35082	439	40.7262807	-73.98978041	2021	40.75929124	-73.98859651	1
0	23	57083	472	40.7457121	-73.98194829	473	40.72110063	-73.9919254	1
0	23	10083	307	40.71427487	-73.98990025	308	40.71307916	-73.99851193	1
0	23	265	519	40.75188406	-73.97770164	498	40.74854862	-73.98808416	1
0	23	20546	468	40.7652654	-73.98192338	449	40.76461837	-73.98789473	1
0	23	28195	285	40.73454567	-73.99074142	477	40.75640548	-73.9900262	1
0	23	51303	477	40.75640548	-73.9900262	301	40.72217444	-73.98368779	1
0	23	35016	447	40.76370739	-73.9851615	294	40.73049393	-73.9957214	1
0	23	13284	326	40.72953837	-73.98426726	161	40.72917025	-73.99810231	1
0	23	57084	493	40.7568001	-73.98291153	536	40.74144387	-73.97536082	1
0	23	18416	473	40.72110063	-73.9919254	307	40.71427487	-73.98990025	1
0	23	4066	368	40.73038599	-74.00214988	347	40.72873888	-74.00748842	1
0	23	7801	293	40.73028666	-73.9907647	472	40.7457121	-73.98194829	1
0	23	44654	457	40.76695317	-73.98169333	483	40.73223272	-73.98889957	1
0	23	3716	247	40.73535398	-74.00483091	426	40.71754834	-74.01322069	1
0	23	46308	499	40.76915505	-73.98191841	522	40.75714758	-73.97207836	1
0	23	51792	2000	40.70255088	-73.98940236	261	40.69474881	-73.98362464	1
0	23	25377	477	40.75640548	-73.9900262	2006	40.76590936	-73.97634151	1
0	23	13799	475	40.73524276	-73.98758561	394	40.72521311	-73.97768752	2
0	23	57085	2012	40.739445	-73.976806	531	40.71893904	-73.99266288	1
0	23	1552	448	40.75660359	-73.9979009	521	40.75044999	-73.99481051	1
0	23	43713	319	40.71336124	-74.00937622	394	40.72521311	-73.97768752	2
0	23	39019	2003	40.73416059	-73.98024289	369	40.73224119	-74.00026394	1
0	23	51022	319	40.71336124	-74.00937622	150	40.7208736	-73.98085795	1
0	23	18396	537	40.74025878	-73.98409214	482	40.73935542	-73.99931783	1
0	23	41499	2010	40.72165481	-74.00234737	432	40.72621788	-73.98379855	1
0	23	29532	401	40.72019576	-73.98997825	330	40.71450451	-74.00562789	1
0	23	36857	386	40.71494807	-74.00234482	311	40.7172274	-73.98802084	1
0	23	14359	496	40.73726186	-73.99238967	404	40.7405826	-74.00550867	1
0	23	57086	307	40.71427487	-73.98990025	2012	40.739445	-73.976806	1
0	23	44444	2006	40.76590936	-73.97634151	251	40.72317958	-73.99480012	1
0	23	49732	254	40.73532427	-73.99800419	507	40.73912601	-73.97973776	1
0	23	40869	499	40.76915505	-73.98191841	358	40.73291553	-74.00711384	1
0	23	537	2021	40.75929124	-73.98859651	499	40.76915505	-73.98191841	1
0	23	40980	151	40.7218158	-73.99720307	450	40.76227205	-73.98788205	1
0	23	40341	267	40.75097711	-73.98765428	463	40.74206539	-74.00443172	1
0	23	14740	498	40.74854862	-73.98808416	520	40.75992262	-73.97648516	1
0	23	13298	83	40.68382604	-73.97632328	83	40.68382604	-73.97632328	1
0	23	29134	83	40.68382604	-73.97632328	384	40.68317813	-73.9659641	1
0	23	38705	477	40.75640548	-73.9900262	335	40.72903917	-73.99404649	1
0	23	12299	311	40.7172274	-73.98802084	356	40.71622644	-73.98261206	1
0	23	24139	391	40.69760127	-73.99344559	147	40.71542197	-74.01121978	1
0	23	57087	422	40.770513	-73.988038	400	40.71926081	-73.98178024	1
0	23	22816	290	40.76020258	-73.96478473	422	40.770513	-73.988038	1
0	23	306	450	40.76227205	-73.98788205	529	40.7575699	-73.99098507	1
0	23	18607	310	40.68926942	-73.98912867	83	40.68382604	-73.97632328	1
0	23	50211	432	40.72621788	-73.98379855	404	40.7405826	-74.00550867	1
0	23	35104	146	40.71625008	-74.0091059	293	40.73028666	-73.9907647	1
0	23	29708	252	40.73226398	-73.99852205	252	40.73226398	-73.99852205	1
