0	0	13641	459	40.746745	-74.007756	349	40.71850211	-73.98329859	1
0	0	20177	499	40.76915505	-73.98191841	439	40.7262807	-73.98978041	1
0	0	11358	301	40.72217444	-73.98368779	301	40.72217444	-73.98368779	1
0	0	17927	368	40.73038599	-74.00214988	537	40.74025878	-73.98409214	1
0	0	9027	251	40.72317958	-73.99480012	348	40.72490985	-74.00154702	1
0	0	41855	490	40.751551	-73.993934	128	40.72710258	-74.00297088	1
0	0	16349	490	40.751551	-73.993934	411	40.72228087	-73.97668709	2
0	0	41864	426	40.71754834	-74.01322069	531	40.71893904	-73.99266288	1
0	0	30432	405	40.739323	-74.008119	147	40.71542197	-74.01121978	1
0	0	2299	284	40.7390169121	-74.0026376103	309	40.7149787	-74.013012	1
0	0	41873	316	40.70955958	-74.00653609	352	40.76340613	-73.97722479	1
0	0	30787	457	40.76695317	-73.98169333	426	40.71754834	-74.01322069	1
0	0	18822	499	40.76915505	-73.98191841	487	40.73314259	-73.97573881	1
0	0	41879	340	40.71269042	-73.98776323	389	40.71044554	-73.96525063	1
0	0	18764	305	40.76095756	-73.96724467	439	40.7262807	-73.98978041	2
0	0	41880	500	40.76228826	-73.98336183	303	40.72362738	-73.99949601	1
0	0	27343	225	40.74195138	-74.00803013	252	40.73226398	-73.99852205	1
0	0	14208	3002	40.711512	-74.015756	3002	40.711512	-74.015756	2
0	0	16283	398	40.69165183	-73.9999786	83	40.68382604	-73.97632328	1
0	0	41881	398	40.69165183	-73.9999786	261	40.69474881	-73.98362464	1
0	0	35553	263	40.71729	-73.996375	472	40.7457121	-73.98194829	1
0	0	31766	2022	40.75849116	-73.95920622	433	40.72955361	-73.98057249	1
0	0	20210	254	40.73532427	-73.99800419	396	40.680342423	-73.9557689392	1
0	0	12222	268	40.71910537	-73.99973337	268	40.71910537	-73.99973337	1
0	0	41884	398	40.69165183	-73.9999786	386	40.71494807	-74.00234482	3
0	0	7620	285	40.73454567	-73.99074142	153	40.752062307	-73.9816324043	2
0	0	41887	350	40.71559509	-73.9870295	446	40.74487634	-73.99529885	1
0	0	41888	329	40.72043411	-74.01020609	415	40.7047177	-74.00926027	1
0	0	40834	345	40.73649403	-73.99704374	393	40.72299208	-73.97995466	1
0	0	32816	305	40.76095756	-73.96724467	319	40.71336124	-74.00937622	1
0	0	3611	327	40.7153379	-74.01658354	327	40.7153379	-74.01658354	1
0	0	40146	2021	40.75929124	-73.98859651	3002	40.711512	-74.015756	1
0	0	33865	290	40.76020258	-73.96478473	368	40.73038599	-74.00214988	1
0	0	31798	284	40.7390169121	-74.0026376103	450	40.76227205	-73.98788205	1
0	0	32714	323	40.69236178	-73.98631746	365	40.68223166	-73.9614583	1
0	0	15015	251	40.72317958	-73.99480012	546	40.74444921	-73.98303529	1
0	0	41892	475	40.73524276	-73.98758561	417	40.71291224	-74.01020234	1
0	0	24195	469	40.76344058	-73.98268129	293	40.73028666	-73.9907647	1
0	0	41894	528	40.74290902	-73.97706058	356	40.71622644	-73.98261206	1
0	0	41895	346	40.73652889	-74.00618026	478	40.76030096	-73.99884222	1
0	0	41896	449	40.76461837	-73.98789473	160	40.748238	-73.978311	1
0	0	28031	481	40.71260486	-73.96264403	401	40.72019576	-73.98997825	1
0	0	39283	276	40.71748752	-74.0104554	312	40.722055	-73.989111	1
0	0	38705	477	40.75640548	-73.9900262	335	40.72903917	-73.99404649	1
0	0	21398	326	40.72953837	-73.98426726	393	40.72299208	-73.97995466	1
0	0	4407	434	40.74317449	-74.00366443	476	40.74394314	-73.97966069	1
0	0	29822	527	40.74315566	-73.97434726	410	40.72066442	-73.98517977	1
0	0	20351	247	40.73535398	-74.00483091	540	40.74147286	-73.98320928	1
0	0	41898	434	40.74317449	-74.00366443	376	40.70862144	-74.00722156	1
0	0	8076	285	40.73454567	-73.99074142	488	40.75645824	-73.99372222	1
0	0	11155	510	40.7606597	-73.98042047	521	40.75044999	-73.99481051	1
0	0	7591	285	40.73454567	-73.99074142	458	40.751396	-74.005226	1
0	0	16770	540	40.74147286	-73.98320928	410	40.72066442	-73.98517977	1
0	0	41899	308	40.71307916	-73.99851193	403	40.72502876	-73.99069656	1
0	0	41900	127	40.73172428	-74.00674436	396	40.680342423	-73.9557689392	1
0	0	41901	483	40.73223272	-73.98889957	344	40.6851443	-73.95380904	1
0	0	5872	458	40.751396	-74.005226	519	40.75188406	-73.97770164	1
0	0	18018	249	40.71870987	-74.0090009	417	40.71291224	-74.01020234	1
0	0	25480	490	40.751551	-73.993934	329	40.72043411	-74.01020609	1
0	0	41902	2017	40.75022392	-73.97121414	448	40.75660359	-73.9979009	1
0	0	2936	398	40.69165183	-73.9999786	391	40.69760127	-73.99344559	1
0	0	41903	348	40.72490985	-74.00154702	352	40.76340613	-73.97722479	1
0	0	41904	151	40.7218158	-73.99720307	481	40.71260486	-73.96264403	1
0	0	13598	476	40.74394314	-73.97966069	531	40.71893904	-73.99266288	1
0	0	214	459	40.746745	-74.007756	263	40.71729	-73.996375	1
0	0	21157	257	40.71939226	-74.00247214	483	40.73223272	-73.98889957	1
0	0	28066	477	40.75640548	-73.9900262	501	40.744219	-73.97121214	1
0	0	22377	511	40.72938685	-73.97772429	439	40.7262807	-73.98978041	1
0	0	11243	127	40.73172428	-74.00674436	363	40.70834698	-74.01713445	1
0	0	41905	435	40.74173969	-73.99415556	263	40.71729	-73.996375	1
0	0	41906	297	40.734232	-73.986923	373	40.69331716	-73.95381995	1
0	0	41907	251	40.72317958	-73.99480012	351	40.70530954	-74.00612572	1
0	0	7016	401	40.72019576	-73.98997825	250	40.72456089	-73.99565293	1
0	0	4403	350	40.71559509	-73.9870295	377	40.72243797	-74.00566443	1
0	0	14246	295	40.71406667	-73.99293911	301	40.72217444	-73.98368779	1
0	0	2228	477	40.75640548	-73.9900262	527	40.74315566	-73.97434726	1
0	0	29937	540	40.74147286	-73.98320928	489	40.75066386	-74.00176802	1
0	0	29881	490	40.751551	-73.993934	470	40.74345335	-74.00004031	1
0	0	10678	330	40.71450451	-74.00562789	161	40.72917025	-73.99810231	1
0	0	20629	284	40.7390169121	-74.0026376103	297	40.734232	-73.986923	1
0	0	34261	463	40.74206539	-74.00443172	325	40.73624527	-73.98473765	1
0	0	23433	296	40.71413089	-73.9970468	237	40.73047309	-73.98672378	1
0	0	8516	276	40.71748752	-74.0104554	444	40.7423543	-73.98915076	1
0	0	7021	450	40.76227205	-73.98788205	294	40.73049393	-73.9957214	1
0	0	14968	540	40.74147286	-73.98320928	379	40.749156	-73.9916	1
0	0	8560	536	40.74144387	-73.97536082	236	40.7284186	-73.98713956	1
0	0	22473	509	40.7454973	-74.00197139	336	40.73047747	-73.99906065	1
0	0	1006	521	40.75044999	-73.99481051	447	40.76370739	-73.9851615	1
0	0	8958	405	40.739323	-74.008119	514	40.76087502	-74.00277668	1
0	0	41909	433	40.72955361	-73.98057249	401	40.72019576	-73.98997825	1
0	0	21074	161	40.72917025	-73.99810231	504	40.73221853	-73.98165557	2
0	0	41910	478	40.76030096	-73.99884222	462	40.74691959	-74.00451887	1
0	0	29713	410	40.72066442	-73.98517977	307	40.71427487	-73.98990025	1
0	0	36870	441	40.756014	-73.967416	519	40.75188406	-73.97770164	1
0	0	29167	326	40.72953837	-73.98426726	307	40.71427487	-73.98990025	1
0	0	19293	518	40.74780373	-73.9734419	293	40.73028666	-73.9907647	1
0	0	20176	531	40.71893904	-73.99266288	507	40.73912601	-73.97973776	1
0	0	11054	468	40.7652654	-73.98192338	468	40.7652654	-73.98192338	1
0	0	41912	247	40.73535398	-74.00483091	248	40.72185379	-74.00771779	1
0	0	37734	306	40.70823502	-74.00530063	295	40.71406667	-73.99293911	2
0	0	20961	499	40.76915505	-73.98191841	294	40.73049393	-73.9957214	1
0	0	41913	353	40.68539567	-73.97431458	157	40.69089272	-73.99612349	1
0	0	9199	466	40.74395411	-73.99144871	382	40.73492695	-73.99200509	1
0	0	41914	363	40.70834698	-74.01713445	355	40.71602118	-73.99974372	1
0	0	41915	450	40.76227205	-73.98788205	311	40.7172274	-73.98802084	1
0	0	14868	294	40.73049393	-73.9957214	518	40.74780373	-73.9734419	1
0	0	20696	394	40.72521311	-73.97768752	223	40.73781509	-73.99994661	1
0	0	34264	238	40.7361967	-74.00859207	380	40.73401143	-74.00293877	3
0	0	41916	293	40.73028666	-73.9907647	316	40.70955958	-74.00653609	1
0	0	35034	410	40.72066442	-73.98517977	501	40.744219	-73.97121214	1
0	0	38763	469	40.76344058	-73.98268129	477	40.75640548	-73.9900262	1
0	0	20655	368	40.73038599	-74.00214988	422	40.770513	-73.988038	1
0	0	41917	401	40.72019576	-73.98997825	412	40.7158155	-73.99422366	1
0	0	12392	423	40.76584941	-73.98690506	479	40.76019252	-73.9912551	1
0	0	41918	250	40.72456089	-73.99565293	334	40.74238787	-73.99726235	1
0	0	14510	352	40.76340613	-73.97722479	464	40.75934501	-73.96759673	1
0	0	41919	369	40.73224119	-74.00026394	475	40.73524276	-73.98758561	1
0	0	35001	517	40.75149263	-73.97798848	495	40.76269882	-73.99301222	1
0	0	8869	2002	40.716887	-73.963198	2002	40.716887	-73.963198	2
0	0	41920	453	40.74475148	-73.99915362	449	40.76461837	-73.98789473	1
0	0	14313	147	40.71542197	-74.01121978	304	40.70463334	-74.01361706	1
0	0	20291	531	40.71893904	-73.99266288	504	40.73221853	-73.98165557	1
0	0	23440	534	40.70255065	-74.0127234	330	40.71450451	-74.00562789	1
0	0	30734	497	40.73704984	-73.99009296	401	40.72019576	-73.98997825	1
0	0	2695	403	40.72502876	-73.99069656	2012	40.739445	-73.976806	1
0	0	12612	336	40.73047747	-73.99906065	383	40.735238	-74.000271	2
0	0	2070	293	40.73028666	-73.9907647	236	40.7284186	-73.98713956	1
0	0	41921	293	40.73028666	-73.9907647	331	40.71173107	-73.99193043	1
0	0	13989	435	40.74173969	-73.99415556	459	40.746745	-74.007756	1
0	0	41922	464	40.75934501	-73.96759673	223	40.73781509	-73.99994661	1
0	0	41923	307	40.71427487	-73.98990025	344	40.6851443	-73.95380904	1
0	0	16680	450	40.76227205	-73.98788205	512	40.7500727	-73.99839279	1
0	0	36108	303	40.72362738	-73.99949601	367	40.75828065	-73.97069431	1
0	0	23922	237	40.73047309	-73.98672378	540	40.74147286	-73.98320928	1
0	0	14165	479	40.76019252	-73.9912551	488	40.75645824	-73.99372222	1
0	0	27940	293	40.73028666	-73.9907647	297	40.734232	-73.986923	1
0	0	14999	150	40.7208736	-73.98085795	511	40.72938685	-73.97772429	1
0	0	29736	161	40.72917025	-73.99810231	326	40.72953837	-73.98426726	1
0	0	38280	430	40.7014851	-73.98656928	421	40.69573398	-73.97129668	1
0	0	20692	377	40.72243797	-74.00566443	368	40.73038599	-74.00214988	2
0	0	6985	426	40.71754834	-74.01322069	347	40.72873888	-74.00748842	1
0	0	23859	307	40.71427487	-73.98990025	174	40.7381765	-73.97738662	1
0	0	7975	335	40.72903917	-73.99404649	483	40.73223272	-73.98889957	1
0	0	11507	324	40.689888	-73.981013	258	40.68940747	-73.96885458	1
0	0	41924	482	40.73935542	-73.99931783	224	40.71146364	-74.00552427	1
0	0	38466	386	40.71494807	-74.00234482	236	40.7284186	-73.98713956	1
0	0	41925	365	40.68223166	-73.9614583	412	40.7158155	-73.99422366	1
0	0	27923	489	40.75066386	-74.00176802	482	40.73935542	-73.99931783	1
0	0	12231	521	40.75044999	-73.99481051	448	40.75660359	-73.9979009	2
0	0	9657	251	40.72317958	-73.99480012	285	40.73454567	-73.99074142	1
0	0	29409	422	40.770513	-73.988038	301	40.72217444	-73.98368779	1
0	0	24005	303	40.72362738	-73.99949601	312	40.722055	-73.989111	1
0	0	272	334	40.74238787	-73.99726235	284	40.7390169121	-74.0026376103	1
0	0	6155	2012	40.739445	-73.976806	161	40.72917025	-73.99810231	1
0	0	6275	499	40.76915505	-73.98191841	480	40.76669671	-73.99061728	1
0	0	41926	249	40.71870987	-74.0090009	489	40.75066386	-74.00176802	1
0	0	28825	490	40.751551	-73.993934	336	40.73047747	-73.99906065	1
0	0	6216	519	40.75188406	-73.97770164	476	40.74394314	-73.97966069	1
0	0	35119	404	40.7405826	-74.00550867	463	40.74206539	-74.00443172	1
0	0	34142	161	40.72917025	-73.99810231	444	40.7423543	-73.98915076	1
0	0	41927	250	40.72456089	-73.99565293	323	40.69236178	-73.98631746	1
0	0	20601	384	40.68317813	-73.9659641	366	40.693261	-73.968896	2
0	0	15718	466	40.74395411	-73.99144871	468	40.7652654	-73.98192338	1
0	0	18323	426	40.71754834	-74.01322069	391	40.69760127	-73.99344559	1
0	0	28533	368	40.73038599	-74.00214988	439	40.7262807	-73.98978041	1
0	0	15486	251	40.72317958	-73.99480012	403	40.72502876	-73.99069656	1
0	0	20036	537	40.74025878	-73.98409214	440	40.75255434	-73.97282625	1
0	0	479	301	40.72217444	-73.98368779	527	40.74315566	-73.97434726	1
0	0	10620	247	40.73535398	-74.00483091	368	40.73038599	-74.00214988	2
0	0	34044	322	40.696192	-73.991218	412	40.7158155	-73.99422366	1
0	0	41928	312	40.722055	-73.989111	247	40.73535398	-74.00483091	1
0	0	18181	401	40.72019576	-73.98997825	483	40.73223272	-73.98889957	1
0	0	6696	479	40.76019252	-73.9912551	388	40.749717753	-74.002950346	1
0	0	2444	439	40.7262807	-73.98978041	251	40.72317958	-73.99480012	1
0	0	461	423	40.76584941	-73.98690506	423	40.76584941	-73.98690506	1
0	0	78	252	40.73226398	-73.99852205	294	40.73049393	-73.9957214	2
0	0	32772	258	40.68940747	-73.96885458	353	40.68539567	-73.97431458	1
0	0	27266	252	40.73226398	-73.99852205	435	40.74173969	-73.99415556	2
0	0	6322	476	40.74394314	-73.97966069	476	40.74394314	-73.97966069	1
0	0	21501	521	40.75044999	-73.99481051	449	40.76461837	-73.98789473	1
0	0	24216	296	40.71413089	-73.9970468	302	40.72082834	-73.97793172	1
0	0	24881	518	40.74780373	-73.9734419	476	40.74394314	-73.97966069	1
0	0	33412	2003	40.73416059	-73.98024289	476	40.74394314	-73.97966069	1
0	0	19699	444	40.7423543	-73.98915076	2003	40.73416059	-73.98024289	1
0	0	41929	146	40.71625008	-74.0091059	271	40.68528172	-73.97805813	1
0	0	19453	507	40.73912601	-73.97973776	504	40.73221853	-73.98165557	1
0	0	15099	336	40.73047747	-73.99906065	285	40.73454567	-73.99074142	1
0	0	30577	308	40.71307916	-73.99851193	502	40.714215	-73.981346	1
0	0	19377	251	40.72317958	-73.99480012	454	40.75455731	-73.96592976	1
0	0	35557	317	40.72453734	-73.98185424	474	40.7451677	-73.98683077	1
0	0	13010	404	40.7405826	-74.00550867	368	40.73038599	-74.00214988	2
0	0	180	307	40.71427487	-73.98990025	307	40.71427487	-73.98990025	1
0	0	41930	329	40.72043411	-74.01020609	477	40.75640548	-73.9900262	1
0	0	891	224	40.71146364	-74.00552427	306	40.70823502	-74.00530063	1
0	0	21037	360	40.70717936	-74.00887308	264	40.70706456	-74.00731853	1
0	0	27632	490	40.751551	-73.993934	523	40.75466591	-73.99138152	1
0	0	41931	401	40.72019576	-73.98997825	405	40.739323	-74.008119	1
0	0	4245	284	40.7390169121	-74.0026376103	306	40.70823502	-74.00530063	1
0	0	32197	368	40.73038599	-74.00214988	423	40.76584941	-73.98690506	1
0	0	9775	153	40.752062307	-73.9816324043	485	40.75038009	-73.98338988	1
0	0	35195	312	40.722055	-73.989111	331	40.71173107	-73.99193043	1
0	0	2374	127	40.73172428	-74.00674436	426	40.71754834	-74.01322069	2
0	0	3332	3002	40.711512	-74.015756	363	40.70834698	-74.01713445	1
0	0	5587	523	40.75466591	-73.99138152	153	40.752062307	-73.9816324043	1
0	0	41932	151	40.7218158	-73.99720307	398	40.69165183	-73.9999786	1
0	0	34920	367	40.75828065	-73.97069431	477	40.75640548	-73.9900262	1
0	0	64	306	40.70823502	-74.00530063	534	40.70255065	-74.0127234	1
0	0	19774	458	40.751396	-74.005226	512	40.7500727	-73.99839279	1
0	0	50	334	40.74238787	-73.99726235	439	40.7262807	-73.98978041	1
0	0	10028	345	40.73649403	-73.99704374	116	40.74177603	-74.00149746	1
0	0	41933	325	40.73624527	-73.98473765	327	40.7153379	-74.01658354	1
0	0	35045	157	40.69089272	-73.99612349	262	40.69178232	-73.97372989	1
0	0	14804	468	40.7652654	-73.98192338	477	40.75640548	-73.9900262	1
0	0	25225	342	40.71739973	-73.98016555	410	40.72066442	-73.98517977	1
0	0	20620	151	40.7218158	-73.99720307	317	40.72453734	-73.98185424	1
0	0	1398	385	40.75797322	-73.96603308	499	40.76915505	-73.98191841	1
0	0	28686	264	40.70706456	-74.00731853	257	40.71939226	-74.00247214	1
0	0	10685	335	40.72903917	-73.99404649	285	40.73454567	-73.99074142	1
0	0	147	470	40.74345335	-74.00004031	116	40.74177603	-74.00149746	1
0	0	12420	504	40.73221853	-73.98165557	504	40.73221853	-73.98165557	1
0	0	41934	462	40.74691959	-74.00451887	401	40.72019576	-73.98997825	1
0	0	15208	410	40.72066442	-73.98517977	410	40.72066442	-73.98517977	2
0	0	41062	494	40.74734825	-73.99723551	326	40.72953837	-73.98426726	1
0	0	18743	462	40.74691959	-74.00451887	476	40.74394314	-73.97966069	1
0	0	29117	264	40.70706456	-74.00731853	411	40.72228087	-73.97668709	1
0	0	34456	297	40.734232	-73.986923	537	40.74025878	-73.98409214	1
0	0	27050	477	40.75640548	-73.9900262	334	40.74238787	-73.99726235	1
0	0	16944	485	40.75038009	-73.98338988	352	40.76340613	-73.97722479	1
0	0	41935	357	40.73261787	-73.99158043	308	40.71307916	-73.99851193	1
0	0	27564	293	40.73028666	-73.9907647	447	40.76370739	-73.9851615	1
0	0	12175	376	40.70862144	-74.00722156	151	40.7218158	-73.99720307	1
0	0	28910	380	40.73401143	-74.00293877	489	40.75066386	-74.00176802	1
0	0	35203	479	40.76019252	-73.9912551	476	40.74394314	-73.97966069	1
0	0	10841	382	40.73492695	-73.99200509	447	40.76370739	-73.9851615	1
0	0	41936	369	40.73224119	-74.00026394	439	40.7262807	-73.98978041	1
0	0	16767	483	40.73223272	-73.98889957	2003	40.73416059	-73.98024289	1
0	0	41937	386	40.71494807	-74.00234482	503	40.73827428	-73.98751968	2
0	0	31346	527	40.74315566	-73.97434726	428	40.72467721	-73.98783413	1
0	0	21134	160	40.748238	-73.978311	422	40.770513	-73.988038	1
0	0	10323	390	40.69221589	-73.9842844	270	40.69308257	-73.97178913	1
0	0	12289	405	40.739323	-74.008119	320	40.71743998	-74.00583475	1
0	0	24001	468	40.7652654	-73.98192338	423	40.76584941	-73.98690506	1
0	0	1663	146	40.71625008	-74.0091059	387	40.71273266	-74.0046073	1
0	0	41938	285	40.73454567	-73.99074142	224	40.71146364	-74.00552427	2
0	0	41939	386	40.71494807	-74.00234482	321	40.69991755	-73.98971773	2
0	0	13437	223	40.73781509	-73.99994661	257	40.71939226	-74.00247214	1
0	0	13938	368	40.73038599	-74.00214988	151	40.7218158	-73.99720307	1
0	0	28760	483	40.73223272	-73.98889957	466	40.74395411	-73.99144871	1
0	0	16131	444	40.7423543	-73.98915076	439	40.7262807	-73.98978041	1
0	0	25565	523	40.75466591	-73.99138152	483	40.73223272	-73.98889957	2
0	0	2115	358	40.73291553	-74.00711384	504	40.73221853	-73.98165557	1
0	0	20467	531	40.71893904	-73.99266288	341	40.71782143	-73.97628939	1
0	0	18712	488	40.75645824	-73.99372222	448	40.75660359	-73.9979009	2
0	0	20059	307	40.71427487	-73.98990025	417	40.71291224	-74.01020234	1
0	0	20332	128	40.72710258	-74.00297088	494	40.74734825	-73.99723551	1
0	0	41940	454	40.75455731	-73.96592976	379	40.749156	-73.9916	1
0	0	41941	531	40.71893904	-73.99266288	423	40.76584941	-73.98690506	1
0	0	20952	476	40.74394314	-73.97966069	439	40.7262807	-73.98978041	1
0	0	670	450	40.76227205	-73.98788205	499	40.76915505	-73.98191841	1
0	0	26477	369	40.73224119	-74.00026394	268	40.71910537	-73.99973337	2
0	0	393	307	40.71427487	-73.98990025	410	40.72066442	-73.98517977	1
0	0	41942	317	40.72453734	-73.98185424	2010	40.72165481	-74.00234737	1
0	0	11747	375	40.72679454	-73.99695094	294	40.73049393	-73.9957214	1
0	0	41943	454	40.75455731	-73.96592976	442	40.746647	-73.993915	2
0	0	41944	460	40.71285887	-73.96590294	262	40.69178232	-73.97372989	1
0	0	41945	483	40.73223272	-73.98889957	498	40.74854862	-73.98808416	2
0	0	9517	472	40.7457121	-73.98194829	459	40.746745	-74.007756	1
0	0	21896	472	40.7457121	-73.98194829	537	40.74025878	-73.98409214	1
0	0	19664	294	40.73049393	-73.9957214	507	40.73912601	-73.97973776	1
0	0	34990	410	40.72066442	-73.98517977	483	40.73223272	-73.98889957	1
0	0	14638	322	40.696192	-73.991218	322	40.696192	-73.991218	1
0	0	13758	326	40.72953837	-73.98426726	326	40.72953837	-73.98426726	1
0	0	12732	303	40.72362738	-73.99949601	328	40.72405549	-74.00965965	1
0	0	9900	483	40.73223272	-73.98889957	151	40.7218158	-73.99720307	1
0	0	24007	236	40.7284186	-73.98713956	301	40.72217444	-73.98368779	1
0	0	920	480	40.76669671	-73.99061728	510	40.7606597	-73.98042047	1
0	0	12395	449	40.76461837	-73.98789473	513	40.768254	-73.988639	1
0	0	19273	505	40.74901271	-73.98848395	168	40.73971301	-73.99456405	1
0	0	8938	509	40.7454973	-74.00197139	453	40.74475148	-73.99915362	1
0	0	41783	368	40.73038599	-74.00214988	325	40.73624527	-73.98473765	1
0	0	8039	335	40.72903917	-73.99404649	257	40.71939226	-74.00247214	1
0	0	41946	247	40.73535398	-74.00483091	267	40.75097711	-73.98765428	1
0	0	69	529	40.7575699	-73.99098507	478	40.76030096	-73.99884222	1
0	0	41947	384	40.68317813	-73.9659641	150	40.7208736	-73.98085795	1
0	0	41948	351	40.70530954	-74.00612572	367	40.75828065	-73.97069431	1
0	0	23971	446	40.74487634	-73.99529885	480	40.76669671	-73.99061728	1
0	0	41949	356	40.71622644	-73.98261206	339	40.72580614	-73.97422494	1
0	0	2376	511	40.72938685	-73.97772429	504	40.73221853	-73.98165557	1
0	0	12665	307	40.71427487	-73.98990025	317	40.72453734	-73.98185424	1
0	0	19735	439	40.7262807	-73.98978041	293	40.73028666	-73.9907647	1
0	0	6224	514	40.76087502	-74.00277668	388	40.749717753	-74.002950346	1
0	0	15192	457	40.76695317	-73.98169333	307	40.71427487	-73.98990025	1
0	0	27543	329	40.72043411	-74.01020609	346	40.73652889	-74.00618026	1
0	0	16490	352	40.76340613	-73.97722479	529	40.7575699	-73.99098507	1
0	0	9924	285	40.73454567	-73.99074142	336	40.73047747	-73.99906065	1
0	0	548	477	40.75640548	-73.9900262	305	40.76095756	-73.96724467	1
0	0	41950	384	40.68317813	-73.9659641	253	40.73543934	-73.99453948	1
0	0	32168	352	40.76340613	-73.97722479	476	40.74394314	-73.97966069	1
0	0	710	383	40.735238	-74.000271	72	40.76727216	-73.99392888	1
0	0	27175	434	40.74317449	-74.00366443	307	40.71427487	-73.98990025	1
0	0	41951	482	40.73935542	-73.99931783	476	40.74394314	-73.97966069	1
0	0	18846	405	40.739323	-74.008119	368	40.73038599	-74.00214988	1
0	0	41952	408	40.71076228	-73.99400398	415	40.7047177	-74.00926027	1
0	0	38522	521	40.75044999	-73.99481051	263	40.71729	-73.996375	1
0	0	41953	461	40.73587678	-73.98205027	457	40.76695317	-73.98169333	1
0	0	13802	428	40.72467721	-73.98783413	325	40.73624527	-73.98473765	1
0	0	17579	519	40.75188406	-73.97770164	512	40.7500727	-73.99839279	1
0	0	20797	264	40.70706456	-74.00731853	336	40.73047747	-73.99906065	1
0	0	3714	284	40.7390169121	-74.0026376103	334	40.74238787	-73.99726235	1
0	0	41954	270	40.69308257	-73.97178913	2002	40.716887	-73.963198	1
0	0	7896	476	40.74394314	-73.97966069	447	40.76370739	-73.9851615	1
0	0	28495	355	40.71602118	-73.99974372	276	40.71748752	-74.0104554	1
0	0	6942	521	40.75044999	-73.99481051	173	40.76064679	-73.98442659	1
0	0	41955	383	40.735238	-74.000271	362	40.75172632	-73.98753523	1
0	0	41956	463	40.74206539	-74.00443172	236	40.7284186	-73.98713956	1
0	0	11987	454	40.75455731	-73.96592976	236	40.7284186	-73.98713956	1
0	0	33964	412	40.7158155	-73.99422366	414	40.70281858	-73.98765762	1
0	0	11076	402	40.7403432	-73.98955109	174	40.7381765	-73.97738662	1
0	0	953	472	40.7457121	-73.98194829	536	40.74144387	-73.97536082	1
0	0	41957	228	40.7546011026	-73.971878855	459	40.746745	-74.007756	1
0	0	29250	401	40.72019576	-73.98997825	336	40.73047747	-73.99906065	1
0	0	34634	504	40.73221853	-73.98165557	341	40.71782143	-73.97628939	1
0	0	32982	257	40.71939226	-74.00247214	376	40.70862144	-74.00722156	1
0	0	9465	531	40.71893904	-73.99266288	336	40.73047747	-73.99906065	1
0	0	4033	499	40.76915505	-73.98191841	446	40.74487634	-73.99529885	1
0	0	10684	537	40.74025878	-73.98409214	236	40.7284186	-73.98713956	1
0	0	41958	428	40.72467721	-73.98783413	278	40.69766564	-73.98476437	3
0	0	8889	459	40.746745	-74.007756	382	40.73492695	-73.99200509	1
0	0	17571	151	40.7218158	-73.99720307	471	40.71286844	-73.95698119	1
0	0	17472	195	40.70905623	-74.01043382	367	40.75828065	-73.97069431	1
0	0	34160	472	40.7457121	-73.98194829	361	40.71605866	-73.99190759	1
0	0	41959	412	40.7158155	-73.99422366	157	40.69089272	-73.99612349	1
0	0	1895	426	40.71754834	-74.01322069	328	40.72405549	-74.00965965	2
0	0	4360	457	40.76695317	-73.98169333	490	40.751551	-73.993934	1
0	0	7801	293	40.73028666	-73.9907647	472	40.7457121	-73.98194829	1
0	0	1030	380	40.73401143	-74.00293877	284	40.7390169121	-74.0026376103	1
0	0	6636	432	40.72621788	-73.98379855	336	40.73047747	-73.99906065	1
0	0	41960	537	40.74025878	-73.98409214	367	40.75828065	-73.97069431	1
0	0	41962	195	40.70905623	-74.01043382	546	40.74444921	-73.98303529	1
0	0	41963	330	40.71450451	-74.00562789	497	40.73704984	-73.99009296	1
0	0	12560	433	40.72955361	-73.98057249	301	40.72217444	-73.98368779	1
0	0	16582	412	40.7158155	-73.99422366	401	40.72019576	-73.98997825	1
0	0	41964	463	40.74206539	-74.00443172	455	40.75001986	-73.96905301	1
0	0	28409	473	40.72110063	-73.9919254	410	40.72066442	-73.98517977	1
0	0	36568	128	40.72710258	-74.00297088	308	40.71307916	-73.99851193	1
0	0	15466	434	40.74317449	-74.00366443	540	40.74147286	-73.98320928	1
0	0	35998	346	40.73652889	-74.00618026	446	40.74487634	-73.99529885	1
0	0	23165	540	40.74147286	-73.98320928	531	40.71893904	-73.99266288	1
0	0	23125	284	40.7390169121	-74.0026376103	380	40.73401143	-74.00293877	1
0	0	41965	385	40.75797322	-73.96603308	393	40.72299208	-73.97995466	1
0	0	31237	252	40.73226398	-73.99852205	433	40.72955361	-73.98057249	1
0	0	8760	151	40.7218158	-73.99720307	229	40.72743423	-73.99379025	1
0	0	35005	504	40.73221853	-73.98165557	266	40.72368361	-73.97574813	1
0	0	33193	326	40.72953837	-73.98426726	361	40.71605866	-73.99190759	1
0	0	2191	477	40.75640548	-73.9900262	2017	40.75022392	-73.97121414	1
0	0	14812	167	40.7489006	-73.97604882	504	40.73221853	-73.98165557	1
0	0	2937	336	40.73047747	-73.99906065	537	40.74025878	-73.98409214	1
0	0	20259	499	40.76915505	-73.98191841	441	40.756014	-73.967416	1
0	0	2731	358	40.73291553	-74.00711384	328	40.72405549	-74.00965965	1
0	0	185	352	40.76340613	-73.97722479	477	40.75640548	-73.9900262	1
0	0	6693	236	40.7284186	-73.98713956	251	40.72317958	-73.99480012	1
0	0	30190	507	40.73912601	-73.97973776	432	40.72621788	-73.98379855	1
0	0	23750	160	40.748238	-73.978311	2003	40.73416059	-73.98024289	1
0	0	41969	334	40.74238787	-73.99726235	473	40.72110063	-73.9919254	1
0	0	22050	471	40.71286844	-73.95698119	460	40.71285887	-73.96590294	1
0	0	14887	401	40.72019576	-73.98997825	474	40.7451677	-73.98683077	1
0	0	300	479	40.76019252	-73.9912551	152	40.71473993	-74.00910627	1
0	0	20992	531	40.71893904	-73.99266288	312	40.722055	-73.989111	1
0	0	13506	350	40.71559509	-73.9870295	502	40.714215	-73.981346	1
0	0	11241	417	40.71291224	-74.01020234	147	40.71542197	-74.01121978	1
0	0	3837	276	40.71748752	-74.0104554	304	40.70463334	-74.01361706	1
0	0	40960	161	40.72917025	-73.99810231	527	40.74315566	-73.97434726	1
0	0	41970	369	40.73224119	-74.00026394	308	40.71307916	-73.99851193	1
0	0	17761	236	40.7284186	-73.98713956	236	40.7284186	-73.98713956	1
0	0	8896	317	40.72453734	-73.98185424	306	40.70823502	-74.00530063	1
0	0	3548	537	40.74025878	-73.98409214	401	40.72019576	-73.98997825	1
0	0	11184	293	40.73028666	-73.9907647	393	40.72299208	-73.97995466	1
0	0	23970	498	40.74854862	-73.98808416	515	40.76009437	-73.99461843	1
0	0	15810	469	40.76344058	-73.98268129	528	40.74290902	-73.97706058	1
0	0	2888	325	40.73624527	-73.98473765	527	40.74315566	-73.97434726	1
0	0	18358	494	40.74734825	-73.99723551	357	40.73261787	-73.99158043	1
0	0	9981	459	40.746745	-74.007756	284	40.7390169121	-74.0026376103	1
0	0	3811	482	40.73935542	-73.99931783	519	40.75188406	-73.97770164	1
0	0	41972	483	40.73223272	-73.98889957	268	40.71910537	-73.99973337	1
0	0	28178	294	40.73049393	-73.9957214	511	40.72938685	-73.97772429	1
0	0	27805	498	40.74854862	-73.98808416	447	40.76370739	-73.9851615	1
0	0	33322	2010	40.72165481	-74.00234737	311	40.7172274	-73.98802084	1
0	0	12309	476	40.74394314	-73.97966069	2003	40.73416059	-73.98024289	1
0	0	28578	450	40.76227205	-73.98788205	447	40.76370739	-73.9851615	1
0	0	18606	472	40.7457121	-73.98194829	454	40.75455731	-73.96592976	1
0	0	24778	2003	40.73416059	-73.98024289	312	40.722055	-73.989111	1
0	0	23670	311	40.7172274	-73.98802084	282	40.70827295	-73.96834101	1
0	0	41973	321	40.69991755	-73.98971773	398	40.69165183	-73.9999786	2
0	0	8655	476	40.74394314	-73.97966069	493	40.7568001	-73.98291153	1
0	0	4114	459	40.746745	-74.007756	317	40.72453734	-73.98185424	1
0	0	9259	237	40.73047309	-73.98672378	393	40.72299208	-73.97995466	1
0	0	19366	447	40.76370739	-73.9851615	489	40.75066386	-74.00176802	1
0	0	7422	387	40.71273266	-74.0046073	195	40.70905623	-74.01043382	1
0	0	41974	539	40.71534825	-73.96024116	364	40.68900443	-73.96023854	1
0	0	16430	236	40.7284186	-73.98713956	518	40.74780373	-73.9734419	1
0	0	1887	446	40.74487634	-73.99529885	346	40.73652889	-74.00618026	1
0	0	29338	503	40.73827428	-73.98751968	398	40.69165183	-73.9999786	2
0	0	26578	353	40.68539567	-73.97431458	275	40.68650065	-73.96563307	1
0	0	33297	367	40.75828065	-73.97069431	369	40.73224119	-74.00026394	1
0	0	10772	315	40.70355377	-74.00670227	315	40.70355377	-74.00670227	1
0	0	28208	485	40.75038009	-73.98338988	456	40.7597108	-73.97402311	1
0	0	41976	357	40.73261787	-73.99158043	236	40.7284186	-73.98713956	1
0	0	20189	432	40.72621788	-73.98379855	295	40.71406667	-73.99293911	1
0	0	412	537	40.74025878	-73.98409214	475	40.73524276	-73.98758561	1
0	0	9905	173	40.76064679	-73.98442659	479	40.76019252	-73.9912551	1
0	0	9949	236	40.7284186	-73.98713956	432	40.72621788	-73.98379855	1
0	0	5967	168	40.73971301	-73.99456405	294	40.73049393	-73.9957214	1
0	0	19068	174	40.7381765	-73.97738662	527	40.74315566	-73.97434726	1
0	0	9710	334	40.74238787	-73.99726235	404	40.7405826	-74.00550867	1
0	0	14032	524	40.75527307	-73.98316936	402	40.7403432	-73.98955109	1
0	0	10414	323	40.69236178	-73.98631746	128	40.72710258	-74.00297088	1
0	0	13476	529	40.7575699	-73.99098507	499	40.76915505	-73.98191841	1
0	0	27445	494	40.74734825	-73.99723551	334	40.74238787	-73.99726235	1
0	0	9726	267	40.75097711	-73.98765428	448	40.75660359	-73.9979009	1
0	0	38328	236	40.7284186	-73.98713956	428	40.72467721	-73.98783413	1
0	0	19365	127	40.73172428	-74.00674436	453	40.74475148	-73.99915362	1
0	0	35080	380	40.73401143	-74.00293877	237	40.73047309	-73.98672378	1
0	0	11148	369	40.73224119	-74.00026394	247	40.73535398	-74.00483091	1
0	0	21317	495	40.76269882	-73.99301222	449	40.76461837	-73.98789473	1
0	0	4911	459	40.746745	-74.007756	521	40.75044999	-73.99481051	1
0	0	10945	217	40.70277159	-73.99383605	217	40.70277159	-73.99383605	1
0	0	41979	393	40.72299208	-73.97995466	297	40.734232	-73.986923	1
0	0	37097	325	40.73624527	-73.98473765	252	40.73226398	-73.99852205	1
0	0	14031	151	40.7218158	-73.99720307	236	40.7284186	-73.98713956	1
0	0	41981	368	40.73038599	-74.00214988	507	40.73912601	-73.97973776	1
0	0	5596	251	40.72317958	-73.99480012	347	40.72873888	-74.00748842	1
0	0	672	379	40.749156	-73.9916	499	40.76915505	-73.98191841	1
0	0	8959	252	40.73226398	-73.99852205	404	40.7405826	-74.00550867	1
0	0	41983	478	40.76030096	-73.99884222	251	40.72317958	-73.99480012	1
0	0	7456	463	40.74206539	-74.00443172	521	40.75044999	-73.99481051	1
0	0	1172	470	40.74345335	-74.00004031	284	40.7390169121	-74.0026376103	1
0	0	2681	481	40.71260486	-73.96264403	282	40.70827295	-73.96834101	1
0	0	18945	324	40.689888	-73.981013	419	40.69580705	-73.97355569	1
0	0	194	72	40.76727216	-73.99392888	490	40.751551	-73.993934	1
0	0	20628	521	40.75044999	-73.99481051	489	40.75066386	-74.00176802	1
0	0	58	435	40.74173969	-73.99415556	462	40.74691959	-74.00451887	1
0	0	15766	328	40.72405549	-74.00965965	238	40.7361967	-74.00859207	1
0	0	15222	442	40.746647	-73.993915	494	40.74734825	-73.99723551	1
0	0	35279	433	40.72955361	-73.98057249	375	40.72679454	-73.99695094	1
0	0	3182	116	40.74177603	-74.00149746	494	40.74734825	-73.99723551	1
0	0	15541	317	40.72453734	-73.98185424	236	40.7284186	-73.98713956	1
0	0	19320	428	40.72467721	-73.98783413	410	40.72066442	-73.98517977	1
0	0	9160	268	40.71910537	-73.99973337	128	40.72710258	-74.00297088	1
0	0	1661	347	40.72873888	-74.00748842	128	40.72710258	-74.00297088	1
0	0	33456	404	40.7405826	-74.00550867	276	40.71748752	-74.0104554	1
0	0	11404	479	40.76019252	-73.9912551	498	40.74854862	-73.98808416	1
0	0	1330	153	40.752062307	-73.9816324043	518	40.74780373	-73.9734419	1
0	0	25908	384	40.68317813	-73.9659641	258	40.68940747	-73.96885458	1
0	0	13989	435	40.74173969	-73.99415556	459	40.746745	-74.007756	1
0	0	41922	464	40.75934501	-73.96759673	223	40.73781509	-73.99994661	1
0	0	41923	307	40.71427487	-73.98990025	344	40.6851443	-73.95380904	1
0	0	16680	450	40.76227205	-73.98788205	512	40.7500727	-73.99839279	1
0	0	36108	303	40.72362738	-73.99949601	367	40.75828065	-73.97069431	1
0	0	23922	237	40.73047309	-73.98672378	540	40.74147286	-73.98320928	1
0	0	14165	479	40.76019252	-73.9912551	488	40.75645824	-73.99372222	1
0	0	27940	293	40.73028666	-73.9907647	297	40.734232	-73.986923	1
0	0	14999	150	40.7208736	-73.98085795	511	40.72938685	-73.97772429	1
0	0	29736	161	40.72917025	-73.99810231	326	40.72953837	-73.98426726	1
0	0	38280	430	40.7014851	-73.98656928	421	40.69573398	-73.97129668	1
0	0	20692	377	40.72243797	-74.00566443	368	40.73038599	-74.00214988	2
0	0	6985	426	40.71754834	-74.01322069	347	40.72873888	-74.00748842	1
0	0	23859	307	40.71427487	-73.98990025	174	40.7381765	-73.97738662	1
0	0	7975	335	40.72903917	-73.99404649	483	40.73223272	-73.98889957	1
0	0	11507	324	40.689888	-73.981013	258	40.68940747	-73.96885458	1
0	0	41924	482	40.73935542	-73.99931783	224	40.71146364	-74.00552427	1
0	0	38466	386	40.71494807	-74.00234482	236	40.7284186	-73.98713956	1
0	0	34264	238	40.7361967	-74.00859207	380	40.73401143	-74.00293877	1
0	0	41925	365	40.68223166	-73.9614583	412	40.7158155	-73.99422366	1
0	0	27923	489	40.75066386	-74.00176802	482	40.73935542	-73.99931783	1
0	0	12231	521	40.75044999	-73.99481051	448	40.75660359	-73.9979009	2
0	0	9657	251	40.72317958	-73.99480012	285	40.73454567	-73.99074142	1
0	0	29409	422	40.770513	-73.988038	301	40.72217444	-73.98368779	1
0	0	24005	303	40.72362738	-73.99949601	312	40.722055	-73.989111	1
0	0	272	334	40.74238787	-73.99726235	284	40.7390169121	-74.0026376103	1
0	0	6155	2012	40.739445	-73.976806	161	40.72917025	-73.99810231	1
0	0	6275	499	40.76915505	-73.98191841	480	40.76669671	-73.99061728	1
0	0	41926	249	40.71870987	-74.0090009	489	40.75066386	-74.00176802	1
0	0	28825	490	40.751551	-73.993934	336	40.73047747	-73.99906065	1
0	0	6216	519	40.75188406	-73.97770164	476	40.74394314	-73.97966069	1
0	0	35119	404	40.7405826	-74.00550867	463	40.74206539	-74.00443172	1
0	0	34142	161	40.72917025	-73.99810231	444	40.7423543	-73.98915076	1
0	0	41927	250	40.72456089	-73.99565293	323	40.69236178	-73.98631746	1
0	0	20601	384	40.68317813	-73.9659641	366	40.693261	-73.968896	2
0	0	15718	466	40.74395411	-73.99144871	468	40.7652654	-73.98192338	1
0	0	18323	426	40.71754834	-74.01322069	391	40.69760127	-73.99344559	1
0	0	28533	368	40.73038599	-74.00214988	439	40.7262807	-73.98978041	1
0	0	15486	251	40.72317958	-73.99480012	403	40.72502876	-73.99069656	1
0	0	20036	537	40.74025878	-73.98409214	440	40.75255434	-73.97282625	1
0	0	479	301	40.72217444	-73.98368779	527	40.74315566	-73.97434726	1
0	0	10620	247	40.73535398	-74.00483091	368	40.73038599	-74.00214988	2
0	0	34044	322	40.696192	-73.991218	412	40.7158155	-73.99422366	1
0	0	41928	312	40.722055	-73.989111	247	40.73535398	-74.00483091	1
0	0	18181	401	40.72019576	-73.98997825	483	40.73223272	-73.98889957	1
0	0	6696	479	40.76019252	-73.9912551	388	40.749717753	-74.002950346	1
0	0	2444	439	40.7262807	-73.98978041	251	40.72317958	-73.99480012	1
0	0	461	423	40.76584941	-73.98690506	423	40.76584941	-73.98690506	1
0	0	78	252	40.73226398	-73.99852205	294	40.73049393	-73.9957214	2
0	0	32772	258	40.68940747	-73.96885458	353	40.68539567	-73.97431458	1
0	0	27266	252	40.73226398	-73.99852205	435	40.74173969	-73.99415556	2
0	0	6322	476	40.74394314	-73.97966069	476	40.74394314	-73.97966069	1
0	0	21501	521	40.75044999	-73.99481051	449	40.76461837	-73.98789473	1
0	0	24216	296	40.71413089	-73.9970468	302	40.72082834	-73.97793172	1
0	0	24881	518	40.74780373	-73.9734419	476	40.74394314	-73.97966069	1
0	0	33412	2003	40.73416059	-73.98024289	476	40.74394314	-73.97966069	1
0	0	19699	444	40.7423543	-73.98915076	2003	40.73416059	-73.98024289	1
0	0	41929	146	40.71625008	-74.0091059	271	40.68528172	-73.97805813	1
0	0	19453	507	40.73912601	-73.97973776	504	40.73221853	-73.98165557	1
0	0	15099	336	40.73047747	-73.99906065	285	40.73454567	-73.99074142	1
0	0	30577	308	40.71307916	-73.99851193	502	40.714215	-73.981346	1
0	0	19377	251	40.72317958	-73.99480012	454	40.75455731	-73.96592976	1
0	0	35557	317	40.72453734	-73.98185424	474	40.7451677	-73.98683077	1
0	0	13010	404	40.7405826	-74.00550867	368	40.73038599	-74.00214988	2
0	0	180	307	40.71427487	-73.98990025	307	40.71427487	-73.98990025	1
0	0	41930	329	40.72043411	-74.01020609	477	40.75640548	-73.9900262	1
0	0	891	224	40.71146364	-74.00552427	306	40.70823502	-74.00530063	1
0	0	21037	360	40.70717936	-74.00887308	264	40.70706456	-74.00731853	1
0	0	27632	490	40.751551	-73.993934	523	40.75466591	-73.99138152	1
0	0	41931	401	40.72019576	-73.98997825	405	40.739323	-74.008119	1
0	0	4245	284	40.7390169121	-74.0026376103	306	40.70823502	-74.00530063	1
0	0	32197	368	40.73038599	-74.00214988	423	40.76584941	-73.98690506	1
0	0	14208	3002	40.711512	-74.015756	3002	40.711512	-74.015756	1
0	0	9775	153	40.752062307	-73.9816324043	485	40.75038009	-73.98338988	1
0	0	35195	312	40.722055	-73.989111	331	40.71173107	-73.99193043	1
0	0	2374	127	40.73172428	-74.00674436	426	40.71754834	-74.01322069	2
0	0	3332	3002	40.711512	-74.015756	363	40.70834698	-74.01713445	1
0	0	5587	523	40.75466591	-73.99138152	153	40.752062307	-73.9816324043	1
0	0	41932	151	40.7218158	-73.99720307	398	40.69165183	-73.9999786	1
0	0	34920	367	40.75828065	-73.97069431	477	40.75640548	-73.9900262	1
0	0	64	306	40.70823502	-74.00530063	534	40.70255065	-74.0127234	1
0	0	19774	458	40.751396	-74.005226	512	40.7500727	-73.99839279	1
0	0	50	334	40.74238787	-73.99726235	439	40.7262807	-73.98978041	1
0	0	10028	345	40.73649403	-73.99704374	116	40.74177603	-74.00149746	1
0	0	41933	325	40.73624527	-73.98473765	327	40.7153379	-74.01658354	1
0	0	35045	157	40.69089272	-73.99612349	262	40.69178232	-73.97372989	1
0	0	14804	468	40.7652654	-73.98192338	477	40.75640548	-73.9900262	1
0	0	25225	342	40.71739973	-73.98016555	410	40.72066442	-73.98517977	1
0	0	20620	151	40.7218158	-73.99720307	317	40.72453734	-73.98185424	1
0	0	1398	385	40.75797322	-73.96603308	499	40.76915505	-73.98191841	1
0	0	28686	264	40.70706456	-74.00731853	257	40.71939226	-74.00247214	1
0	0	10685	335	40.72903917	-73.99404649	285	40.73454567	-73.99074142	1
0	0	147	470	40.74345335	-74.00004031	116	40.74177603	-74.00149746	1
0	0	12420	504	40.73221853	-73.98165557	504	40.73221853	-73.98165557	1
0	0	41934	462	40.74691959	-74.00451887	401	40.72019576	-73.98997825	1
0	0	15208	410	40.72066442	-73.98517977	410	40.72066442	-73.98517977	2
0	0	41062	494	40.74734825	-73.99723551	326	40.72953837	-73.98426726	1
0	0	18743	462	40.74691959	-74.00451887	476	40.74394314	-73.97966069	1
0	0	29117	264	40.70706456	-74.00731853	411	40.72228087	-73.97668709	1
0	0	34456	297	40.734232	-73.986923	537	40.74025878	-73.98409214	1
0	0	27050	477	40.75640548	-73.9900262	334	40.74238787	-73.99726235	1
0	0	16944	485	40.75038009	-73.98338988	352	40.76340613	-73.97722479	1
0	0	41935	357	40.73261787	-73.99158043	308	40.71307916	-73.99851193	1
0	0	27564	293	40.73028666	-73.9907647	447	40.76370739	-73.9851615	1
0	0	12175	376	40.70862144	-74.00722156	151	40.7218158	-73.99720307	1
0	0	28910	380	40.73401143	-74.00293877	489	40.75066386	-74.00176802	1
0	0	35203	479	40.76019252	-73.9912551	476	40.74394314	-73.97966069	1
0	0	10841	382	40.73492695	-73.99200509	447	40.76370739	-73.9851615	1
0	0	41936	369	40.73224119	-74.00026394	439	40.7262807	-73.98978041	1
0	0	16767	483	40.73223272	-73.98889957	2003	40.73416059	-73.98024289	1
0	0	41937	386	40.71494807	-74.00234482	503	40.73827428	-73.98751968	2
0	0	31346	527	40.74315566	-73.97434726	428	40.72467721	-73.98783413	1
0	0	21134	160	40.748238	-73.978311	422	40.770513	-73.988038	1
0	0	10323	390	40.69221589	-73.9842844	270	40.69308257	-73.97178913	1
0	0	12289	405	40.739323	-74.008119	320	40.71743998	-74.00583475	1
0	0	24001	468	40.7652654	-73.98192338	423	40.76584941	-73.98690506	1
0	0	1663	146	40.71625008	-74.0091059	387	40.71273266	-74.0046073	1
0	0	41938	285	40.73454567	-73.99074142	224	40.71146364	-74.00552427	2
0	0	41939	386	40.71494807	-74.00234482	321	40.69991755	-73.98971773	2
0	0	13437	223	40.73781509	-73.99994661	257	40.71939226	-74.00247214	1
0	0	13938	368	40.73038599	-74.00214988	151	40.7218158	-73.99720307	1
0	0	28760	483	40.73223272	-73.98889957	466	40.74395411	-73.99144871	1
0	0	16131	444	40.7423543	-73.98915076	439	40.7262807	-73.98978041	1
0	0	25565	523	40.75466591	-73.99138152	483	40.73223272	-73.98889957	2
0	0	2115	358	40.73291553	-74.00711384	504	40.73221853	-73.98165557	1
0	0	20467	531	40.71893904	-73.99266288	341	40.71782143	-73.97628939	1
0	0	18712	488	40.75645824	-73.99372222	448	40.75660359	-73.9979009	2
0	0	20059	307	40.71427487	-73.98990025	417	40.71291224	-74.01020234	1
0	0	20332	128	40.72710258	-74.00297088	494	40.74734825	-73.99723551	1
0	0	41940	454	40.75455731	-73.96592976	379	40.749156	-73.9916	1
0	0	41941	531	40.71893904	-73.99266288	423	40.76584941	-73.98690506	1
0	0	20952	476	40.74394314	-73.97966069	439	40.7262807	-73.98978041	1
0	0	670	450	40.76227205	-73.98788205	499	40.76915505	-73.98191841	1
0	0	26477	369	40.73224119	-74.00026394	268	40.71910537	-73.99973337	2
0	0	393	307	40.71427487	-73.98990025	410	40.72066442	-73.98517977	1
0	0	41942	317	40.72453734	-73.98185424	2010	40.72165481	-74.00234737	1
0	0	11747	375	40.72679454	-73.99695094	294	40.73049393	-73.9957214	1
0	0	41943	454	40.75455731	-73.96592976	442	40.746647	-73.993915	2
0	0	41944	460	40.71285887	-73.96590294	262	40.69178232	-73.97372989	1
0	0	41945	483	40.73223272	-73.98889957	498	40.74854862	-73.98808416	2
0	0	9517	472	40.7457121	-73.98194829	459	40.746745	-74.007756	1
0	0	21896	472	40.7457121	-73.98194829	537	40.74025878	-73.98409214	1
0	0	19664	294	40.73049393	-73.9957214	507	40.73912601	-73.97973776	1
0	0	34990	410	40.72066442	-73.98517977	483	40.73223272	-73.98889957	1
0	0	14638	322	40.696192	-73.991218	322	40.696192	-73.991218	1
0	0	13758	326	40.72953837	-73.98426726	326	40.72953837	-73.98426726	1
0	0	12732	303	40.72362738	-73.99949601	328	40.72405549	-74.00965965	1
0	0	9900	483	40.73223272	-73.98889957	151	40.7218158	-73.99720307	1
0	0	24007	236	40.7284186	-73.98713956	301	40.72217444	-73.98368779	1
0	0	920	480	40.76669671	-73.99061728	510	40.7606597	-73.98042047	1
0	0	12395	449	40.76461837	-73.98789473	513	40.768254	-73.988639	1
0	0	19273	505	40.74901271	-73.98848395	168	40.73971301	-73.99456405	1
0	0	8938	509	40.7454973	-74.00197139	453	40.74475148	-73.99915362	1
0	0	41783	368	40.73038599	-74.00214988	325	40.73624527	-73.98473765	1
0	0	8039	335	40.72903917	-73.99404649	257	40.71939226	-74.00247214	1
0	0	41946	247	40.73535398	-74.00483091	267	40.75097711	-73.98765428	1
0	0	69	529	40.7575699	-73.99098507	478	40.76030096	-73.99884222	1
0	0	41947	384	40.68317813	-73.9659641	150	40.7208736	-73.98085795	1
0	0	41948	351	40.70530954	-74.00612572	367	40.75828065	-73.97069431	1
0	0	23971	446	40.74487634	-73.99529885	480	40.76669671	-73.99061728	1
0	0	41949	356	40.71622644	-73.98261206	339	40.72580614	-73.97422494	1
0	0	2376	511	40.72938685	-73.97772429	504	40.73221853	-73.98165557	1
0	0	12665	307	40.71427487	-73.98990025	317	40.72453734	-73.98185424	1
0	0	19735	439	40.7262807	-73.98978041	293	40.73028666	-73.9907647	1
0	0	6224	514	40.76087502	-74.00277668	388	40.749717753	-74.002950346	1
0	0	15192	457	40.76695317	-73.98169333	307	40.71427487	-73.98990025	1
0	0	27543	329	40.72043411	-74.01020609	346	40.73652889	-74.00618026	1
0	0	16490	352	40.76340613	-73.97722479	529	40.7575699	-73.99098507	1
0	0	9924	285	40.73454567	-73.99074142	336	40.73047747	-73.99906065	1
0	0	548	477	40.75640548	-73.9900262	305	40.76095756	-73.96724467	1
0	0	41950	384	40.68317813	-73.9659641	253	40.73543934	-73.99453948	1
0	0	32168	352	40.76340613	-73.97722479	476	40.74394314	-73.97966069	1
0	0	710	383	40.735238	-74.000271	72	40.76727216	-73.99392888	1
0	0	27175	434	40.74317449	-74.00366443	307	40.71427487	-73.98990025	1
0	0	41951	482	40.73935542	-73.99931783	476	40.74394314	-73.97966069	1
0	0	18846	405	40.739323	-74.008119	368	40.73038599	-74.00214988	1
0	0	41952	408	40.71076228	-73.99400398	415	40.7047177	-74.00926027	1
0	0	38522	521	40.75044999	-73.99481051	263	40.71729	-73.996375	1
0	0	41953	461	40.73587678	-73.98205027	457	40.76695317	-73.98169333	1
0	0	13802	428	40.72467721	-73.98783413	325	40.73624527	-73.98473765	1
0	0	17579	519	40.75188406	-73.97770164	512	40.7500727	-73.99839279	1
0	0	20797	264	40.70706456	-74.00731853	336	40.73047747	-73.99906065	1
0	0	3714	284	40.7390169121	-74.0026376103	334	40.74238787	-73.99726235	1
0	0	41954	270	40.69308257	-73.97178913	2002	40.716887	-73.963198	1
0	0	7896	476	40.74394314	-73.97966069	447	40.76370739	-73.9851615	1
0	0	28495	355	40.71602118	-73.99974372	276	40.71748752	-74.0104554	1
0	0	6942	521	40.75044999	-73.99481051	173	40.76064679	-73.98442659	1
0	0	41955	383	40.735238	-74.000271	362	40.75172632	-73.98753523	1
0	0	41956	463	40.74206539	-74.00443172	236	40.7284186	-73.98713956	1
0	0	11987	454	40.75455731	-73.96592976	236	40.7284186	-73.98713956	1
0	0	33964	412	40.7158155	-73.99422366	414	40.70281858	-73.98765762	1
0	0	11076	402	40.7403432	-73.98955109	174	40.7381765	-73.97738662	1
0	0	953	472	40.7457121	-73.98194829	536	40.74144387	-73.97536082	1
0	0	41957	228	40.7546011026	-73.971878855	459	40.746745	-74.007756	1
0	0	29250	401	40.72019576	-73.98997825	336	40.73047747	-73.99906065	1
0	0	34634	504	40.73221853	-73.98165557	341	40.71782143	-73.97628939	1
0	0	21074	161	40.72917025	-73.99810231	504	40.73221853	-73.98165557	1
0	0	32982	257	40.71939226	-74.00247214	376	40.70862144	-74.00722156	1
0	0	9465	531	40.71893904	-73.99266288	336	40.73047747	-73.99906065	1
0	0	4033	499	40.76915505	-73.98191841	446	40.74487634	-73.99529885	1
0	0	10684	537	40.74025878	-73.98409214	236	40.7284186	-73.98713956	1
0	0	8869	2002	40.716887	-73.963198	2002	40.716887	-73.963198	1
0	0	41958	428	40.72467721	-73.98783413	278	40.69766564	-73.98476437	3
0	0	8889	459	40.746745	-74.007756	382	40.73492695	-73.99200509	1
0	0	2290	477	40.75640548	-73.9900262	264	40.70706456	-74.00731853	1
0	0	17571	151	40.7218158	-73.99720307	471	40.71286844	-73.95698119	1
0	0	17472	195	40.70905623	-74.01043382	367	40.75828065	-73.97069431	1
0	0	34160	472	40.7457121	-73.98194829	361	40.71605866	-73.99190759	1
0	0	41959	412	40.7158155	-73.99422366	157	40.69089272	-73.99612349	1
0	0	1895	426	40.71754834	-74.01322069	328	40.72405549	-74.00965965	2
0	0	4360	457	40.76695317	-73.98169333	490	40.751551	-73.993934	1
0	0	7801	293	40.73028666	-73.9907647	472	40.7457121	-73.98194829	1
0	0	1030	380	40.73401143	-74.00293877	284	40.7390169121	-74.0026376103	1
0	0	6636	432	40.72621788	-73.98379855	336	40.73047747	-73.99906065	1
0	0	41960	537	40.74025878	-73.98409214	367	40.75828065	-73.97069431	1
0	0	41961	252	40.73226398	-73.99852205	474	40.7451677	-73.98683077	1
0	0	41962	195	40.70905623	-74.01043382	546	40.74444921	-73.98303529	1
0	0	41963	330	40.71450451	-74.00562789	497	40.73704984	-73.99009296	1
0	0	12560	433	40.72955361	-73.98057249	301	40.72217444	-73.98368779	1
0	0	16582	412	40.7158155	-73.99422366	401	40.72019576	-73.98997825	1
0	0	41964	463	40.74206539	-74.00443172	455	40.75001986	-73.96905301	1
0	0	28409	473	40.72110063	-73.9919254	410	40.72066442	-73.98517977	1
0	0	36568	128	40.72710258	-74.00297088	308	40.71307916	-73.99851193	1
0	0	15466	434	40.74317449	-74.00366443	540	40.74147286	-73.98320928	1
0	0	35998	346	40.73652889	-74.00618026	446	40.74487634	-73.99529885	1
0	0	23165	540	40.74147286	-73.98320928	531	40.71893904	-73.99266288	1
0	0	23125	284	40.7390169121	-74.0026376103	380	40.73401143	-74.00293877	1
0	0	41965	385	40.75797322	-73.96603308	393	40.72299208	-73.97995466	1
0	0	31237	252	40.73226398	-73.99852205	433	40.72955361	-73.98057249	1
0	0	8760	151	40.7218158	-73.99720307	229	40.72743423	-73.99379025	1
0	0	35005	504	40.73221853	-73.98165557	266	40.72368361	-73.97574813	1
0	0	33193	326	40.72953837	-73.98426726	361	40.71605866	-73.99190759	1
0	0	2191	477	40.75640548	-73.9900262	2017	40.75022392	-73.97121414	1
0	0	41966	453	40.74475148	-73.99915362	349	40.71850211	-73.98329859	2
0	0	14812	167	40.7489006	-73.97604882	504	40.73221853	-73.98165557	1
0	0	2937	336	40.73047747	-73.99906065	537	40.74025878	-73.98409214	1
0	0	20259	499	40.76915505	-73.98191841	441	40.756014	-73.967416	1
0	0	2731	358	40.73291553	-74.00711384	328	40.72405549	-74.00965965	1
0	0	41967	489	40.75066386	-74.00176802	465	40.75513557	-73.98658032	2
0	0	11327	497	40.73704984	-73.99009296	438	40.72779126	-73.98564945	1
0	0	185	352	40.76340613	-73.97722479	477	40.75640548	-73.9900262	1
0	0	6693	236	40.7284186	-73.98713956	251	40.72317958	-73.99480012	1
0	0	41968	459	40.746745	-74.007756	354	40.69363137	-73.96223558	1
0	0	30190	507	40.73912601	-73.97973776	432	40.72621788	-73.98379855	1
0	0	23750	160	40.748238	-73.978311	2003	40.73416059	-73.98024289	1
0	0	41969	334	40.74238787	-73.99726235	473	40.72110063	-73.9919254	1
0	0	22050	471	40.71286844	-73.95698119	460	40.71285887	-73.96590294	1
0	0	14887	401	40.72019576	-73.98997825	474	40.7451677	-73.98683077	1
0	0	300	479	40.76019252	-73.9912551	152	40.71473993	-74.00910627	1
0	0	20992	531	40.71893904	-73.99266288	312	40.722055	-73.989111	1
0	0	13506	350	40.71559509	-73.9870295	502	40.714215	-73.981346	1
0	0	11241	417	40.71291224	-74.01020234	147	40.71542197	-74.01121978	1
0	0	3837	276	40.71748752	-74.0104554	304	40.70463334	-74.01361706	1
0	0	40960	161	40.72917025	-73.99810231	527	40.74315566	-73.97434726	1
0	0	41970	369	40.73224119	-74.00026394	308	40.71307916	-73.99851193	1
0	0	17761	236	40.7284186	-73.98713956	236	40.7284186	-73.98713956	1
0	0	8896	317	40.72453734	-73.98185424	306	40.70823502	-74.00530063	1
0	0	3548	537	40.74025878	-73.98409214	401	40.72019576	-73.98997825	1
0	0	11184	293	40.73028666	-73.9907647	393	40.72299208	-73.97995466	1
0	0	23970	498	40.74854862	-73.98808416	515	40.76009437	-73.99461843	1
0	0	15810	469	40.76344058	-73.98268129	528	40.74290902	-73.97706058	1
0	0	2888	325	40.73624527	-73.98473765	527	40.74315566	-73.97434726	1
0	0	18358	494	40.74734825	-73.99723551	357	40.73261787	-73.99158043	1
0	0	41971	257	40.71939226	-74.00247214	431	40.68864636	-73.98263429	1
0	0	9981	459	40.746745	-74.007756	284	40.7390169121	-74.0026376103	1
0	0	3811	482	40.73935542	-73.99931783	519	40.75188406	-73.97770164	1
0	0	41972	483	40.73223272	-73.98889957	268	40.71910537	-73.99973337	1
0	0	28178	294	40.73049393	-73.9957214	511	40.72938685	-73.97772429	1
0	0	27805	498	40.74854862	-73.98808416	447	40.76370739	-73.9851615	1
0	0	33322	2010	40.72165481	-74.00234737	311	40.7172274	-73.98802084	1
0	0	12309	476	40.74394314	-73.97966069	2003	40.73416059	-73.98024289	1
0	0	28578	450	40.76227205	-73.98788205	447	40.76370739	-73.9851615	1
0	0	18606	472	40.7457121	-73.98194829	454	40.75455731	-73.96592976	1
0	0	24778	2003	40.73416059	-73.98024289	312	40.722055	-73.989111	1
0	0	23670	311	40.7172274	-73.98802084	282	40.70827295	-73.96834101	1
0	0	41973	321	40.69991755	-73.98971773	398	40.69165183	-73.9999786	2
0	0	8655	476	40.74394314	-73.97966069	493	40.7568001	-73.98291153	1
0	0	4114	459	40.746745	-74.007756	317	40.72453734	-73.98185424	1
0	0	9259	237	40.73047309	-73.98672378	393	40.72299208	-73.97995466	1
0	0	19366	447	40.76370739	-73.9851615	489	40.75066386	-74.00176802	1
0	0	7422	387	40.71273266	-74.0046073	195	40.70905623	-74.01043382	1
0	0	41974	539	40.71534825	-73.96024116	364	40.68900443	-73.96023854	1
0	0	16430	236	40.7284186	-73.98713956	518	40.74780373	-73.9734419	1
0	0	1887	446	40.74487634	-73.99529885	346	40.73652889	-74.00618026	1
0	0	29338	503	40.73827428	-73.98751968	398	40.69165183	-73.9999786	2
0	0	26578	353	40.68539567	-73.97431458	275	40.68650065	-73.96563307	1
0	0	33297	367	40.75828065	-73.97069431	369	40.73224119	-74.00026394	1
0	0	41975	128	40.72710258	-74.00297088	243	40.687979	-73.978474	1
0	0	10772	315	40.70355377	-74.00670227	315	40.70355377	-74.00670227	1
0	0	28208	485	40.75038009	-73.98338988	456	40.7597108	-73.97402311	1
0	0	41976	357	40.73261787	-73.99158043	236	40.7284186	-73.98713956	1
0	0	20189	432	40.72621788	-73.98379855	295	40.71406667	-73.99293911	1
0	0	412	537	40.74025878	-73.98409214	475	40.73524276	-73.98758561	1
0	0	9905	173	40.76064679	-73.98442659	479	40.76019252	-73.9912551	1
0	0	9949	236	40.7284186	-73.98713956	432	40.72621788	-73.98379855	1
0	0	5967	168	40.73971301	-73.99456405	294	40.73049393	-73.9957214	1
0	0	19068	174	40.7381765	-73.97738662	527	40.74315566	-73.97434726	1
0	0	22701	168	40.73971301	-73.99456405	361	40.71605866	-73.99190759	1
0	0	9710	334	40.74238787	-73.99726235	404	40.7405826	-74.00550867	1
0	0	23821	229	40.72743423	-73.99379025	477	40.75640548	-73.9900262	1
0	0	14032	524	40.75527307	-73.98316936	402	40.7403432	-73.98955109	1
0	0	10414	323	40.69236178	-73.98631746	128	40.72710258	-74.00297088	1
0	0	13476	529	40.7575699	-73.99098507	499	40.76915505	-73.98191841	1
0	0	17632	309	40.7149787	-74.013012	368	40.73038599	-74.00214988	1
0	0	27445	494	40.74734825	-73.99723551	334	40.74238787	-73.99726235	1
0	0	9726	267	40.75097711	-73.98765428	448	40.75660359	-73.9979009	1
0	0	41977	382	40.73492695	-73.99200509	143	40.69239502	-73.99337909	1
0	0	38328	236	40.7284186	-73.98713956	428	40.72467721	-73.98783413	1
0	0	41978	515	40.76009437	-73.99461843	363	40.70834698	-74.01713445	1
0	0	19365	127	40.73172428	-74.00674436	453	40.74475148	-73.99915362	1
0	0	35080	380	40.73401143	-74.00293877	237	40.73047309	-73.98672378	1
0	0	11148	369	40.73224119	-74.00026394	247	40.73535398	-74.00483091	1
0	0	21317	495	40.76269882	-73.99301222	449	40.76461837	-73.98789473	1
0	0	4911	459	40.746745	-74.007756	521	40.75044999	-73.99481051	1
0	0	17200	446	40.74487634	-73.99529885	509	40.7454973	-74.00197139	1
0	0	10945	217	40.70277159	-73.99383605	217	40.70277159	-73.99383605	1
0	0	41979	393	40.72299208	-73.97995466	297	40.734232	-73.986923	1
0	0	41980	453	40.74475148	-73.99915362	301	40.72217444	-73.98368779	1
0	0	37097	325	40.73624527	-73.98473765	252	40.73226398	-73.99852205	1
0	0	14031	151	40.7218158	-73.99720307	236	40.7284186	-73.98713956	1
0	0	41981	368	40.73038599	-74.00214988	507	40.73912601	-73.97973776	1
0	0	5596	251	40.72317958	-73.99480012	347	40.72873888	-74.00748842	1
0	0	41982	268	40.71910537	-73.99973337	2003	40.73416059	-73.98024289	1
0	0	672	379	40.749156	-73.9916	499	40.76915505	-73.98191841	1
0	0	24143	351	40.70530954	-74.00612572	297	40.734232	-73.986923	1
0	0	31063	337	40.7037992	-74.00838676	127	40.73172428	-74.00674436	1
0	0	8959	252	40.73226398	-73.99852205	404	40.7405826	-74.00550867	1
0	0	41983	478	40.76030096	-73.99884222	251	40.72317958	-73.99480012	1
0	0	7456	463	40.74206539	-74.00443172	521	40.75044999	-73.99481051	1
0	0	41984	522	40.75714758	-73.97207836	128	40.72710258	-74.00297088	1
0	0	1172	470	40.74345335	-74.00004031	284	40.7390169121	-74.0026376103	1
0	0	10365	2022	40.75849116	-73.95920622	461	40.73587678	-73.98205027	1
0	0	2681	481	40.71260486	-73.96264403	282	40.70827295	-73.96834101	1
0	0	18945	324	40.689888	-73.981013	419	40.69580705	-73.97355569	1
0	0	8830	334	40.74238787	-73.99726235	2010	40.72165481	-74.00234737	1
0	0	194	72	40.76727216	-73.99392888	490	40.751551	-73.993934	1
0	0	20628	521	40.75044999	-73.99481051	489	40.75066386	-74.00176802	1
0	0	58	435	40.74173969	-73.99415556	462	40.74691959	-74.00451887	1
0	0	15766	328	40.72405549	-74.00965965	238	40.7361967	-74.00859207	1
0	0	8914	405	40.739323	-74.008119	296	40.71413089	-73.9970468	2
0	0	15222	442	40.746647	-73.993915	494	40.74734825	-73.99723551	1
0	0	31067	521	40.75044999	-73.99481051	438	40.72779126	-73.98564945	1
0	0	35279	433	40.72955361	-73.98057249	375	40.72679454	-73.99695094	1
0	0	34371	247	40.73535398	-74.00483091	377	40.72243797	-74.00566443	1
0	0	3182	116	40.74177603	-74.00149746	494	40.74734825	-73.99723551	1
0	0	15541	317	40.72453734	-73.98185424	236	40.7284186	-73.98713956	1
0	0	19320	428	40.72467721	-73.98783413	410	40.72066442	-73.98517977	1
0	0	39177	164	40.75323098	-73.97032517	455	40.75001986	-73.96905301	1
0	0	374	368	40.73038599	-74.00214988	301	40.72217444	-73.98368779	1
0	0	30272	251	40.72317958	-73.99480012	539	40.71534825	-73.96024116	1
0	0	9160	268	40.71910537	-73.99973337	128	40.72710258	-74.00297088	1
0	0	1661	347	40.72873888	-74.00748842	128	40.72710258	-74.00297088	1
0	0	41985	418	40.70224	-73.982578	309	40.7149787	-74.013012	1
0	0	23674	380	40.73401143	-74.00293877	361	40.71605866	-73.99190759	1
0	0	33456	404	40.7405826	-74.00550867	276	40.71748752	-74.0104554	1
0	0	30859	349	40.71850211	-73.98329859	387	40.71273266	-74.0046073	3
0	0	11404	479	40.76019252	-73.9912551	498	40.74854862	-73.98808416	1
0	0	1330	153	40.752062307	-73.9816324043	518	40.74780373	-73.9734419	1
0	0	40402	361	40.71605866	-73.99190759	327	40.7153379	-74.01658354	2
0	0	41986	357	40.73261787	-73.99158043	291	40.713126	-73.984844	1
0	0	22001	238	40.7361967	-74.00859207	151	40.7218158	-73.99720307	1
0	0	41987	334	40.74238787	-73.99726235	417	40.71291224	-74.01020234	1
0	0	25908	384	40.68317813	-73.9659641	258	40.68940747	-73.96885458	1
0	0	24056	312	40.722055	-73.989111	504	40.73221853	-73.98165557	1
0	0	41988	464	40.75934501	-73.96759673	423	40.76584941	-73.98690506	1
0	0	19555	483	40.73223272	-73.98889957	316	40.70955958	-74.00653609	2
0	0	11877	336	40.73047747	-73.99906065	252	40.73226398	-73.99852205	1
0	0	3123	266	40.72368361	-73.97574813	439	40.7262807	-73.98978041	1
0	0	41989	284	40.7390169121	-74.0026376103	2003	40.73416059	-73.98024289	1
0	0	23480	284	40.7390169121	-74.0026376103	507	40.73912601	-73.97973776	1
0	0	41990	433	40.72955361	-73.98057249	539	40.71534825	-73.96024116	1
0	0	14587	294	40.73049393	-73.9957214	237	40.73047309	-73.98672378	1
0	0	33806	380	40.73401143	-74.00293877	468	40.7652654	-73.98192338	2
0	0	19689	317	40.72453734	-73.98185424	504	40.73221853	-73.98165557	1
0	0	41991	428	40.72467721	-73.98783413	249	40.71870987	-74.0090009	1
0	0	6729	476	40.74394314	-73.97966069	305	40.76095756	-73.96724467	1
0	0	1474	488	40.75645824	-73.99372222	498	40.74854862	-73.98808416	1
0	0	27721	312	40.722055	-73.989111	356	40.71622644	-73.98261206	1
0	0	41992	303	40.72362738	-73.99949601	471	40.71286844	-73.95698119	1
0	0	20131	545	40.736502	-73.97809472	305	40.76095756	-73.96724467	1
0	0	871	438	40.72779126	-73.98564945	357	40.73261787	-73.99158043	1
0	0	4337	536	40.74144387	-73.97536082	504	40.73221853	-73.98165557	1
0	0	28484	284	40.7390169121	-74.0026376103	497	40.73704984	-73.99009296	1
0	0	30235	359	40.75510267	-73.97498696	486	40.7462009	-73.98855723	1
0	0	12323	137	40.761628	-73.972924	303	40.72362738	-73.99949601	1
0	0	10410	2003	40.73416059	-73.98024289	317	40.72453734	-73.98185424	1
0	0	25041	380	40.73401143	-74.00293877	377	40.72243797	-74.00566443	1
0	0	17674	382	40.73492695	-73.99200509	438	40.72779126	-73.98564945	1
