0	23	66002	2004	40.724399	-74.004704	481	40.71260486	-73.96264403	1
0	23	45268	382	40.73492695	-73.99200509	285	40.73454567	-73.99074142	1
0	23	63882	376	40.70862144	-74.00722156	345	40.73649403	-73.99704374	1
0	23	26079	359	40.75510267	-73.97498696	285	40.73454567	-73.99074142	1
0	23	29225	489	40.75066386	-74.00176802	528	40.74290902	-73.97706058	1
0	23	10037	2003	40.73416059	-73.98024289	2012	40.739445	-73.976806	1
0	23	56819	404	40.7405826	-74.00550867	271	40.68528172	-73.97805813	1
0	23	66367	474	40.7451677	-73.98683077	460	40.71285887	-73.96590294	1
0	23	28464	401	40.72019576	-73.98997825	499	40.76915505	-73.98191841	1
0	23	1068	422	40.770513	-73.988038	319	40.71336124	-74.00937622	2
0	23	19628	442	40.746647	-73.993915	428	40.72467721	-73.98783413	2
0	23	17868	152	40.71473993	-74.00910627	363	40.70834698	-74.01713445	1
0	23	19926	513	40.768254	-73.988639	363	40.70834698	-74.01713445	1
0	23	5773	2010	40.72165481	-74.00234737	386	40.71494807	-74.00234482	1
0	23	47734	472	40.7457121	-73.98194829	426	40.71754834	-74.01322069	2
0	23	58816	471	40.71286844	-73.95698119	310	40.68926942	-73.98912867	1
0	23	51004	453	40.74475148	-73.99915362	281	40.7643971	-73.97371465	2
0	23	61937	480	40.76669671	-73.99061728	494	40.74734825	-73.99723551	1
0	23	23284	297	40.734232	-73.986923	540	40.74147286	-73.98320928	1
0	23	14257	116	40.74177603	-74.00149746	470	40.74345335	-74.00004031	1
0	23	4788	285	40.73454567	-73.99074142	293	40.73028666	-73.9907647	1
0	23	61469	327	40.7153379	-74.01658354	465	40.75513557	-73.98658032	1
0	23	66370	412	40.7158155	-73.99422366	436	40.68216564	-73.95399026	1
0	23	31515	517	40.75149263	-73.97798848	401	40.72019576	-73.98997825	1
0	23	61940	445	40.72740794	-73.98142006	488	40.75645824	-73.99372222	1
0	23	12582	402	40.7403432	-73.98955109	401	40.72019576	-73.98997825	2
0	23	6709	375	40.72679454	-73.99695094	505	40.74901271	-73.98848395	1
0	23	50632	342	40.71739973	-73.98016555	265	40.72229346	-73.99147535	1
0	23	58101	386	40.71494807	-74.00234482	254	40.73532427	-73.99800419	4
0	23	34958	428	40.72467721	-73.98783413	499	40.76915505	-73.98191841	1
0	23	25722	401	40.72019576	-73.98997825	259	40.70122128	-74.01234218	1
0	23	32676	401	40.72019576	-73.98997825	310	40.68926942	-73.98912867	1
0	23	60910	410	40.72066442	-73.98517977	455	40.75001986	-73.96905301	1
0	23	41355	450	40.76227205	-73.98788205	297	40.734232	-73.986923	1
0	23	55269	237	40.73047309	-73.98672378	242	40.69788349	-73.97350332	1
0	23	53876	320	40.71743998	-74.00583475	263	40.71729	-73.996375	1
0	23	21424	490	40.751551	-73.993934	518	40.74780373	-73.9734419	1
0	23	14619	488	40.75645824	-73.99372222	504	40.73221853	-73.98165557	1
0	23	3105	328	40.72405549	-74.00965965	426	40.71754834	-74.01322069	1
0	23	48301	438	40.72779126	-73.98564945	266	40.72368361	-73.97574813	1
0	23	42382	152	40.71473993	-74.00910627	514	40.76087502	-74.00277668	2
0	23	5969	151	40.7218158	-73.99720307	336	40.73047747	-73.99906065	1
0	23	14560	536	40.74144387	-73.97536082	361	40.71605866	-73.99190759	1
0	23	45804	496	40.73726186	-73.99238967	401	40.72019576	-73.98997825	1
0	23	13839	363	40.70834698	-74.01713445	363	40.70834698	-74.01713445	1
0	23	11755	380	40.73401143	-74.00293877	401	40.72019576	-73.98997825	1
0	23	62042	2004	40.724399	-74.004704	2002	40.716887	-73.963198	1
0	23	52952	358	40.73291553	-74.00711384	464	40.75934501	-73.96759673	1
0	23	66371	430	40.7014851	-73.98656928	248	40.72185379	-74.00771779	1
0	23	4162	524	40.75527307	-73.98316936	358	40.73291553	-74.00711384	1
0	23	44717	462	40.74691959	-74.00451887	357	40.73261787	-73.99158043	1
0	23	287	488	40.75645824	-73.99372222	363	40.70834698	-74.01713445	1
0	23	15398	464	40.75934501	-73.96759673	482	40.73935542	-73.99931783	1
0	23	2959	458	40.751396	-74.005226	499	40.76915505	-73.98191841	1
0	23	60060	470	40.74345335	-74.00004031	2003	40.73416059	-73.98024289	1
0	23	66372	2006	40.76590936	-73.97634151	428	40.72467721	-73.98783413	1
0	23	45466	380	40.73401143	-74.00293877	454	40.75455731	-73.96592976	1
0	23	48418	236	40.7284186	-73.98713956	339	40.72580614	-73.97422494	1
0	23	51371	212	40.74334935	-74.00681753	439	40.7262807	-73.98978041	1
0	23	28921	236	40.7284186	-73.98713956	306	40.70823502	-74.00530063	1
0	23	61665	82	40.71117416	-74.00016545	528	40.74290902	-73.97706058	1
0	23	10912	498	40.74854862	-73.98808416	325	40.73624527	-73.98473765	1
0	23	66373	435	40.74173969	-73.99415556	331	40.71173107	-73.99193043	1
0	23	29676	453	40.74475148	-73.99915362	469	40.76344058	-73.98268129	1
0	23	23670	311	40.7172274	-73.98802084	282	40.70827295	-73.96834101	1
0	23	27727	2000	40.70255088	-73.98940236	314	40.69424674	-73.99215922	1
0	23	15580	280	40.73331967	-73.99510132	505	40.74901271	-73.98848395	2
0	23	36093	454	40.75455731	-73.96592976	228	40.7546011026	-73.971878855	1
0	23	12169	546	40.74444921	-73.98303529	336	40.73047747	-73.99906065	1
0	23	1371	348	40.72490985	-74.00154702	426	40.71754834	-74.01322069	1
0	23	15716	546	40.74444921	-73.98303529	514	40.76087502	-74.00277668	1
0	23	49509	473	40.72110063	-73.9919254	356	40.71622644	-73.98261206	1
0	23	12301	335	40.72903917	-73.99404649	433	40.72955361	-73.98057249	1
0	23	40094	439	40.7262807	-73.98978041	446	40.74487634	-73.99529885	1
0	23	52876	2008	40.70569254	-74.01677685	247	40.73535398	-74.00483091	1
0	23	23454	236	40.7284186	-73.98713956	507	40.73912601	-73.97973776	1
0	23	60307	454	40.75455731	-73.96592976	410	40.72066442	-73.98517977	1
0	23	37340	529	40.7575699	-73.99098507	236	40.7284186	-73.98713956	1
0	23	2878	504	40.73221853	-73.98165557	281	40.7643971	-73.97371465	1
0	23	47642	280	40.73331967	-73.99510132	509	40.7454973	-74.00197139	1
0	23	52133	167	40.7489006	-73.97604882	161	40.72917025	-73.99810231	1
0	23	65796	440	40.75255434	-73.97282625	350	40.71559509	-73.9870295	1
0	23	31348	446	40.74487634	-73.99529885	329	40.72043411	-74.01020609	1
0	23	2781	352	40.76340613	-73.97722479	465	40.75513557	-73.98658032	1
0	23	43338	345	40.73649403	-73.99704374	507	40.73912601	-73.97973776	1
0	23	12573	528	40.74290902	-73.97706058	504	40.73221853	-73.98165557	3
0	23	50774	72	40.76727216	-73.99392888	116	40.74177603	-74.00149746	1
0	23	49734	532	40.710451	-73.960876	445	40.72740794	-73.98142006	1
0	23	7101	509	40.7454973	-74.00197139	465	40.75513557	-73.98658032	2
0	23	64865	518	40.74780373	-73.9734419	223	40.73781509	-73.99994661	1
0	23	24858	483	40.73223272	-73.98889957	509	40.7454973	-74.00197139	1
0	23	39920	518	40.74780373	-73.9734419	482	40.73935542	-73.99931783	1
0	23	41404	479	40.76019252	-73.9912551	514	40.76087502	-74.00277668	1
0	23	42188	416	40.68753406	-73.97265183	416	40.68753406	-73.97265183	1
0	23	15548	295	40.71406667	-73.99293911	341	40.71782143	-73.97628939	1
0	23	40085	410	40.72066442	-73.98517977	471	40.71286844	-73.95698119	2
0	23	27911	161	40.72917025	-73.99810231	394	40.72521311	-73.97768752	1
0	23	25532	401	40.72019576	-73.98997825	507	40.73912601	-73.97973776	1
0	23	35458	150	40.7208736	-73.98085795	307	40.71427487	-73.98990025	1
0	23	28102	82	40.71117416	-74.00016545	260	40.70365182	-74.01167797	1
0	23	9454	284	40.7390169121	-74.0026376103	509	40.7454973	-74.00197139	1
0	23	10721	483	40.73223272	-73.98889957	368	40.73038599	-74.00214988	1
0	23	29372	223	40.73781509	-73.99994661	367	40.75828065	-73.97069431	1
0	23	46226	498	40.74854862	-73.98808416	2022	40.75849116	-73.95920622	1
0	23	23214	352	40.76340613	-73.97722479	358	40.73291553	-74.00711384	1
0	23	917	504	40.73221853	-73.98165557	2012	40.739445	-73.976806	1
0	23	21070	251	40.72317958	-73.99480012	483	40.73223272	-73.98889957	1
0	23	31112	347	40.72873888	-74.00748842	512	40.7500727	-73.99839279	1
0	23	52106	217	40.70277159	-73.99383605	144	40.69839895	-73.98068914	4
0	23	38182	382	40.73492695	-73.99200509	445	40.72740794	-73.98142006	1
0	23	33952	336	40.73047747	-73.99906065	459	40.746745	-74.007756	1
0	23	23550	428	40.72467721	-73.98783413	331	40.71173107	-73.99193043	1
0	23	41540	439	40.7262807	-73.98978041	403	40.72502876	-73.99069656	1
0	23	22534	498	40.74854862	-73.98808416	528	40.74290902	-73.97706058	1
0	23	14642	509	40.7454973	-74.00197139	334	40.74238787	-73.99726235	1
0	23	22590	499	40.76915505	-73.98191841	546	40.74444921	-73.98303529	1
0	23	20270	459	40.746745	-74.007756	2008	40.70569254	-74.01677685	1
0	23	33643	395	40.68807003	-73.98410637	416	40.68753406	-73.97265183	1
0	23	64595	403	40.72502876	-73.99069656	446	40.74487634	-73.99529885	1
0	23	1486	531	40.71893904	-73.99266288	356	40.71622644	-73.98261206	1
0	23	5480	307	40.71427487	-73.98990025	326	40.72953837	-73.98426726	1
0	23	31008	435	40.74173969	-73.99415556	223	40.73781509	-73.99994661	1
0	23	66375	475	40.73524276	-73.98758561	423	40.76584941	-73.98690506	1
0	23	34643	512	40.7500727	-73.99839279	380	40.73401143	-74.00293877	1
0	23	66376	2022	40.75849116	-73.95920622	439	40.7262807	-73.98978041	1
0	23	23775	479	40.76019252	-73.9912551	128	40.72710258	-74.00297088	1
0	23	21727	507	40.73912601	-73.97973776	445	40.72740794	-73.98142006	1
0	23	29624	505	40.74901271	-73.98848395	546	40.74444921	-73.98303529	1
0	23	1394	328	40.72405549	-74.00965965	328	40.72405549	-74.00965965	2
0	23	23661	499	40.76915505	-73.98191841	423	40.76584941	-73.98690506	1
0	23	66377	276	40.71748752	-74.0104554	512	40.7500727	-73.99839279	1
0	23	3067	490	40.751551	-73.993934	448	40.75660359	-73.9979009	1
0	23	8991	147	40.71542197	-74.01121978	363	40.70834698	-74.01713445	1
0	23	54667	325	40.73624527	-73.98473765	361	40.71605866	-73.99190759	1
0	23	10063	489	40.75066386	-74.00176802	470	40.74345335	-74.00004031	1
0	23	42035	504	40.73221853	-73.98165557	516	40.75206862	-73.96784384	1
0	23	25341	532	40.710451	-73.960876	293	40.73028666	-73.9907647	1
0	23	7586	480	40.76669671	-73.99061728	479	40.76019252	-73.9912551	1
0	23	13666	151	40.7218158	-73.99720307	432	40.72621788	-73.98379855	1
0	23	22429	475	40.73524276	-73.98758561	473	40.72110063	-73.9919254	1
0	23	66378	483	40.73223272	-73.98889957	157	40.69089272	-73.99612349	1
0	23	29134	83	40.68382604	-73.97632328	384	40.68317813	-73.9659641	1
0	23	39033	326	40.72953837	-73.98426726	459	40.746745	-74.007756	1
0	23	22616	490	40.751551	-73.993934	495	40.76269882	-73.99301222	1
0	23	5762	519	40.75188406	-73.97770164	472	40.7457121	-73.98194829	1
0	23	16490	352	40.76340613	-73.97722479	529	40.7575699	-73.99098507	1
0	23	12749	439	40.7262807	-73.98978041	410	40.72066442	-73.98517977	1
0	23	57913	434	40.74317449	-74.00366443	528	40.74290902	-73.97706058	1
0	23	31865	488	40.75645824	-73.99372222	238	40.7361967	-74.00859207	1
0	23	22532	347	40.72873888	-74.00748842	504	40.73221853	-73.98165557	1
0	23	45503	284	40.7390169121	-74.0026376103	320	40.71743998	-74.00583475	1
0	23	36463	329	40.72043411	-74.01020609	128	40.72710258	-74.00297088	1
0	23	18333	434	40.74317449	-74.00366443	346	40.73652889	-74.00618026	1
0	23	66379	439	40.7262807	-73.98978041	408	40.71076228	-73.99400398	1
0	23	14187	479	40.76019252	-73.9912551	441	40.756014	-73.967416	1
0	23	66380	313	40.69610226	-73.96751037	463	40.74206539	-74.00443172	1
0	23	23671	518	40.74780373	-73.9734419	401	40.72019576	-73.98997825	1
0	23	61481	72	40.76727216	-73.99392888	280	40.73331967	-73.99510132	1
0	23	66381	432	40.72621788	-73.98379855	120	40.68676793	-73.95928168	1
0	23	66382	279	40.69986937	-73.98271933	270	40.69308257	-73.97178913	1
0	23	52744	433	40.72955361	-73.98057249	356	40.71622644	-73.98261206	1
0	23	34654	389	40.71044554	-73.96525063	241	40.68981035	-73.97493121	1
0	23	27350	346	40.73652889	-74.00618026	336	40.73047747	-73.99906065	1
0	23	11270	326	40.72953837	-73.98426726	153	40.752062307	-73.9816324043	1
0	23	65279	505	40.74901271	-73.98848395	2008	40.70569254	-74.01677685	1
0	23	25974	475	40.73524276	-73.98758561	161	40.72917025	-73.99810231	1
0	23	1821	513	40.768254	-73.988639	318	40.75320159	-73.9779874	1
0	23	5294	412	40.7158155	-73.99422366	295	40.71406667	-73.99293911	2
0	23	6723	444	40.7423543	-73.98915076	537	40.74025878	-73.98409214	1
0	23	29039	160	40.748238	-73.978311	528	40.74290902	-73.97706058	1
0	23	24047	268	40.71910537	-73.99973337	263	40.71729	-73.996375	1
0	23	34745	365	40.68223166	-73.9614583	348	40.72490985	-74.00154702	1
0	23	15605	459	40.746745	-74.007756	380	40.73401143	-74.00293877	2
0	23	22221	495	40.76269882	-73.99301222	513	40.768254	-73.988639	1
0	23	2534	116	40.74177603	-74.00149746	290	40.76020258	-73.96478473	1
0	23	6285	72	40.76727216	-73.99392888	3002	40.711512	-74.015756	1
0	23	4622	470	40.74345335	-74.00004031	519	40.75188406	-73.97770164	1
0	23	21801	517	40.75149263	-73.97798848	2003	40.73416059	-73.98024289	1
0	23	9522	494	40.74734825	-73.99723551	447	40.76370739	-73.9851615	2
0	23	254	263	40.71729	-73.996375	294	40.73049393	-73.9957214	1
0	23	48867	483	40.73223272	-73.98889957	382	40.73492695	-73.99200509	1
0	23	25102	439	40.7262807	-73.98978041	375	40.72679454	-73.99695094	1
0	23	34803	83	40.68382604	-73.97632328	313	40.69610226	-73.96751037	1
0	23	28037	489	40.75066386	-74.00176802	498	40.74854862	-73.98808416	1
0	23	10087	375	40.72679454	-73.99695094	128	40.72710258	-74.00297088	1
0	23	40352	127	40.73172428	-74.00674436	2003	40.73416059	-73.98024289	1
0	23	4247	426	40.71754834	-74.01322069	404	40.7405826	-74.00550867	1
0	23	26058	509	40.7454973	-74.00197139	540	40.74147286	-73.98320928	1
0	23	54150	243	40.687979	-73.978474	446	40.74487634	-73.99529885	1
0	23	36204	300	40.728145	-73.990214	422	40.770513	-73.988038	1
0	23	19750	407	40.700469	-73.991454	314	40.69424674	-73.99215922	1
0	23	26874	445	40.72740794	-73.98142006	284	40.7390169121	-74.0026376103	1
0	23	23235	254	40.73532427	-73.99800419	490	40.751551	-73.993934	3
0	23	11693	358	40.73291553	-74.00711384	326	40.72953837	-73.98426726	1
0	23	20859	368	40.73038599	-74.00214988	505	40.74901271	-73.98848395	1
0	23	31467	293	40.73028666	-73.9907647	532	40.710451	-73.960876	1
0	23	13208	540	40.74147286	-73.98320928	404	40.7405826	-74.00550867	1
0	23	21303	488	40.75645824	-73.99372222	116	40.74177603	-74.00149746	1
0	23	32678	469	40.76344058	-73.98268129	223	40.73781509	-73.99994661	1
0	23	30952	168	40.73971301	-73.99456405	383	40.735238	-74.000271	1
0	23	42569	259	40.70122128	-74.01234218	285	40.73454567	-73.99074142	1
0	23	39481	428	40.72467721	-73.98783413	433	40.72955361	-73.98057249	1
0	23	30054	509	40.7454973	-74.00197139	251	40.72317958	-73.99480012	1
0	23	8776	311	40.7172274	-73.98802084	412	40.7158155	-73.99422366	1
0	23	22790	161	40.72917025	-73.99810231	237	40.73047309	-73.98672378	2
0	23	42241	254	40.73532427	-73.99800419	456	40.7597108	-73.97402311	1
0	23	6175	285	40.73454567	-73.99074142	355	40.71602118	-73.99974372	1
0	23	28501	490	40.751551	-73.993934	293	40.73028666	-73.9907647	1
0	23	42528	72	40.76727216	-73.99392888	469	40.76344058	-73.98268129	1
0	23	59557	480	40.76669671	-73.99061728	345	40.73649403	-73.99704374	1
0	23	64409	297	40.734232	-73.986923	311	40.7172274	-73.98802084	1
0	23	16362	336	40.73047747	-73.99906065	151	40.7218158	-73.99720307	1
0	23	66383	391	40.69760127	-73.99344559	397	40.68415748	-73.96922273	2
0	23	55748	167	40.7489006	-73.97604882	284	40.7390169121	-74.0026376103	1
0	23	874	482	40.73935542	-73.99931783	459	40.746745	-74.007756	1
0	23	3537	262	40.69178232	-73.97372989	324	40.689888	-73.981013	1
0	23	1841	128	40.72710258	-74.00297088	323	40.69236178	-73.98631746	1
0	23	20277	504	40.73221853	-73.98165557	311	40.7172274	-73.98802084	1
0	23	11848	380	40.73401143	-74.00293877	294	40.73049393	-73.9957214	1
0	23	66384	394	40.72521311	-73.97768752	488	40.75645824	-73.99372222	1
0	23	28081	323	40.69236178	-73.98631746	284	40.7390169121	-74.0026376103	1
0	23	18832	160	40.748238	-73.978311	228	40.7546011026	-73.971878855	1
0	23	29872	229	40.72743423	-73.99379025	2003	40.73416059	-73.98024289	1
0	23	4196	462	40.74691959	-74.00451887	504	40.73221853	-73.98165557	2
0	23	50758	462	40.74691959	-74.00451887	331	40.71173107	-73.99193043	1
0	23	34794	161	40.72917025	-73.99810231	340	40.71269042	-73.98776323	1
0	23	66385	470	40.74345335	-74.00004031	2012	40.739445	-73.976806	1
0	23	16736	229	40.72743423	-73.99379025	347	40.72873888	-74.00748842	1
0	23	7376	280	40.73331967	-73.99510132	251	40.72317958	-73.99480012	1
0	23	15511	450	40.76227205	-73.98788205	309	40.7149787	-74.013012	1
0	23	53972	532	40.710451	-73.960876	223	40.73781509	-73.99994661	1
0	23	21148	504	40.73221853	-73.98165557	361	40.71605866	-73.99190759	1
0	23	66386	300	40.728145	-73.990214	414	40.70281858	-73.98765762	1
0	23	28529	479	40.76019252	-73.9912551	326	40.72953837	-73.98426726	1
0	23	7117	537	40.74025878	-73.98409214	294	40.73049393	-73.9957214	1
0	23	13361	439	40.7262807	-73.98978041	439	40.7262807	-73.98978041	1
0	23	50798	375	40.72679454	-73.99695094	296	40.71413089	-73.9970468	1
0	23	23602	434	40.74317449	-74.00366443	514	40.76087502	-74.00277668	1
0	23	15757	271	40.68528172	-73.97805813	364	40.68900443	-73.96023854	1
0	23	27516	300	40.728145	-73.990214	284	40.7390169121	-74.0026376103	1
0	23	13754	540	40.74147286	-73.98320928	505	40.74901271	-73.98848395	1
0	23	369	488	40.75645824	-73.99372222	442	40.746647	-73.993915	1
0	23	10385	251	40.72317958	-73.99480012	336	40.73047747	-73.99906065	1
0	23	5701	492	40.75019995	-73.99093085	127	40.73172428	-74.00674436	1
0	23	14366	127	40.73172428	-74.00674436	72	40.76727216	-73.99392888	1
0	23	4368	537	40.74025878	-73.98409214	466	40.74395411	-73.99144871	1
0	23	24440	526	40.74765947	-73.98490707	402	40.7403432	-73.98955109	1
0	23	52162	513	40.768254	-73.988639	442	40.746647	-73.993915	1
0	23	12294	2010	40.72165481	-74.00234737	146	40.71625008	-74.0091059	1
0	23	22486	284	40.7390169121	-74.0026376103	83	40.68382604	-73.97632328	1
0	23	33386	513	40.768254	-73.988639	509	40.7454973	-74.00197139	1
0	23	481	284	40.7390169121	-74.0026376103	127	40.73172428	-74.00674436	1
0	23	23729	281	40.7643971	-73.97371465	500	40.76228826	-73.98336183	1
0	23	39944	441	40.756014	-73.967416	450	40.76227205	-73.98788205	1
0	23	66387	399	40.68851534	-73.9647628	289	40.6845683	-73.95881081	1
0	23	39201	467	40.68312489	-73.97895137	395	40.68807003	-73.98410637	1
0	23	34498	151	40.7218158	-73.99720307	307	40.71427487	-73.98990025	1
0	23	4230	167	40.7489006	-73.97604882	540	40.74147286	-73.98320928	1
0	23	33002	383	40.735238	-74.000271	453	40.74475148	-73.99915362	1
0	23	55875	469	40.76344058	-73.98268129	355	40.71602118	-73.99974372	1
0	23	16500	324	40.689888	-73.981013	270	40.69308257	-73.97178913	1
0	23	33533	307	40.71427487	-73.98990025	128	40.72710258	-74.00297088	1
0	23	811	447	40.76370739	-73.9851615	367	40.75828065	-73.97069431	1
0	23	28982	450	40.76227205	-73.98788205	317	40.72453734	-73.98185424	1
0	23	3394	382	40.73492695	-73.99200509	128	40.72710258	-74.00297088	1
0	23	21804	265	40.72229346	-73.99147535	532	40.710451	-73.960876	1
0	23	18835	488	40.75645824	-73.99372222	489	40.75066386	-74.00176802	1
0	23	61685	453	40.74475148	-73.99915362	415	40.7047177	-74.00926027	1
0	23	4112	401	40.72019576	-73.98997825	385	40.75797322	-73.96603308	1
0	23	7661	494	40.74734825	-73.99723551	294	40.73049393	-73.9957214	1
0	23	18550	323	40.69236178	-73.98631746	330	40.71450451	-74.00562789	2
0	23	20669	531	40.71893904	-73.99266288	473	40.72110063	-73.9919254	2
0	23	66388	495	40.76269882	-73.99301222	395	40.68807003	-73.98410637	1
0	23	7205	528	40.74290902	-73.97706058	507	40.73912601	-73.97973776	2
0	23	13623	405	40.739323	-74.008119	444	40.7423543	-73.98915076	1
0	23	2913	323	40.69236178	-73.98631746	328	40.72405549	-74.00965965	1
0	23	23445	423	40.76584941	-73.98690506	480	40.76669671	-73.99061728	1
0	23	30168	72	40.76727216	-73.99392888	508	40.76341379	-73.99667444	2
0	23	66389	528	40.74290902	-73.97706058	377	40.72243797	-74.00566443	1
0	23	35443	223	40.73781509	-73.99994661	488	40.75645824	-73.99372222	1
0	23	23283	453	40.74475148	-73.99915362	325	40.73624527	-73.98473765	1
0	23	7233	253	40.73543934	-73.99453948	294	40.73049393	-73.9957214	1
0	23	6716	284	40.7390169121	-74.0026376103	447	40.76370739	-73.9851615	1
0	23	13019	528	40.74290902	-73.97706058	433	40.72955361	-73.98057249	1
0	23	7449	320	40.71743998	-74.00583475	376	40.70862144	-74.00722156	1
0	23	22823	489	40.75066386	-74.00176802	525	40.75594159	-74.0021163	1
0	23	30753	402	40.7403432	-73.98955109	475	40.73524276	-73.98758561	1
0	23	66144	380	40.73401143	-74.00293877	389	40.71044554	-73.96525063	1
0	23	33414	459	40.746745	-74.007756	297	40.734232	-73.986923	1
0	23	66390	238	40.7361967	-74.00859207	2003	40.73416059	-73.98024289	1
0	23	34005	457	40.76695317	-73.98169333	428	40.72467721	-73.98783413	1
0	23	14690	336	40.73047747	-73.99906065	483	40.73223272	-73.98889957	2
0	23	16844	509	40.7454973	-74.00197139	504	40.73221853	-73.98165557	1
0	23	66391	513	40.768254	-73.988639	266	40.72368361	-73.97574813	1
0	23	61555	346	40.73652889	-74.00618026	248	40.72185379	-74.00771779	1
0	23	13057	494	40.74734825	-73.99723551	512	40.7500727	-73.99839279	1
0	23	65788	403	40.72502876	-73.99069656	471	40.71286844	-73.95698119	1
0	23	56337	499	40.76915505	-73.98191841	516	40.75206862	-73.96784384	1
0	23	55150	433	40.72955361	-73.98057249	462	40.74691959	-74.00451887	1
0	23	22992	404	40.7405826	-74.00550867	128	40.72710258	-74.00297088	1
0	23	33520	518	40.74780373	-73.9734419	432	40.72621788	-73.98379855	1
0	23	5443	128	40.72710258	-74.00297088	304	40.70463334	-74.01361706	1
0	23	36397	401	40.72019576	-73.98997825	195	40.70905623	-74.01043382	1
0	23	16832	528	40.74290902	-73.97706058	403	40.72502876	-73.99069656	1
0	23	34143	528	40.74290902	-73.97706058	536	40.74144387	-73.97536082	1
0	23	66075	305	40.76095756	-73.96724467	128	40.72710258	-74.00297088	1
0	23	234	312	40.722055	-73.989111	2003	40.73416059	-73.98024289	1
0	23	23620	224	40.71146364	-74.00552427	417	40.71291224	-74.01020234	1
0	23	48702	445	40.72740794	-73.98142006	195	40.70905623	-74.01043382	2
0	23	9786	360	40.70717936	-74.00887308	151	40.7218158	-73.99720307	1
0	23	8316	306	40.70823502	-74.00530063	439	40.7262807	-73.98978041	1
0	23	46763	404	40.7405826	-74.00550867	447	40.76370739	-73.9851615	2
0	23	5842	514	40.76087502	-74.00277668	514	40.76087502	-74.00277668	1
0	23	12215	450	40.76227205	-73.98788205	490	40.751551	-73.993934	2
0	23	15203	294	40.73049393	-73.9957214	252	40.73226398	-73.99852205	1
0	23	4881	466	40.74395411	-73.99144871	458	40.751396	-74.005226	1
0	23	18865	223	40.73781509	-73.99994661	475	40.73524276	-73.98758561	1
0	23	19140	475	40.73524276	-73.98758561	334	40.74238787	-73.99726235	1
0	23	23689	450	40.76227205	-73.98788205	423	40.76584941	-73.98690506	1
0	23	725	318	40.75320159	-73.9779874	468	40.7652654	-73.98192338	1
0	23	34697	380	40.73401143	-74.00293877	477	40.75640548	-73.9900262	1
0	23	40535	331	40.71173107	-73.99193043	363	40.70834698	-74.01713445	2
0	23	28279	529	40.7575699	-73.99098507	2012	40.739445	-73.976806	1
0	23	4726	401	40.72019576	-73.98997825	308	40.71307916	-73.99851193	1
0	23	35077	458	40.751396	-74.005226	507	40.73912601	-73.97973776	1
0	23	46060	218	40.69028437	-73.98707105	270	40.69308257	-73.97178913	1
0	23	15681	465	40.75513557	-73.98658032	496	40.73726186	-73.99238967	1
0	23	34369	498	40.74854862	-73.98808416	401	40.72019576	-73.98997825	1
0	23	23609	2002	40.716887	-73.963198	436	40.68216564	-73.95399026	2
0	23	13849	458	40.751396	-74.005226	426	40.71754834	-74.01322069	1
0	23	56287	462	40.74691959	-74.00451887	412	40.7158155	-73.99422366	1
0	23	32801	508	40.76341379	-73.99667444	462	40.74691959	-74.00451887	2
0	23	4193	514	40.76087502	-74.00277668	127	40.73172428	-74.00674436	1
0	23	7245	459	40.746745	-74.007756	469	40.76344058	-73.98268129	1
0	23	27009	489	40.75066386	-74.00176802	529	40.7575699	-73.99098507	1
0	23	5601	449	40.76461837	-73.98789473	479	40.76019252	-73.9912551	1
0	23	8459	361	40.71605866	-73.99190759	263	40.71729	-73.996375	2
0	23	60977	403	40.72502876	-73.99069656	485	40.75038009	-73.98338988	1
0	23	19282	426	40.71754834	-74.01322069	82	40.71117416	-74.00016545	2
0	23	20186	439	40.7262807	-73.98978041	382	40.73492695	-73.99200509	1
0	23	10109	519	40.75188406	-73.97770164	464	40.75934501	-73.96759673	1
0	23	30556	146	40.71625008	-74.0091059	308	40.71307916	-73.99851193	1
0	23	39214	295	40.71406667	-73.99293911	150	40.7208736	-73.98085795	1
0	23	29320	79	40.71911552	-74.00666661	265	40.72229346	-73.99147535	1
0	23	5668	422	40.770513	-73.988038	462	40.74691959	-74.00451887	1
0	23	3042	357	40.73261787	-73.99158043	357	40.73261787	-73.99158043	1
0	23	23784	265	40.72229346	-73.99147535	271	40.68528172	-73.97805813	2
0	23	19980	528	40.74290902	-73.97706058	2003	40.73416059	-73.98024289	1
0	23	11169	483	40.73223272	-73.98889957	433	40.72955361	-73.98057249	1
0	23	41547	271	40.68528172	-73.97805813	353	40.68539567	-73.97431458	1
0	23	3510	127	40.73172428	-74.00674436	116	40.74177603	-74.00149746	1
0	23	7788	116	40.74177603	-74.00149746	488	40.75645824	-73.99372222	1
0	23	1927	504	40.73221853	-73.98165557	518	40.74780373	-73.9734419	1
0	23	10647	229	40.72743423	-73.99379025	326	40.72953837	-73.98426726	1
0	23	17388	518	40.74780373	-73.9734419	504	40.73221853	-73.98165557	1
0	23	34916	499	40.76915505	-73.98191841	492	40.75019995	-73.99093085	1
0	23	30046	265	40.72229346	-73.99147535	387	40.71273266	-74.0046073	1
0	23	49968	531	40.71893904	-73.99266288	224	40.71146364	-74.00552427	1
0	23	38118	254	40.73532427	-73.99800419	368	40.73038599	-74.00214988	1
0	23	8403	441	40.756014	-73.967416	479	40.76019252	-73.9912551	1
0	23	24934	265	40.72229346	-73.99147535	150	40.7208736	-73.98085795	1
0	23	40506	294	40.73049393	-73.9957214	457	40.76695317	-73.98169333	1
0	23	32519	383	40.735238	-74.000271	517	40.75149263	-73.97798848	2
0	23	20189	432	40.72621788	-73.98379855	295	40.71406667	-73.99293911	1
0	23	20267	368	40.73038599	-74.00214988	394	40.72521311	-73.97768752	1
0	23	14907	355	40.71602118	-73.99974372	265	40.72229346	-73.99147535	1
0	23	40648	475	40.73524276	-73.98758561	488	40.75645824	-73.99372222	1
0	23	25306	2009	40.71117444	-73.99682619	316	40.70955958	-74.00653609	1
0	23	55745	268	40.71910537	-73.99973337	537	40.74025878	-73.98409214	1
0	23	11391	401	40.72019576	-73.98997825	237	40.73047309	-73.98672378	1
0	23	21437	326	40.72953837	-73.98426726	529	40.7575699	-73.99098507	1
0	23	3379	401	40.72019576	-73.98997825	375	40.72679454	-73.99695094	1
0	23	33678	459	40.746745	-74.007756	266	40.72368361	-73.97574813	1
0	23	17549	499	40.76915505	-73.98191841	290	40.76020258	-73.96478473	1
0	23	1097	477	40.75640548	-73.9900262	536	40.74144387	-73.97536082	1
0	23	53347	432	40.72621788	-73.98379855	160	40.748238	-73.978311	1
0	23	37986	404	40.7405826	-74.00550867	480	40.76669671	-73.99061728	1
0	23	37843	403	40.72502876	-73.99069656	540	40.74147286	-73.98320928	1
0	23	60213	416	40.68753406	-73.97265183	282	40.70827295	-73.96834101	1
0	23	54378	336	40.73047747	-73.99906065	164	40.75323098	-73.97032517	1
0	23	6320	546	40.74444921	-73.98303529	388	40.749717753	-74.002950346	1
0	23	28062	280	40.73331967	-73.99510132	161	40.72917025	-73.99810231	1
0	23	21838	483	40.73223272	-73.98889957	341	40.71782143	-73.97628939	1
0	23	25498	311	40.7172274	-73.98802084	504	40.73221853	-73.98165557	1
0	23	1165	504	40.73221853	-73.98165557	507	40.73912601	-73.97973776	2
0	23	8279	345	40.73649403	-73.99704374	483	40.73223272	-73.98889957	1
0	23	29641	336	40.73047747	-73.99906065	280	40.73331967	-73.99510132	1
0	23	55006	376	40.70862144	-74.00722156	348	40.72490985	-74.00154702	2
0	23	13719	488	40.75645824	-73.99372222	509	40.7454973	-74.00197139	1
0	23	29658	404	40.7405826	-74.00550867	470	40.74345335	-74.00004031	1
0	23	6849	508	40.76341379	-73.99667444	450	40.76227205	-73.98788205	1
0	23	44954	386	40.71494807	-74.00234482	514	40.76087502	-74.00277668	1
0	23	16044	3002	40.711512	-74.015756	521	40.75044999	-73.99481051	1
0	23	23119	401	40.72019576	-73.98997825	369	40.73224119	-74.00026394	1
0	23	15128	326	40.72953837	-73.98426726	346	40.73652889	-74.00618026	1
0	23	19551	499	40.76915505	-73.98191841	236	40.7284186	-73.98713956	1
0	23	33029	223	40.73781509	-73.99994661	439	40.7262807	-73.98978041	1
0	23	621	499	40.76915505	-73.98191841	305	40.76095756	-73.96724467	1
0	23	31969	405	40.739323	-74.008119	483	40.73223272	-73.98889957	1
0	23	4214	439	40.7262807	-73.98978041	459	40.746745	-74.007756	1
0	23	24772	254	40.73532427	-73.99800419	474	40.7451677	-73.98683077	1
0	23	20209	489	40.75066386	-74.00176802	512	40.7500727	-73.99839279	1
0	23	20775	325	40.73624527	-73.98473765	263	40.71729	-73.996375	1
0	23	66247	150	40.7208736	-73.98085795	331	40.71173107	-73.99193043	2
0	23	14	499	40.76915505	-73.98191841	352	40.76340613	-73.97722479	1
0	23	69	529	40.7575699	-73.99098507	478	40.76030096	-73.99884222	1
0	23	66392	228	40.7546011026	-73.971878855	434	40.74317449	-74.00366443	1
0	23	40873	478	40.76030096	-73.99884222	479	40.76019252	-73.9912551	1
0	23	27706	412	40.7158155	-73.99422366	329	40.72043411	-74.01020609	1
0	23	17297	447	40.76370739	-73.9851615	495	40.76269882	-73.99301222	1
0	23	7561	519	40.75188406	-73.97770164	528	40.74290902	-73.97706058	1
0	23	957	116	40.74177603	-74.00149746	212	40.74334935	-74.00681753	2
0	23	25449	505	40.74901271	-73.98848395	528	40.74290902	-73.97706058	1
0	23	19994	382	40.73492695	-73.99200509	440	40.75255434	-73.97282625	1
0	23	15945	368	40.73038599	-74.00214988	116	40.74177603	-74.00149746	1
0	23	24163	369	40.73224119	-74.00026394	428	40.72467721	-73.98783413	1
0	23	49921	383	40.735238	-74.000271	334	40.74238787	-73.99726235	1
0	23	2963	450	40.76227205	-73.98788205	404	40.7405826	-74.00550867	1
0	23	13211	2003	40.73416059	-73.98024289	380	40.73401143	-74.00293877	1
0	23	14554	373	40.69331716	-73.95381995	437	40.6809833854	-73.9500479759	1
0	23	13587	488	40.75645824	-73.99372222	512	40.7500727	-73.99839279	1
0	23	1496	508	40.76341379	-73.99667444	426	40.71754834	-74.01322069	1
0	23	23227	479	40.76019252	-73.9912551	529	40.7575699	-73.99098507	1
0	23	23425	212	40.74334935	-74.00681753	490	40.751551	-73.993934	1
0	23	17395	410	40.72066442	-73.98517977	341	40.71782143	-73.97628939	1
0	23	12420	504	40.73221853	-73.98165557	504	40.73221853	-73.98165557	1
0	23	20414	521	40.75044999	-73.99481051	306	40.70823502	-74.00530063	1
0	23	23101	284	40.7390169121	-74.0026376103	453	40.74475148	-73.99915362	1
0	23	11209	499	40.76915505	-73.98191841	468	40.7652654	-73.98192338	1
0	23	12485	540	40.74147286	-73.98320928	167	40.7489006	-73.97604882	1
0	23	22931	293	40.73028666	-73.9907647	311	40.7172274	-73.98802084	1
0	23	7828	293	40.73028666	-73.9907647	380	40.73401143	-74.00293877	1
0	23	21184	495	40.76269882	-73.99301222	529	40.7575699	-73.99098507	1
0	23	6532	293	40.73028666	-73.9907647	483	40.73223272	-73.98889957	1
0	23	15235	2002	40.716887	-73.963198	414	40.70281858	-73.98765762	1
0	23	66393	483	40.73223272	-73.98889957	245	40.69327018	-73.97703874	1
0	23	21253	251	40.72317958	-73.99480012	127	40.73172428	-74.00674436	1
0	23	41519	2010	40.72165481	-74.00234737	447	40.76370739	-73.9851615	1
0	23	6963	2004	40.724399	-74.004704	382	40.73492695	-73.99200509	1
0	23	48682	229	40.72743423	-73.99379025	153	40.752062307	-73.9816324043	1
0	23	22709	483	40.73223272	-73.98889957	223	40.73781509	-73.99994661	1
0	23	17831	368	40.73038599	-74.00214988	388	40.749717753	-74.002950346	1
0	23	11392	546	40.74444921	-73.98303529	412	40.7158155	-73.99422366	1
0	23	34024	531	40.71893904	-73.99266288	282	40.70827295	-73.96834101	1
0	23	11325	128	40.72710258	-74.00297088	2010	40.72165481	-74.00234737	1
0	23	39543	324	40.689888	-73.981013	397	40.68415748	-73.96922273	1
0	23	27389	505	40.74901271	-73.98848395	472	40.7457121	-73.98194829	1
0	23	24613	439	40.7262807	-73.98978041	472	40.7457121	-73.98194829	1
0	23	21342	470	40.74345335	-74.00004031	494	40.74734825	-73.99723551	1
0	23	3544	462	40.74691959	-74.00451887	462	40.74691959	-74.00451887	1
0	23	21584	325	40.73624527	-73.98473765	401	40.72019576	-73.98997825	1
0	23	13816	434	40.74317449	-74.00366443	490	40.751551	-73.993934	1
0	23	57947	434	40.74317449	-74.00366443	456	40.7597108	-73.97402311	1
0	23	12274	324	40.689888	-73.981013	416	40.68753406	-73.97265183	1
0	23	23957	475	40.73524276	-73.98758561	439	40.7262807	-73.98978041	1
0	23	20187	462	40.74691959	-74.00451887	293	40.73028666	-73.9907647	2
0	23	27871	345	40.73649403	-73.99704374	486	40.7462009	-73.98855723	1
0	23	9993	499	40.76915505	-73.98191841	490	40.751551	-73.993934	1
0	23	27129	453	40.74475148	-73.99915362	439	40.7262807	-73.98978041	1
0	23	44385	223	40.73781509	-73.99994661	499	40.76915505	-73.98191841	1
0	23	4480	380	40.73401143	-74.00293877	380	40.73401143	-74.00293877	1
0	23	38101	482	40.73935542	-73.99931783	383	40.735238	-74.000271	1
0	23	34631	224	40.71146364	-74.00552427	161	40.72917025	-73.99810231	1
0	23	33193	326	40.72953837	-73.98426726	361	40.71605866	-73.99190759	1
0	23	33142	464	40.75934501	-73.96759673	290	40.76020258	-73.96478473	1
0	23	15790	428	40.72467721	-73.98783413	528	40.74290902	-73.97706058	1
0	23	43661	469	40.76344058	-73.98268129	388	40.749717753	-74.002950346	1
0	23	43604	303	40.72362738	-73.99949601	311	40.7172274	-73.98802084	1
0	23	66394	380	40.73401143	-74.00293877	460	40.71285887	-73.96590294	1
0	23	1030	380	40.73401143	-74.00293877	284	40.7390169121	-74.0026376103	1
0	23	10737	472	40.7457121	-73.98194829	276	40.71748752	-74.0104554	1
0	23	4797	459	40.746745	-74.007756	453	40.74475148	-73.99915362	1
0	23	14819	494	40.74734825	-73.99723551	453	40.74475148	-73.99915362	1
0	23	6758	263	40.71729	-73.996375	361	40.71605866	-73.99190759	1
0	23	7815	490	40.751551	-73.993934	453	40.74475148	-73.99915362	1
0	23	42234	297	40.734232	-73.986923	290	40.76020258	-73.96478473	1
0	23	48086	420	40.68764484	-73.96968902	262	40.69178232	-73.97372989	1
0	23	13258	146	40.71625008	-74.0091059	329	40.72043411	-74.01020609	1
0	23	4603	2002	40.716887	-73.963198	460	40.71285887	-73.96590294	2
0	23	37796	375	40.72679454	-73.99695094	546	40.74444921	-73.98303529	1
0	23	15053	294	40.73049393	-73.9957214	369	40.73224119	-74.00026394	1
0	23	64726	128	40.72710258	-74.00297088	536	40.74144387	-73.97536082	1
0	23	22373	223	40.73781509	-73.99994661	128	40.72710258	-74.00297088	1
0	23	3511	382	40.73492695	-73.99200509	459	40.746745	-74.007756	1
0	23	9087	2012	40.739445	-73.976806	290	40.76020258	-73.96478473	1
0	23	23302	446	40.74487634	-73.99529885	525	40.75594159	-74.0021163	1
0	23	28861	128	40.72710258	-74.00297088	458	40.751396	-74.005226	1
0	23	23955	369	40.73224119	-74.00026394	438	40.72779126	-73.98564945	1
0	23	20404	456	40.7597108	-73.97402311	507	40.73912601	-73.97973776	1
0	23	52569	513	40.768254	-73.988639	380	40.73401143	-74.00293877	1
0	23	13911	237	40.73047309	-73.98672378	401	40.72019576	-73.98997825	2
0	23	23297	479	40.76019252	-73.9912551	462	40.74691959	-74.00451887	1
0	23	8336	161	40.72917025	-73.99810231	329	40.72043411	-74.01020609	1
0	23	18810	271	40.68528172	-73.97805813	244	40.69196035	-73.96536851	2
0	23	10106	2010	40.72165481	-74.00234737	531	40.71893904	-73.99266288	1
0	23	34547	252	40.73226398	-73.99852205	540	40.74147286	-73.98320928	1
0	23	49733	357	40.73261787	-73.99158043	363	40.70834698	-74.01713445	1
0	23	66395	517	40.75149263	-73.97798848	356	40.71622644	-73.98261206	1
0	23	102	300	40.728145	-73.990214	369	40.73224119	-74.00026394	1
0	23	46985	2003	40.73416059	-73.98024289	447	40.76370739	-73.9851615	1
0	23	25723	297	40.734232	-73.986923	160	40.748238	-73.978311	1
0	23	15109	507	40.73912601	-73.97973776	507	40.73912601	-73.97973776	1
0	23	13947	499	40.76915505	-73.98191841	385	40.75797322	-73.96603308	1
0	23	176	294	40.73049393	-73.9957214	459	40.746745	-74.007756	1
0	23	36771	358	40.73291553	-74.00711384	79	40.71911552	-74.00666661	2
0	23	11314	116	40.74177603	-74.00149746	462	40.74691959	-74.00451887	1
0	23	32637	462	40.74691959	-74.00451887	160	40.748238	-73.978311	1
0	23	17693	376	40.70862144	-74.00722156	401	40.72019576	-73.98997825	1
0	23	12057	415	40.7047177	-74.00926027	260	40.70365182	-74.01167797	1
0	23	34354	467	40.68312489	-73.97895137	436	40.68216564	-73.95399026	1
0	23	18783	517	40.75149263	-73.97798848	325	40.73624527	-73.98473765	1
0	23	12351	428	40.72467721	-73.98783413	504	40.73221853	-73.98165557	1
0	23	40899	433	40.72955361	-73.98057249	312	40.722055	-73.989111	1
0	23	31449	83	40.68382604	-73.97632328	244	40.69196035	-73.96536851	1
0	23	31779	280	40.73331967	-73.99510132	377	40.72243797	-74.00566443	1
0	23	11953	195	40.70905623	-74.01043382	415	40.7047177	-74.00926027	1
0	23	25313	422	40.770513	-73.988038	2012	40.739445	-73.976806	1
0	23	16117	249	40.71870987	-74.0090009	147	40.71542197	-74.01121978	1
0	23	9199	466	40.74395411	-73.99144871	382	40.73492695	-73.99200509	1
0	23	12746	499	40.76915505	-73.98191841	483	40.73223272	-73.98889957	1
0	23	12163	428	40.72467721	-73.98783413	151	40.7218158	-73.99720307	1
0	23	23533	499	40.76915505	-73.98191841	537	40.74025878	-73.98409214	1
0	23	19454	507	40.73912601	-73.97973776	301	40.72217444	-73.98368779	1
0	23	25652	428	40.72467721	-73.98783413	402	40.7403432	-73.98955109	1
0	23	46165	212	40.74334935	-74.00681753	153	40.752062307	-73.9816324043	1
0	23	9991	470	40.74345335	-74.00004031	402	40.7403432	-73.98955109	1
0	23	34924	160	40.748238	-73.978311	441	40.756014	-73.967416	1
0	23	32696	468	40.7652654	-73.98192338	447	40.76370739	-73.9851615	1
0	23	18199	294	40.73049393	-73.9957214	358	40.73291553	-74.00711384	1
0	23	3591	271	40.68528172	-73.97805813	324	40.689888	-73.981013	1
0	23	58085	455	40.75001986	-73.96905301	497	40.73704984	-73.99009296	1
0	23	12291	459	40.746745	-74.007756	254	40.73532427	-73.99800419	1
0	23	49033	403	40.72502876	-73.99069656	152	40.71473993	-74.00910627	1
0	23	86	223	40.73781509	-73.99994661	251	40.72317958	-73.99480012	1
0	23	17730	438	40.72779126	-73.98564945	300	40.728145	-73.990214	1
0	23	32134	522	40.75714758	-73.97207836	167	40.7489006	-73.97604882	1
0	23	8082	483	40.73223272	-73.98889957	403	40.72502876	-73.99069656	1
0	23	33543	486	40.7462009	-73.98855723	2021	40.75929124	-73.98859651	1
0	23	3109	460	40.71285887	-73.96590294	532	40.710451	-73.960876	1
0	23	23522	366	40.693261	-73.968896	365	40.68223166	-73.9614583	1
0	23	27333	513	40.768254	-73.988639	465	40.75513557	-73.98658032	1
0	23	60828	330	40.71450451	-74.00562789	361	40.71605866	-73.99190759	1
0	23	11174	380	40.73401143	-74.00293877	470	40.74345335	-74.00004031	1
0	23	23190	488	40.75645824	-73.99372222	253	40.73543934	-73.99453948	1
0	23	30784	518	40.74780373	-73.9734419	410	40.72066442	-73.98517977	1
0	23	22336	151	40.7218158	-73.99720307	473	40.72110063	-73.9919254	1
0	23	888	237	40.73047309	-73.98672378	422	40.770513	-73.988038	1
0	23	66396	392	40.695065	-73.987167	314	40.69424674	-73.99215922	1
0	23	21676	417	40.71291224	-74.01020234	128	40.72710258	-74.00297088	1
0	23	48914	397	40.68415748	-73.96922273	397	40.68415748	-73.96922273	1
0	23	23743	518	40.74780373	-73.9734419	540	40.74147286	-73.98320928	1
0	23	29937	540	40.74147286	-73.98320928	489	40.75066386	-74.00176802	1
0	23	13605	305	40.76095756	-73.96724467	468	40.7652654	-73.98192338	1
0	23	45755	395	40.68807003	-73.98410637	420	40.68764484	-73.96968902	1
0	23	46318	433	40.72955361	-73.98057249	528	40.74290902	-73.97706058	1
0	23	12143	354	40.69363137	-73.96223558	384	40.68317813	-73.9659641	1
0	23	15870	161	40.72917025	-73.99810231	403	40.72502876	-73.99069656	1
0	23	21269	330	40.71450451	-74.00562789	2009	40.71117444	-73.99682619	1
0	23	10487	137	40.761628	-73.972924	318	40.75320159	-73.9779874	1
0	23	14686	532	40.710451	-73.960876	2002	40.716887	-73.963198	1
0	23	42351	382	40.73492695	-73.99200509	458	40.751396	-74.005226	1
0	23	40323	254	40.73532427	-73.99800419	453	40.74475148	-73.99915362	1
0	23	9922	446	40.74487634	-73.99529885	334	40.74238787	-73.99726235	1
0	23	10127	2002	40.716887	-73.963198	282	40.70827295	-73.96834101	1
0	23	9980	405	40.739323	-74.008119	380	40.73401143	-74.00293877	1
0	23	24076	456	40.7597108	-73.97402311	518	40.74780373	-73.9734419	1
0	23	19606	483	40.73223272	-73.98889957	251	40.72317958	-73.99480012	1
0	23	8919	317	40.72453734	-73.98185424	151	40.7218158	-73.99720307	1
0	23	12392	423	40.76584941	-73.98690506	479	40.76019252	-73.9912551	1
0	23	17367	507	40.73912601	-73.97973776	439	40.7262807	-73.98978041	1
0	23	8081	334	40.74238787	-73.99726235	462	40.74691959	-74.00451887	1
0	23	63404	369	40.73224119	-74.00026394	456	40.7597108	-73.97402311	1
0	23	23645	540	40.74147286	-73.98320928	303	40.72362738	-73.99949601	1
0	23	38827	336	40.73047747	-73.99906065	345	40.73649403	-73.99704374	1
0	23	22638	453	40.74475148	-73.99915362	423	40.76584941	-73.98690506	1
0	23	26702	82	40.71117416	-74.00016545	376	40.70862144	-74.00722156	1
0	23	27426	325	40.73624527	-73.98473765	439	40.7262807	-73.98978041	1
0	23	13511	151	40.7218158	-73.99720307	383	40.735238	-74.000271	1
0	23	49704	368	40.73038599	-74.00214988	512	40.7500727	-73.99839279	1
0	23	5471	521	40.75044999	-73.99481051	488	40.75645824	-73.99372222	1
0	23	44153	2010	40.72165481	-74.00234737	483	40.73223272	-73.98889957	1
0	23	12080	334	40.74238787	-73.99726235	402	40.7403432	-73.98955109	1
0	23	61219	481	40.71260486	-73.96264403	313	40.69610226	-73.96751037	1
0	23	23017	373	40.69331716	-73.95381995	416	40.68753406	-73.97265183	1
0	23	33097	325	40.73624527	-73.98473765	236	40.7284186	-73.98713956	1
0	23	2055	492	40.75019995	-73.99093085	518	40.74780373	-73.9734419	1
0	23	37686	301	40.72217444	-73.98368779	368	40.73038599	-74.00214988	1
0	23	35173	312	40.722055	-73.989111	345	40.73649403	-73.99704374	1
0	23	21413	482	40.73935542	-73.99931783	488	40.75645824	-73.99372222	1
0	23	49080	384	40.68317813	-73.9659641	270	40.69308257	-73.97178913	1
0	23	14485	388	40.749717753	-74.002950346	284	40.7390169121	-74.0026376103	1
0	23	29919	474	40.7451677	-73.98683077	474	40.7451677	-73.98683077	1
0	23	19279	475	40.73524276	-73.98758561	433	40.72955361	-73.98057249	1
0	23	20601	384	40.68317813	-73.9659641	366	40.693261	-73.968896	1
0	23	2435	447	40.76370739	-73.9851615	529	40.7575699	-73.99098507	1
0	23	2772	410	40.72066442	-73.98517977	303	40.72362738	-73.99949601	1
0	23	22428	265	40.72229346	-73.99147535	328	40.72405549	-74.00965965	1
0	23	13873	316	40.70955958	-74.00653609	2009	40.71117444	-73.99682619	1
0	23	21778	347	40.72873888	-74.00748842	453	40.74475148	-73.99915362	1
0	23	40579	385	40.75797322	-73.96603308	352	40.76340613	-73.97722479	1
0	23	4564	325	40.73624527	-73.98473765	459	40.746745	-74.007756	1
0	23	20013	454	40.75455731	-73.96592976	2017	40.75022392	-73.97121414	1
0	23	15890	439	40.7262807	-73.98978041	368	40.73038599	-74.00214988	1
0	23	4073	314	40.69424674	-73.99215922	2000	40.70255088	-73.98940236	1
0	23	35131	422	40.770513	-73.988038	483	40.73223272	-73.98889957	1
0	23	13309	387	40.71273266	-74.0046073	316	40.70955958	-74.00653609	1
0	23	2586	469	40.76344058	-73.98268129	469	40.76344058	-73.98268129	1
0	23	18268	474	40.7451677	-73.98683077	496	40.73726186	-73.99238967	1
0	23	23671	518	40.74780373	-73.9734419	401	40.72019576	-73.98997825	1
0	23	61481	72	40.76727216	-73.99392888	280	40.73331967	-73.99510132	1
0	23	66381	432	40.72621788	-73.98379855	120	40.68676793	-73.95928168	1
0	23	66382	279	40.69986937	-73.98271933	270	40.69308257	-73.97178913	1
0	23	52744	433	40.72955361	-73.98057249	356	40.71622644	-73.98261206	1
0	23	34654	389	40.71044554	-73.96525063	241	40.68981035	-73.97493121	1
0	23	27350	346	40.73652889	-74.00618026	336	40.73047747	-73.99906065	1
0	23	11270	326	40.72953837	-73.98426726	153	40.752062307	-73.9816324043	1
0	23	65279	505	40.74901271	-73.98848395	2008	40.70569254	-74.01677685	1
0	23	25974	475	40.73524276	-73.98758561	161	40.72917025	-73.99810231	1
0	23	1821	513	40.768254	-73.988639	318	40.75320159	-73.9779874	1
0	23	5294	412	40.7158155	-73.99422366	295	40.71406667	-73.99293911	2
0	23	6723	444	40.7423543	-73.98915076	537	40.74025878	-73.98409214	1
0	23	29039	160	40.748238	-73.978311	528	40.74290902	-73.97706058	1
0	23	24047	268	40.71910537	-73.99973337	263	40.71729	-73.996375	1
0	23	34745	365	40.68223166	-73.9614583	348	40.72490985	-74.00154702	1
0	23	15605	459	40.746745	-74.007756	380	40.73401143	-74.00293877	2
0	23	22221	495	40.76269882	-73.99301222	513	40.768254	-73.988639	1
0	23	2534	116	40.74177603	-74.00149746	290	40.76020258	-73.96478473	1
0	23	6285	72	40.76727216	-73.99392888	3002	40.711512	-74.015756	1
0	23	4622	470	40.74345335	-74.00004031	519	40.75188406	-73.97770164	1
0	23	21801	517	40.75149263	-73.97798848	2003	40.73416059	-73.98024289	1
0	23	9522	494	40.74734825	-73.99723551	447	40.76370739	-73.9851615	2
0	23	254	263	40.71729	-73.996375	294	40.73049393	-73.9957214	1
0	23	48867	483	40.73223272	-73.98889957	382	40.73492695	-73.99200509	1
0	23	25102	439	40.7262807	-73.98978041	375	40.72679454	-73.99695094	1
0	23	34803	83	40.68382604	-73.97632328	313	40.69610226	-73.96751037	1
0	23	28037	489	40.75066386	-74.00176802	498	40.74854862	-73.98808416	1
0	23	10087	375	40.72679454	-73.99695094	128	40.72710258	-74.00297088	1
0	23	40352	127	40.73172428	-74.00674436	2003	40.73416059	-73.98024289	1
0	23	4247	426	40.71754834	-74.01322069	404	40.7405826	-74.00550867	1
0	23	26058	509	40.7454973	-74.00197139	540	40.74147286	-73.98320928	1
0	23	54150	243	40.687979	-73.978474	446	40.74487634	-73.99529885	1
0	23	36204	300	40.728145	-73.990214	422	40.770513	-73.988038	1
0	23	19750	407	40.700469	-73.991454	314	40.69424674	-73.99215922	1
0	23	26874	445	40.72740794	-73.98142006	284	40.7390169121	-74.0026376103	1
0	23	23235	254	40.73532427	-73.99800419	490	40.751551	-73.993934	3
0	23	11693	358	40.73291553	-74.00711384	326	40.72953837	-73.98426726	1
0	23	20859	368	40.73038599	-74.00214988	505	40.74901271	-73.98848395	1
0	23	31467	293	40.73028666	-73.9907647	532	40.710451	-73.960876	1
0	23	13208	540	40.74147286	-73.98320928	404	40.7405826	-74.00550867	1
0	23	21303	488	40.75645824	-73.99372222	116	40.74177603	-74.00149746	1
0	23	32678	469	40.76344058	-73.98268129	223	40.73781509	-73.99994661	1
0	23	30952	168	40.73971301	-73.99456405	383	40.735238	-74.000271	1
0	23	42569	259	40.70122128	-74.01234218	285	40.73454567	-73.99074142	1
0	23	39481	428	40.72467721	-73.98783413	433	40.72955361	-73.98057249	1
0	23	30054	509	40.7454973	-74.00197139	251	40.72317958	-73.99480012	1
0	23	8776	311	40.7172274	-73.98802084	412	40.7158155	-73.99422366	1
0	23	22790	161	40.72917025	-73.99810231	237	40.73047309	-73.98672378	2
0	23	42241	254	40.73532427	-73.99800419	456	40.7597108	-73.97402311	1
0	23	6175	285	40.73454567	-73.99074142	355	40.71602118	-73.99974372	1
0	23	28501	490	40.751551	-73.993934	293	40.73028666	-73.9907647	1
0	23	42528	72	40.76727216	-73.99392888	469	40.76344058	-73.98268129	1
0	23	59557	480	40.76669671	-73.99061728	345	40.73649403	-73.99704374	1
0	23	64409	297	40.734232	-73.986923	311	40.7172274	-73.98802084	1
0	23	16362	336	40.73047747	-73.99906065	151	40.7218158	-73.99720307	1
0	23	66383	391	40.69760127	-73.99344559	397	40.68415748	-73.96922273	2
0	23	55748	167	40.7489006	-73.97604882	284	40.7390169121	-74.0026376103	1
0	23	874	482	40.73935542	-73.99931783	459	40.746745	-74.007756	1
0	23	3537	262	40.69178232	-73.97372989	324	40.689888	-73.981013	1
0	23	1841	128	40.72710258	-74.00297088	323	40.69236178	-73.98631746	1
0	23	20277	504	40.73221853	-73.98165557	311	40.7172274	-73.98802084	1
0	23	11848	380	40.73401143	-74.00293877	294	40.73049393	-73.9957214	1
0	23	66384	394	40.72521311	-73.97768752	488	40.75645824	-73.99372222	1
0	23	28081	323	40.69236178	-73.98631746	284	40.7390169121	-74.0026376103	1
0	23	18832	160	40.748238	-73.978311	228	40.7546011026	-73.971878855	1
0	23	29872	229	40.72743423	-73.99379025	2003	40.73416059	-73.98024289	1
0	23	4196	462	40.74691959	-74.00451887	504	40.73221853	-73.98165557	2
0	23	50758	462	40.74691959	-74.00451887	331	40.71173107	-73.99193043	1
0	23	34794	161	40.72917025	-73.99810231	340	40.71269042	-73.98776323	1
0	23	66385	470	40.74345335	-74.00004031	2012	40.739445	-73.976806	1
0	23	16736	229	40.72743423	-73.99379025	347	40.72873888	-74.00748842	1
0	23	7376	280	40.73331967	-73.99510132	251	40.72317958	-73.99480012	1
0	23	15511	450	40.76227205	-73.98788205	309	40.7149787	-74.013012	1
0	23	53972	532	40.710451	-73.960876	223	40.73781509	-73.99994661	1
0	23	21148	504	40.73221853	-73.98165557	361	40.71605866	-73.99190759	1
0	23	66386	300	40.728145	-73.990214	414	40.70281858	-73.98765762	1
0	23	28529	479	40.76019252	-73.9912551	326	40.72953837	-73.98426726	1
0	23	7117	537	40.74025878	-73.98409214	294	40.73049393	-73.9957214	1
0	23	13361	439	40.7262807	-73.98978041	439	40.7262807	-73.98978041	1
0	23	50798	375	40.72679454	-73.99695094	296	40.71413089	-73.9970468	1
0	23	23602	434	40.74317449	-74.00366443	514	40.76087502	-74.00277668	1
0	23	15757	271	40.68528172	-73.97805813	364	40.68900443	-73.96023854	1
0	23	27516	300	40.728145	-73.990214	284	40.7390169121	-74.0026376103	1
0	23	13754	540	40.74147286	-73.98320928	505	40.74901271	-73.98848395	1
0	23	369	488	40.75645824	-73.99372222	442	40.746647	-73.993915	1
0	23	10385	251	40.72317958	-73.99480012	336	40.73047747	-73.99906065	1
0	23	5701	492	40.75019995	-73.99093085	127	40.73172428	-74.00674436	1
0	23	14366	127	40.73172428	-74.00674436	72	40.76727216	-73.99392888	1
0	23	4368	537	40.74025878	-73.98409214	466	40.74395411	-73.99144871	1
0	23	24440	526	40.74765947	-73.98490707	402	40.7403432	-73.98955109	1
0	23	52162	513	40.768254	-73.988639	442	40.746647	-73.993915	1
0	23	12294	2010	40.72165481	-74.00234737	146	40.71625008	-74.0091059	1
0	23	22486	284	40.7390169121	-74.0026376103	83	40.68382604	-73.97632328	1
0	23	33386	513	40.768254	-73.988639	509	40.7454973	-74.00197139	1
0	23	481	284	40.7390169121	-74.0026376103	127	40.73172428	-74.00674436	1
0	23	23729	281	40.7643971	-73.97371465	500	40.76228826	-73.98336183	1
0	23	39944	441	40.756014	-73.967416	450	40.76227205	-73.98788205	1
0	23	66387	399	40.68851534	-73.9647628	289	40.6845683	-73.95881081	1
0	23	39201	467	40.68312489	-73.97895137	395	40.68807003	-73.98410637	1
0	23	34498	151	40.7218158	-73.99720307	307	40.71427487	-73.98990025	1
0	23	4230	167	40.7489006	-73.97604882	540	40.74147286	-73.98320928	1
0	23	33002	383	40.735238	-74.000271	453	40.74475148	-73.99915362	1
0	23	55875	469	40.76344058	-73.98268129	355	40.71602118	-73.99974372	1
0	23	16500	324	40.689888	-73.981013	270	40.69308257	-73.97178913	1
0	23	33533	307	40.71427487	-73.98990025	128	40.72710258	-74.00297088	1
0	23	811	447	40.76370739	-73.9851615	367	40.75828065	-73.97069431	1
0	23	28982	450	40.76227205	-73.98788205	317	40.72453734	-73.98185424	1
0	23	3394	382	40.73492695	-73.99200509	128	40.72710258	-74.00297088	1
0	23	21804	265	40.72229346	-73.99147535	532	40.710451	-73.960876	1
0	23	18835	488	40.75645824	-73.99372222	489	40.75066386	-74.00176802	1
0	23	61685	453	40.74475148	-73.99915362	415	40.7047177	-74.00926027	1
0	23	4112	401	40.72019576	-73.98997825	385	40.75797322	-73.96603308	1
0	23	7661	494	40.74734825	-73.99723551	294	40.73049393	-73.9957214	1
0	23	18550	323	40.69236178	-73.98631746	330	40.71450451	-74.00562789	2
0	23	20669	531	40.71893904	-73.99266288	473	40.72110063	-73.9919254	2
0	23	66388	495	40.76269882	-73.99301222	395	40.68807003	-73.98410637	1
0	23	7205	528	40.74290902	-73.97706058	507	40.73912601	-73.97973776	2
0	23	13623	405	40.739323	-74.008119	444	40.7423543	-73.98915076	1
0	23	2913	323	40.69236178	-73.98631746	328	40.72405549	-74.00965965	1
0	23	23445	423	40.76584941	-73.98690506	480	40.76669671	-73.99061728	1
0	23	30168	72	40.76727216	-73.99392888	508	40.76341379	-73.99667444	2
0	23	66389	528	40.74290902	-73.97706058	377	40.72243797	-74.00566443	1
0	23	35443	223	40.73781509	-73.99994661	488	40.75645824	-73.99372222	1
0	23	23283	453	40.74475148	-73.99915362	325	40.73624527	-73.98473765	1
0	23	7233	253	40.73543934	-73.99453948	294	40.73049393	-73.9957214	1
0	23	6716	284	40.7390169121	-74.0026376103	447	40.76370739	-73.9851615	1
0	23	13019	528	40.74290902	-73.97706058	433	40.72955361	-73.98057249	1
0	23	7449	320	40.71743998	-74.00583475	376	40.70862144	-74.00722156	1
0	23	22823	489	40.75066386	-74.00176802	525	40.75594159	-74.0021163	1
0	23	30753	402	40.7403432	-73.98955109	475	40.73524276	-73.98758561	1
0	23	66144	380	40.73401143	-74.00293877	389	40.71044554	-73.96525063	1
0	23	40085	410	40.72066442	-73.98517977	471	40.71286844	-73.95698119	1
0	23	33414	459	40.746745	-74.007756	297	40.734232	-73.986923	1
0	23	66390	238	40.7361967	-74.00859207	2003	40.73416059	-73.98024289	1
0	23	34005	457	40.76695317	-73.98169333	428	40.72467721	-73.98783413	1
0	23	14690	336	40.73047747	-73.99906065	483	40.73223272	-73.98889957	2
0	23	16844	509	40.7454973	-74.00197139	504	40.73221853	-73.98165557	1
0	23	66391	513	40.768254	-73.988639	266	40.72368361	-73.97574813	1
0	23	61555	346	40.73652889	-74.00618026	248	40.72185379	-74.00771779	1
0	23	13057	494	40.74734825	-73.99723551	512	40.7500727	-73.99839279	1
0	23	65788	403	40.72502876	-73.99069656	471	40.71286844	-73.95698119	1
0	23	56337	499	40.76915505	-73.98191841	516	40.75206862	-73.96784384	1
0	23	55150	433	40.72955361	-73.98057249	462	40.74691959	-74.00451887	1
0	23	22992	404	40.7405826	-74.00550867	128	40.72710258	-74.00297088	1
0	23	33520	518	40.74780373	-73.9734419	432	40.72621788	-73.98379855	1
0	23	5443	128	40.72710258	-74.00297088	304	40.70463334	-74.01361706	1
0	23	36397	401	40.72019576	-73.98997825	195	40.70905623	-74.01043382	1
0	23	16832	528	40.74290902	-73.97706058	403	40.72502876	-73.99069656	1
0	23	34143	528	40.74290902	-73.97706058	536	40.74144387	-73.97536082	1
0	23	66075	305	40.76095756	-73.96724467	128	40.72710258	-74.00297088	1
0	23	234	312	40.722055	-73.989111	2003	40.73416059	-73.98024289	1
0	23	23620	224	40.71146364	-74.00552427	417	40.71291224	-74.01020234	1
0	23	48702	445	40.72740794	-73.98142006	195	40.70905623	-74.01043382	2
0	23	9786	360	40.70717936	-74.00887308	151	40.7218158	-73.99720307	1
0	23	8316	306	40.70823502	-74.00530063	439	40.7262807	-73.98978041	1
0	23	46763	404	40.7405826	-74.00550867	447	40.76370739	-73.9851615	2
0	23	5842	514	40.76087502	-74.00277668	514	40.76087502	-74.00277668	1
0	23	12215	450	40.76227205	-73.98788205	490	40.751551	-73.993934	2
0	23	15203	294	40.73049393	-73.9957214	252	40.73226398	-73.99852205	1
0	23	12573	528	40.74290902	-73.97706058	504	40.73221853	-73.98165557	2
0	23	4881	466	40.74395411	-73.99144871	458	40.751396	-74.005226	1
0	23	18865	223	40.73781509	-73.99994661	475	40.73524276	-73.98758561	1
0	23	19140	475	40.73524276	-73.98758561	334	40.74238787	-73.99726235	1
0	23	23689	450	40.76227205	-73.98788205	423	40.76584941	-73.98690506	1
0	23	725	318	40.75320159	-73.9779874	468	40.7652654	-73.98192338	1
0	23	34697	380	40.73401143	-74.00293877	477	40.75640548	-73.9900262	1
0	23	40535	331	40.71173107	-73.99193043	363	40.70834698	-74.01713445	2
0	23	28279	529	40.7575699	-73.99098507	2012	40.739445	-73.976806	1
0	23	4726	401	40.72019576	-73.98997825	308	40.71307916	-73.99851193	1
0	23	35077	458	40.751396	-74.005226	507	40.73912601	-73.97973776	1
0	23	46060	218	40.69028437	-73.98707105	270	40.69308257	-73.97178913	1
0	23	15681	465	40.75513557	-73.98658032	496	40.73726186	-73.99238967	1
0	23	34369	498	40.74854862	-73.98808416	401	40.72019576	-73.98997825	1
0	23	23609	2002	40.716887	-73.963198	436	40.68216564	-73.95399026	2
0	23	13849	458	40.751396	-74.005226	426	40.71754834	-74.01322069	1
0	23	56287	462	40.74691959	-74.00451887	412	40.7158155	-73.99422366	1
0	23	32801	508	40.76341379	-73.99667444	462	40.74691959	-74.00451887	2
0	23	4193	514	40.76087502	-74.00277668	127	40.73172428	-74.00674436	1
0	23	7245	459	40.746745	-74.007756	469	40.76344058	-73.98268129	1
0	23	27009	489	40.75066386	-74.00176802	529	40.7575699	-73.99098507	1
0	23	5601	449	40.76461837	-73.98789473	479	40.76019252	-73.9912551	1
0	23	8459	361	40.71605866	-73.99190759	263	40.71729	-73.996375	2
0	23	60977	403	40.72502876	-73.99069656	485	40.75038009	-73.98338988	1
0	23	19282	426	40.71754834	-74.01322069	82	40.71117416	-74.00016545	2
0	23	20186	439	40.7262807	-73.98978041	382	40.73492695	-73.99200509	1
0	23	10109	519	40.75188406	-73.97770164	464	40.75934501	-73.96759673	1
0	23	30556	146	40.71625008	-74.0091059	308	40.71307916	-73.99851193	1
0	23	39214	295	40.71406667	-73.99293911	150	40.7208736	-73.98085795	1
0	23	29320	79	40.71911552	-74.00666661	265	40.72229346	-73.99147535	1
0	23	5668	422	40.770513	-73.988038	462	40.74691959	-74.00451887	1
0	23	3042	357	40.73261787	-73.99158043	357	40.73261787	-73.99158043	1
0	23	23784	265	40.72229346	-73.99147535	271	40.68528172	-73.97805813	2
0	23	19980	528	40.74290902	-73.97706058	2003	40.73416059	-73.98024289	2
0	23	11169	483	40.73223272	-73.98889957	433	40.72955361	-73.98057249	1
0	23	41547	271	40.68528172	-73.97805813	353	40.68539567	-73.97431458	1
0	23	3510	127	40.73172428	-74.00674436	116	40.74177603	-74.00149746	1
0	23	7788	116	40.74177603	-74.00149746	488	40.75645824	-73.99372222	1
0	23	1927	504	40.73221853	-73.98165557	518	40.74780373	-73.9734419	1
0	23	10647	229	40.72743423	-73.99379025	326	40.72953837	-73.98426726	1
0	23	17388	518	40.74780373	-73.9734419	504	40.73221853	-73.98165557	1
0	23	34916	499	40.76915505	-73.98191841	492	40.75019995	-73.99093085	1
0	23	30046	265	40.72229346	-73.99147535	387	40.71273266	-74.0046073	1
0	23	49968	531	40.71893904	-73.99266288	224	40.71146364	-74.00552427	1
0	23	38118	254	40.73532427	-73.99800419	368	40.73038599	-74.00214988	1
0	23	8403	441	40.756014	-73.967416	479	40.76019252	-73.9912551	1
0	23	24934	265	40.72229346	-73.99147535	150	40.7208736	-73.98085795	1
0	23	40506	294	40.73049393	-73.9957214	457	40.76695317	-73.98169333	1
0	23	32519	383	40.735238	-74.000271	517	40.75149263	-73.97798848	2
0	23	20189	432	40.72621788	-73.98379855	295	40.71406667	-73.99293911	1
0	23	20267	368	40.73038599	-74.00214988	394	40.72521311	-73.97768752	1
0	23	14907	355	40.71602118	-73.99974372	265	40.72229346	-73.99147535	1
0	23	40648	475	40.73524276	-73.98758561	488	40.75645824	-73.99372222	1
0	23	25306	2009	40.71117444	-73.99682619	316	40.70955958	-74.00653609	1
0	23	55745	268	40.71910537	-73.99973337	537	40.74025878	-73.98409214	1
0	23	11391	401	40.72019576	-73.98997825	237	40.73047309	-73.98672378	1
0	23	21437	326	40.72953837	-73.98426726	529	40.7575699	-73.99098507	1
0	23	3379	401	40.72019576	-73.98997825	375	40.72679454	-73.99695094	1
0	23	33678	459	40.746745	-74.007756	266	40.72368361	-73.97574813	1
0	23	17549	499	40.76915505	-73.98191841	290	40.76020258	-73.96478473	1
0	23	1097	477	40.75640548	-73.9900262	536	40.74144387	-73.97536082	1
0	23	53347	432	40.72621788	-73.98379855	160	40.748238	-73.978311	1
0	23	37986	404	40.7405826	-74.00550867	480	40.76669671	-73.99061728	1
0	23	37843	403	40.72502876	-73.99069656	540	40.74147286	-73.98320928	1
0	23	60213	416	40.68753406	-73.97265183	282	40.70827295	-73.96834101	1
0	23	54378	336	40.73047747	-73.99906065	164	40.75323098	-73.97032517	1
0	23	6320	546	40.74444921	-73.98303529	388	40.749717753	-74.002950346	1
0	23	28062	280	40.73331967	-73.99510132	161	40.72917025	-73.99810231	1
0	23	21838	483	40.73223272	-73.98889957	341	40.71782143	-73.97628939	1
0	23	25498	311	40.7172274	-73.98802084	504	40.73221853	-73.98165557	1
0	23	1165	504	40.73221853	-73.98165557	507	40.73912601	-73.97973776	2
0	23	8279	345	40.73649403	-73.99704374	483	40.73223272	-73.98889957	1
0	23	29641	336	40.73047747	-73.99906065	280	40.73331967	-73.99510132	1
0	23	55006	376	40.70862144	-74.00722156	348	40.72490985	-74.00154702	2
0	23	13719	488	40.75645824	-73.99372222	509	40.7454973	-74.00197139	1
0	23	29658	404	40.7405826	-74.00550867	470	40.74345335	-74.00004031	1
0	23	6849	508	40.76341379	-73.99667444	450	40.76227205	-73.98788205	1
0	23	44954	386	40.71494807	-74.00234482	514	40.76087502	-74.00277668	1
0	23	16044	3002	40.711512	-74.015756	521	40.75044999	-73.99481051	1
0	23	23119	401	40.72019576	-73.98997825	369	40.73224119	-74.00026394	1
0	23	15128	326	40.72953837	-73.98426726	346	40.73652889	-74.00618026	1
0	23	19551	499	40.76915505	-73.98191841	236	40.7284186	-73.98713956	1
0	23	33029	223	40.73781509	-73.99994661	439	40.7262807	-73.98978041	1
0	23	621	499	40.76915505	-73.98191841	305	40.76095756	-73.96724467	1
0	23	31969	405	40.739323	-74.008119	483	40.73223272	-73.98889957	1
0	23	4214	439	40.7262807	-73.98978041	459	40.746745	-74.007756	1
0	23	24772	254	40.73532427	-73.99800419	474	40.7451677	-73.98683077	1
0	23	20209	489	40.75066386	-74.00176802	512	40.7500727	-73.99839279	1
0	23	20775	325	40.73624527	-73.98473765	263	40.71729	-73.996375	1
0	23	66247	150	40.7208736	-73.98085795	331	40.71173107	-73.99193043	2
0	23	14	499	40.76915505	-73.98191841	352	40.76340613	-73.97722479	1
0	23	69	529	40.7575699	-73.99098507	478	40.76030096	-73.99884222	1
0	23	66392	228	40.7546011026	-73.971878855	434	40.74317449	-74.00366443	1
0	23	40873	478	40.76030096	-73.99884222	479	40.76019252	-73.9912551	1
0	23	27706	412	40.7158155	-73.99422366	329	40.72043411	-74.01020609	1
0	23	17297	447	40.76370739	-73.9851615	495	40.76269882	-73.99301222	1
0	23	7561	519	40.75188406	-73.97770164	528	40.74290902	-73.97706058	1
0	23	957	116	40.74177603	-74.00149746	212	40.74334935	-74.00681753	2
0	23	25449	505	40.74901271	-73.98848395	528	40.74290902	-73.97706058	1
0	23	19994	382	40.73492695	-73.99200509	440	40.75255434	-73.97282625	1
0	23	15945	368	40.73038599	-74.00214988	116	40.74177603	-74.00149746	1
0	23	24163	369	40.73224119	-74.00026394	428	40.72467721	-73.98783413	1
0	23	49921	383	40.735238	-74.000271	334	40.74238787	-73.99726235	1
0	23	2963	450	40.76227205	-73.98788205	404	40.7405826	-74.00550867	1
0	23	13211	2003	40.73416059	-73.98024289	380	40.73401143	-74.00293877	1
0	23	14554	373	40.69331716	-73.95381995	437	40.6809833854	-73.9500479759	1
0	23	13587	488	40.75645824	-73.99372222	512	40.7500727	-73.99839279	1
0	23	1496	508	40.76341379	-73.99667444	426	40.71754834	-74.01322069	1
0	23	23227	479	40.76019252	-73.9912551	529	40.7575699	-73.99098507	1
0	23	23425	212	40.74334935	-74.00681753	490	40.751551	-73.993934	1
0	23	17395	410	40.72066442	-73.98517977	341	40.71782143	-73.97628939	1
0	23	12420	504	40.73221853	-73.98165557	504	40.73221853	-73.98165557	1
0	23	20414	521	40.75044999	-73.99481051	306	40.70823502	-74.00530063	1
0	23	23101	284	40.7390169121	-74.0026376103	453	40.74475148	-73.99915362	1
0	23	11209	499	40.76915505	-73.98191841	468	40.7652654	-73.98192338	1
0	23	12485	540	40.74147286	-73.98320928	167	40.7489006	-73.97604882	1
0	23	22931	293	40.73028666	-73.9907647	311	40.7172274	-73.98802084	1
0	23	7828	293	40.73028666	-73.9907647	380	40.73401143	-74.00293877	1
0	23	21184	495	40.76269882	-73.99301222	529	40.7575699	-73.99098507	1
0	23	6532	293	40.73028666	-73.9907647	483	40.73223272	-73.98889957	1
0	23	40976	505	40.74901271	-73.98848395	225	40.74195138	-74.00803013	2
0	23	15235	2002	40.716887	-73.963198	414	40.70281858	-73.98765762	1
0	23	66393	483	40.73223272	-73.98889957	245	40.69327018	-73.97703874	1
0	23	21253	251	40.72317958	-73.99480012	127	40.73172428	-74.00674436	1
0	23	41519	2010	40.72165481	-74.00234737	447	40.76370739	-73.9851615	1
0	23	6963	2004	40.724399	-74.004704	382	40.73492695	-73.99200509	1
0	23	48682	229	40.72743423	-73.99379025	153	40.752062307	-73.9816324043	1
0	23	22709	483	40.73223272	-73.98889957	223	40.73781509	-73.99994661	1
0	23	17831	368	40.73038599	-74.00214988	388	40.749717753	-74.002950346	1
0	23	11392	546	40.74444921	-73.98303529	412	40.7158155	-73.99422366	1
0	23	34024	531	40.71893904	-73.99266288	282	40.70827295	-73.96834101	1
0	23	11325	128	40.72710258	-74.00297088	2010	40.72165481	-74.00234737	1
0	23	39543	324	40.689888	-73.981013	397	40.68415748	-73.96922273	1
0	23	27389	505	40.74901271	-73.98848395	472	40.7457121	-73.98194829	1
0	23	24613	439	40.7262807	-73.98978041	472	40.7457121	-73.98194829	1
0	23	21342	470	40.74345335	-74.00004031	494	40.74734825	-73.99723551	1
0	23	3544	462	40.74691959	-74.00451887	462	40.74691959	-74.00451887	1
0	23	21584	325	40.73624527	-73.98473765	401	40.72019576	-73.98997825	1
0	23	13816	434	40.74317449	-74.00366443	490	40.751551	-73.993934	1
0	23	57947	434	40.74317449	-74.00366443	456	40.7597108	-73.97402311	1
0	23	12274	324	40.689888	-73.981013	416	40.68753406	-73.97265183	1
0	23	23957	475	40.73524276	-73.98758561	439	40.7262807	-73.98978041	1
0	23	20187	462	40.74691959	-74.00451887	293	40.73028666	-73.9907647	2
0	23	27871	345	40.73649403	-73.99704374	486	40.7462009	-73.98855723	1
0	23	9993	499	40.76915505	-73.98191841	490	40.751551	-73.993934	1
0	23	27129	453	40.74475148	-73.99915362	439	40.7262807	-73.98978041	1
0	23	44385	223	40.73781509	-73.99994661	499	40.76915505	-73.98191841	1
0	23	4480	380	40.73401143	-74.00293877	380	40.73401143	-74.00293877	1
0	23	38101	482	40.73935542	-73.99931783	383	40.735238	-74.000271	1
0	23	34631	224	40.71146364	-74.00552427	161	40.72917025	-73.99810231	1
0	23	33193	326	40.72953837	-73.98426726	361	40.71605866	-73.99190759	1
0	23	33142	464	40.75934501	-73.96759673	290	40.76020258	-73.96478473	1
0	23	15790	428	40.72467721	-73.98783413	528	40.74290902	-73.97706058	1
0	23	43661	469	40.76344058	-73.98268129	388	40.749717753	-74.002950346	1
0	23	43604	303	40.72362738	-73.99949601	311	40.7172274	-73.98802084	1
0	23	66394	380	40.73401143	-74.00293877	460	40.71285887	-73.96590294	1
0	23	1030	380	40.73401143	-74.00293877	284	40.7390169121	-74.0026376103	1
0	23	10737	472	40.7457121	-73.98194829	276	40.71748752	-74.0104554	1
0	23	4797	459	40.746745	-74.007756	453	40.74475148	-73.99915362	1
0	23	62007	480	40.76669671	-73.99061728	195	40.70905623	-74.01043382	2
0	23	14819	494	40.74734825	-73.99723551	453	40.74475148	-73.99915362	1
0	23	6758	263	40.71729	-73.996375	361	40.71605866	-73.99190759	1
0	23	7815	490	40.751551	-73.993934	453	40.74475148	-73.99915362	1
0	23	42234	297	40.734232	-73.986923	290	40.76020258	-73.96478473	1
0	23	48086	420	40.68764484	-73.96968902	262	40.69178232	-73.97372989	1
0	23	13258	146	40.71625008	-74.0091059	329	40.72043411	-74.01020609	1
0	23	4603	2002	40.716887	-73.963198	460	40.71285887	-73.96590294	2
0	23	37796	375	40.72679454	-73.99695094	546	40.74444921	-73.98303529	1
0	23	19628	442	40.746647	-73.993915	428	40.72467721	-73.98783413	1
0	23	15053	294	40.73049393	-73.9957214	369	40.73224119	-74.00026394	1
0	23	64726	128	40.72710258	-74.00297088	536	40.74144387	-73.97536082	1
0	23	22373	223	40.73781509	-73.99994661	128	40.72710258	-74.00297088	1
0	23	14686	532	40.710451	-73.960876	2002	40.716887	-73.963198	2
0	23	3511	382	40.73492695	-73.99200509	459	40.746745	-74.007756	1
0	23	9087	2012	40.739445	-73.976806	290	40.76020258	-73.96478473	1
0	23	23302	446	40.74487634	-73.99529885	525	40.75594159	-74.0021163	1
0	23	28861	128	40.72710258	-74.00297088	458	40.751396	-74.005226	1
0	23	23955	369	40.73224119	-74.00026394	438	40.72779126	-73.98564945	1
0	23	1084	496	40.73726186	-73.99238967	422	40.770513	-73.988038	1
0	23	20404	456	40.7597108	-73.97402311	507	40.73912601	-73.97973776	1
0	23	52569	513	40.768254	-73.988639	380	40.73401143	-74.00293877	1
0	23	13911	237	40.73047309	-73.98672378	401	40.72019576	-73.98997825	2
0	23	23297	479	40.76019252	-73.9912551	462	40.74691959	-74.00451887	1
0	23	8336	161	40.72917025	-73.99810231	329	40.72043411	-74.01020609	1
0	23	18810	271	40.68528172	-73.97805813	244	40.69196035	-73.96536851	2
0	23	10106	2010	40.72165481	-74.00234737	531	40.71893904	-73.99266288	1
0	23	34547	252	40.73226398	-73.99852205	540	40.74147286	-73.98320928	1
0	23	49733	357	40.73261787	-73.99158043	363	40.70834698	-74.01713445	1
0	23	66395	517	40.75149263	-73.97798848	356	40.71622644	-73.98261206	1
0	23	102	300	40.728145	-73.990214	369	40.73224119	-74.00026394	1
0	23	46985	2003	40.73416059	-73.98024289	447	40.76370739	-73.9851615	1
0	23	30829	328	40.72405549	-74.00965965	430	40.7014851	-73.98656928	1
0	23	25723	297	40.734232	-73.986923	160	40.748238	-73.978311	1
0	23	15109	507	40.73912601	-73.97973776	507	40.73912601	-73.97973776	1
0	23	13947	499	40.76915505	-73.98191841	385	40.75797322	-73.96603308	1
0	23	176	294	40.73049393	-73.9957214	459	40.746745	-74.007756	1
0	23	36771	358	40.73291553	-74.00711384	79	40.71911552	-74.00666661	2
0	23	11314	116	40.74177603	-74.00149746	462	40.74691959	-74.00451887	1
0	23	32637	462	40.74691959	-74.00451887	160	40.748238	-73.978311	1
0	23	17693	376	40.70862144	-74.00722156	401	40.72019576	-73.98997825	1
0	23	12057	415	40.7047177	-74.00926027	260	40.70365182	-74.01167797	1
0	23	34354	467	40.68312489	-73.97895137	436	40.68216564	-73.95399026	1
0	23	18783	517	40.75149263	-73.97798848	325	40.73624527	-73.98473765	1
0	23	12351	428	40.72467721	-73.98783413	504	40.73221853	-73.98165557	1
0	23	40899	433	40.72955361	-73.98057249	312	40.722055	-73.989111	1
0	23	31449	83	40.68382604	-73.97632328	244	40.69196035	-73.96536851	1
0	23	31779	280	40.73331967	-73.99510132	377	40.72243797	-74.00566443	1
0	23	11953	195	40.70905623	-74.01043382	415	40.7047177	-74.00926027	1
0	23	25313	422	40.770513	-73.988038	2012	40.739445	-73.976806	1
0	23	16117	249	40.71870987	-74.0090009	147	40.71542197	-74.01121978	1
0	23	9199	466	40.74395411	-73.99144871	382	40.73492695	-73.99200509	1
0	23	12746	499	40.76915505	-73.98191841	483	40.73223272	-73.98889957	1
0	23	12163	428	40.72467721	-73.98783413	151	40.7218158	-73.99720307	1
0	23	23533	499	40.76915505	-73.98191841	537	40.74025878	-73.98409214	1
0	23	19454	507	40.73912601	-73.97973776	301	40.72217444	-73.98368779	1
0	23	25652	428	40.72467721	-73.98783413	402	40.7403432	-73.98955109	1
0	23	46165	212	40.74334935	-74.00681753	153	40.752062307	-73.9816324043	1
0	23	9991	470	40.74345335	-74.00004031	402	40.7403432	-73.98955109	1
0	23	34924	160	40.748238	-73.978311	441	40.756014	-73.967416	1
0	23	12125	312	40.722055	-73.989111	518	40.74780373	-73.9734419	1
0	23	32696	468	40.7652654	-73.98192338	447	40.76370739	-73.9851615	1
0	23	18199	294	40.73049393	-73.9957214	358	40.73291553	-74.00711384	1
0	23	3591	271	40.68528172	-73.97805813	324	40.689888	-73.981013	1
0	23	58085	455	40.75001986	-73.96905301	497	40.73704984	-73.99009296	1
0	23	12291	459	40.746745	-74.007756	254	40.73532427	-73.99800419	1
0	23	49033	403	40.72502876	-73.99069656	152	40.71473993	-74.00910627	1
0	23	86	223	40.73781509	-73.99994661	251	40.72317958	-73.99480012	1
0	23	17730	438	40.72779126	-73.98564945	300	40.728145	-73.990214	1
0	23	32134	522	40.75714758	-73.97207836	167	40.7489006	-73.97604882	1
0	23	8082	483	40.73223272	-73.98889957	403	40.72502876	-73.99069656	1
0	23	33543	486	40.7462009	-73.98855723	2021	40.75929124	-73.98859651	1
0	23	3109	460	40.71285887	-73.96590294	532	40.710451	-73.960876	1
0	23	23522	366	40.693261	-73.968896	365	40.68223166	-73.9614583	1
0	23	27333	513	40.768254	-73.988639	465	40.75513557	-73.98658032	1
0	23	60828	330	40.71450451	-74.00562789	361	40.71605866	-73.99190759	1
0	23	11174	380	40.73401143	-74.00293877	470	40.74345335	-74.00004031	1
0	23	23190	488	40.75645824	-73.99372222	253	40.73543934	-73.99453948	1
0	23	30784	518	40.74780373	-73.9734419	410	40.72066442	-73.98517977	1
0	23	22336	151	40.7218158	-73.99720307	473	40.72110063	-73.9919254	1
0	23	888	237	40.73047309	-73.98672378	422	40.770513	-73.988038	1
0	23	66396	392	40.695065	-73.987167	314	40.69424674	-73.99215922	1
0	23	21676	417	40.71291224	-74.01020234	128	40.72710258	-74.00297088	1
0	23	48914	397	40.68415748	-73.96922273	397	40.68415748	-73.96922273	1
0	23	23743	518	40.74780373	-73.9734419	540	40.74147286	-73.98320928	1
0	23	29937	540	40.74147286	-73.98320928	489	40.75066386	-74.00176802	1
0	23	13605	305	40.76095756	-73.96724467	468	40.7652654	-73.98192338	1
0	23	45755	395	40.68807003	-73.98410637	420	40.68764484	-73.96968902	1
0	23	62287	260	40.70365182	-74.01167797	512	40.7500727	-73.99839279	1
0	23	11816	382	40.73492695	-73.99200509	403	40.72502876	-73.99069656	1
0	23	29082	458	40.751396	-74.005226	478	40.76030096	-73.99884222	1
0	23	46318	433	40.72955361	-73.98057249	528	40.74290902	-73.97706058	1
0	23	12143	354	40.69363137	-73.96223558	384	40.68317813	-73.9659641	1
0	23	15870	161	40.72917025	-73.99810231	403	40.72502876	-73.99069656	1
0	23	14611	237	40.73047309	-73.98672378	312	40.722055	-73.989111	1
0	23	21269	330	40.71450451	-74.00562789	2009	40.71117444	-73.99682619	1
0	23	15137	337	40.7037992	-74.00838676	311	40.7172274	-73.98802084	1
0	23	10487	137	40.761628	-73.972924	318	40.75320159	-73.9779874	1
0	23	42351	382	40.73492695	-73.99200509	458	40.751396	-74.005226	1
0	23	33123	237	40.73047309	-73.98672378	300	40.728145	-73.990214	1
0	23	40323	254	40.73532427	-73.99800419	453	40.74475148	-73.99915362	1
0	23	9922	446	40.74487634	-73.99529885	334	40.74238787	-73.99726235	1
0	23	46784	433	40.72955361	-73.98057249	282	40.70827295	-73.96834101	1
0	23	49974	532	40.710451	-73.960876	284	40.7390169121	-74.0026376103	1
0	23	10127	2002	40.716887	-73.963198	282	40.70827295	-73.96834101	1
0	23	9980	405	40.739323	-74.008119	380	40.73401143	-74.00293877	1
0	23	24076	456	40.7597108	-73.97402311	518	40.74780373	-73.9734419	1
0	23	19606	483	40.73223272	-73.98889957	251	40.72317958	-73.99480012	1
0	23	8919	317	40.72453734	-73.98185424	151	40.7218158	-73.99720307	1
0	23	12392	423	40.76584941	-73.98690506	479	40.76019252	-73.9912551	1
0	23	17367	507	40.73912601	-73.97973776	439	40.7262807	-73.98978041	1
0	23	66397	401	40.72019576	-73.98997825	266	40.72368361	-73.97574813	1
0	23	8081	334	40.74238787	-73.99726235	462	40.74691959	-74.00451887	1
0	23	45879	380	40.73401143	-74.00293877	532	40.710451	-73.960876	2
0	23	63404	369	40.73224119	-74.00026394	456	40.7597108	-73.97402311	1
0	23	23645	540	40.74147286	-73.98320928	303	40.72362738	-73.99949601	1
0	23	38827	336	40.73047747	-73.99906065	345	40.73649403	-73.99704374	1
0	23	28694	384	40.68317813	-73.9659641	275	40.68650065	-73.96563307	2
0	23	66398	384	40.68317813	-73.9659641	433	40.72955361	-73.98057249	1
0	23	22638	453	40.74475148	-73.99915362	423	40.76584941	-73.98690506	1
0	23	26702	82	40.71117416	-74.00016545	376	40.70862144	-74.00722156	1
0	23	66399	440	40.75255434	-73.97282625	475	40.73524276	-73.98758561	1
0	23	27426	325	40.73624527	-73.98473765	439	40.7262807	-73.98978041	1
0	23	19676	369	40.73224119	-74.00026394	519	40.75188406	-73.97770164	1
0	23	52084	412	40.7158155	-73.99422366	354	40.69363137	-73.96223558	1
0	23	13511	151	40.7218158	-73.99720307	383	40.735238	-74.000271	1
0	23	49704	368	40.73038599	-74.00214988	512	40.7500727	-73.99839279	1
0	23	5471	521	40.75044999	-73.99481051	488	40.75645824	-73.99372222	1
0	23	44153	2010	40.72165481	-74.00234737	483	40.73223272	-73.98889957	1
0	23	66400	494	40.74734825	-73.99723551	384	40.68317813	-73.9659641	1
0	23	12080	334	40.74238787	-73.99726235	402	40.7403432	-73.98955109	1
0	23	61219	481	40.71260486	-73.96264403	313	40.69610226	-73.96751037	1
0	23	23017	373	40.69331716	-73.95381995	416	40.68753406	-73.97265183	1
0	23	33097	325	40.73624527	-73.98473765	236	40.7284186	-73.98713956	1
0	23	2055	492	40.75019995	-73.99093085	518	40.74780373	-73.9734419	1
0	23	50268	404	40.7405826	-74.00550867	415	40.7047177	-74.00926027	1
0	23	37686	301	40.72217444	-73.98368779	368	40.73038599	-74.00214988	1
0	23	66401	328	40.72405549	-74.00965965	532	40.710451	-73.960876	1
0	23	35173	312	40.722055	-73.989111	345	40.73649403	-73.99704374	1
0	23	10030	368	40.73038599	-74.00214988	319	40.71336124	-74.00937622	1
0	23	4245	284	40.7390169121	-74.0026376103	306	40.70823502	-74.00530063	1
0	23	21413	482	40.73935542	-73.99931783	488	40.75645824	-73.99372222	1
0	23	49080	384	40.68317813	-73.9659641	270	40.69308257	-73.97178913	1
0	23	14485	388	40.749717753	-74.002950346	284	40.7390169121	-74.0026376103	1
0	23	2678	229	40.72743423	-73.99379025	317	40.72453734	-73.98185424	1
0	23	33940	454	40.75455731	-73.96592976	2003	40.73416059	-73.98024289	2
0	23	19683	490	40.751551	-73.993934	376	40.70862144	-74.00722156	1
0	23	29919	474	40.7451677	-73.98683077	474	40.7451677	-73.98683077	1
0	23	8	490	40.751551	-73.993934	438	40.72779126	-73.98564945	1
0	23	19279	475	40.73524276	-73.98758561	433	40.72955361	-73.98057249	1
0	23	20601	384	40.68317813	-73.9659641	366	40.693261	-73.968896	1
0	23	32799	285	40.73454567	-73.99074142	312	40.722055	-73.989111	1
0	23	2435	447	40.76370739	-73.9851615	529	40.7575699	-73.99098507	1
0	23	2772	410	40.72066442	-73.98517977	303	40.72362738	-73.99949601	1
0	23	18564	459	40.746745	-74.007756	329	40.72043411	-74.01020609	1
0	23	8076	285	40.73454567	-73.99074142	488	40.75645824	-73.99372222	1
0	23	44890	483	40.73223272	-73.98889957	512	40.7500727	-73.99839279	1
0	23	22428	265	40.72229346	-73.99147535	328	40.72405549	-74.00965965	1
0	23	13873	316	40.70955958	-74.00653609	2009	40.71117444	-73.99682619	1
0	23	21778	347	40.72873888	-74.00748842	453	40.74475148	-73.99915362	1
0	23	40579	385	40.75797322	-73.96603308	352	40.76340613	-73.97722479	1
0	23	44922	236	40.7284186	-73.98713956	470	40.74345335	-74.00004031	1
0	23	592	236	40.7284186	-73.98713956	458	40.751396	-74.005226	1
0	23	4564	325	40.73624527	-73.98473765	459	40.746745	-74.007756	1
0	23	28533	368	40.73038599	-74.00214988	439	40.7262807	-73.98978041	2
0	23	20013	454	40.75455731	-73.96592976	2017	40.75022392	-73.97121414	1
0	23	66402	266	40.72368361	-73.97574813	490	40.751551	-73.993934	1
0	23	37978	438	40.72779126	-73.98564945	290	40.76020258	-73.96478473	1
0	23	44101	285	40.73454567	-73.99074142	384	40.68317813	-73.9659641	1
0	23	15890	439	40.7262807	-73.98978041	368	40.73038599	-74.00214988	1
0	23	23230	478	40.76030096	-73.99884222	387	40.71273266	-74.0046073	1
0	23	21395	454	40.75455731	-73.96592976	495	40.76269882	-73.99301222	1
0	23	4073	314	40.69424674	-73.99215922	2000	40.70255088	-73.98940236	1
0	23	11791	324	40.689888	-73.981013	262	40.69178232	-73.97372989	1
0	23	39514	239	40.69196566	-73.9813018	313	40.69610226	-73.96751037	1
0	23	22313	532	40.710451	-73.960876	282	40.70827295	-73.96834101	1
0	23	66403	270	40.69308257	-73.97178913	282	40.70827295	-73.96834101	1
0	23	20558	537	40.74025878	-73.98409214	410	40.72066442	-73.98517977	1
0	23	35131	422	40.770513	-73.988038	483	40.73223272	-73.98889957	1
0	23	13309	387	40.71273266	-74.0046073	316	40.70955958	-74.00653609	1
0	23	8136	447	40.76370739	-73.9851615	512	40.7500727	-73.99839279	1
0	23	29596	453	40.74475148	-73.99915362	514	40.76087502	-74.00277668	1
0	23	9523	323	40.69236178	-73.98631746	314	40.69424674	-73.99215922	1
0	23	26157	300	40.728145	-73.990214	345	40.73649403	-73.99704374	1
0	23	1456	358	40.73291553	-74.00711384	293	40.73028666	-73.9907647	1
0	23	16767	483	40.73223272	-73.98889957	2003	40.73416059	-73.98024289	1
0	23	2586	469	40.76344058	-73.98268129	469	40.76344058	-73.98268129	1
0	23	21260	308	40.71307916	-73.99851193	311	40.7172274	-73.98802084	1
0	23	434	239	40.69196566	-73.9813018	526	40.74765947	-73.98490707	1
0	23	18268	474	40.7451677	-73.98683077	496	40.73726186	-73.99238967	1
0	23	17266	382	40.73492695	-73.99200509	339	40.72580614	-73.97422494	1
0	23	3703	448	40.75660359	-73.9979009	513	40.768254	-73.988639	1
0	23	66404	471	40.71286844	-73.95698119	421	40.69573398	-73.97129668	2
0	23	66405	293	40.73028666	-73.9907647	339	40.72580614	-73.97422494	1
0	23	18946	483	40.73223272	-73.98889957	267	40.75097711	-73.98765428	1
0	23	298	320	40.71743998	-74.00583475	494	40.74734825	-73.99723551	1
0	23	179	334	40.74238787	-73.99726235	450	40.76227205	-73.98788205	1
0	23	45840	228	40.7546011026	-73.971878855	512	40.7500727	-73.99839279	1
0	23	13020	528	40.74290902	-73.97706058	160	40.748238	-73.978311	1
0	23	22749	442	40.746647	-73.993915	512	40.7500727	-73.99839279	1
0	23	8595	151	40.7218158	-73.99720307	401	40.72019576	-73.98997825	1
0	23	62500	153	40.752062307	-73.9816324043	482	40.73935542	-73.99931783	1
0	23	60934	161	40.72917025	-73.99810231	510	40.7606597	-73.98042047	1
0	23	40564	469	40.76344058	-73.98268129	294	40.73049393	-73.9957214	1
0	23	50981	394	40.72521311	-73.97768752	438	40.72779126	-73.98564945	1
0	23	66406	160	40.748238	-73.978311	298	40.68683208	-73.9796772	1
0	23	10931	2002	40.716887	-73.963198	473	40.72110063	-73.9919254	1
0	23	14165	479	40.76019252	-73.9912551	488	40.75645824	-73.99372222	1
0	23	11447	462	40.74691959	-74.00451887	375	40.72679454	-73.99695094	1
0	23	28407	458	40.751396	-74.005226	312	40.722055	-73.989111	1
0	23	2082	293	40.73028666	-73.9907647	264	40.70706456	-74.00731853	1
0	23	8736	444	40.7423543	-73.98915076	168	40.73971301	-73.99456405	1
0	23	60321	244	40.69196035	-73.96536851	389	40.71044554	-73.96525063	1
0	23	46193	344	40.6851443	-73.95380904	481	40.71260486	-73.96264403	1
0	23	32261	244	40.69196035	-73.96536851	354	40.69363137	-73.96223558	1
0	23	18385	324	40.689888	-73.981013	241	40.68981035	-73.97493121	1
0	23	10828	504	40.73221853	-73.98165557	439	40.7262807	-73.98978041	1
0	23	38591	253	40.73543934	-73.99453948	432	40.72621788	-73.98379855	1
0	23	9031	404	40.7405826	-74.00550867	450	40.76227205	-73.98788205	1
0	23	41805	432	40.72621788	-73.98379855	482	40.73935542	-73.99931783	1
