0	0	1	239	40.69196566	-73.9813018	366	40.693261	-73.968896	1
0	0	2	322	40.696192	-73.991218	398	40.69165183	-73.9999786	3
0	0	3	174	40.7381765	-73.97738662	403	40.72502876	-73.99069656	1
0	0	4	430	40.7014851	-73.98656928	323	40.69236178	-73.98631746	1
0	0	5	403	40.72502876	-73.99069656	401	40.72019576	-73.98997825	1
0	0	6	369	40.73224119	-74.00026394	307	40.71427487	-73.98990025	1
0	0	7	254	40.73532427	-73.99800419	539	40.71534825	-73.96024116	1
0	0	8	490	40.751551	-73.993934	438	40.72779126	-73.98564945	1
0	0	9	468	40.7652654	-73.98192338	385	40.75797322	-73.96603308	1
0	0	10	300	40.728145	-73.990214	519	40.75188406	-73.97770164	1
0	0	11	482	40.73935542	-73.99931783	505	40.74901271	-73.98848395	1
0	0	12	463	40.74206539	-74.00443172	254	40.73532427	-73.99800419	1
0	0	13	285	40.73454567	-73.99074142	462	40.74691959	-74.00451887	1
0	0	14	499	40.76915505	-73.98191841	352	40.76340613	-73.97722479	1
0	0	15	410	40.72066442	-73.98517977	532	40.710451	-73.960876	1
0	0	16	504	40.73221853	-73.98165557	531	40.71893904	-73.99266288	1
0	0	17	307	40.71427487	-73.98990025	291	40.713126	-73.984844	1
0	0	18	262	40.69178232	-73.97372989	143	40.69239502	-73.99337909	1
0	0	19	441	40.756014	-73.967416	379	40.749156	-73.9916	1
0	0	20	351	40.70530954	-74.00612572	308	40.71307916	-73.99851193	1
0	0	21	483	40.73223272	-73.98889957	280	40.73331967	-73.99510132	1
0	0	22	285	40.73454567	-73.99074142	251	40.72317958	-73.99480012	1
0	0	23	423	40.76584941	-73.98690506	412	40.7158155	-73.99422366	1
0	0	24	369	40.73224119	-74.00026394	127	40.73172428	-74.00674436	1
0	0	25	435	40.74173969	-73.99415556	450	40.76227205	-73.98788205	1
0	0	26	364	40.68900443	-73.96023854	241	40.68981035	-73.97493121	1
0	0	27	392	40.695065	-73.987167	262	40.69178232	-73.97372989	1
0	0	28	450	40.76227205	-73.98788205	359	40.75510267	-73.97498696	1
0	0	29	242	40.69788349	-73.97350332	460	40.71285887	-73.96590294	1
0	0	30	536	40.74144387	-73.97536082	512	40.7500727	-73.99839279	1
0	0	31	391	40.69760127	-73.99344559	407	40.700469	-73.991454	1
0	0	32	367	40.75828065	-73.97069431	528	40.74290902	-73.97706058	1
0	0	33	430	40.7014851	-73.98656928	503	40.73827428	-73.98751968	1
0	0	34	120	40.68676793	-73.95928168	120	40.68676793	-73.95928168	1
0	0	35	285	40.73454567	-73.99074142	404	40.7405826	-74.00550867	1
0	0	36	512	40.7500727	-73.99839279	499	40.76915505	-73.98191841	1
0	0	37	467	40.68312489	-73.97895137	396	40.680342423	-73.9557689392	1
0	0	38	513	40.768254	-73.988639	522	40.75714758	-73.97207836	1
0	0	39	438	40.72779126	-73.98564945	393	40.72299208	-73.97995466	1
0	0	40	368	40.73038599	-74.00214988	251	40.72317958	-73.99480012	1
0	0	41	517	40.75149263	-73.97798848	475	40.73524276	-73.98758561	1
0	0	42	415	40.7047177	-74.00926027	308	40.71307916	-73.99851193	1
0	0	43	490	40.751551	-73.993934	507	40.73912601	-73.97973776	1
0	0	44	363	40.70834698	-74.01713445	383	40.735238	-74.000271	1
0	0	45	448	40.75660359	-73.9979009	367	40.75828065	-73.97069431	1
0	0	46	438	40.72779126	-73.98564945	438	40.72779126	-73.98564945	1
0	0	47	422	40.770513	-73.988038	438	40.72779126	-73.98564945	1
0	0	48	404	40.7405826	-74.00550867	295	40.71406667	-73.99293911	1
0	0	49	293	40.73028666	-73.9907647	341	40.71782143	-73.97628939	1
0	0	50	334	40.74238787	-73.99726235	439	40.7262807	-73.98978041	1
0	0	51	318	40.75320159	-73.9779874	402	40.7403432	-73.98955109	1
0	0	52	483	40.73223272	-73.98889957	459	40.746745	-74.007756	1
0	0	53	317	40.72453734	-73.98185424	537	40.74025878	-73.98409214	1
0	0	54	438	40.72779126	-73.98564945	2012	40.739445	-73.976806	1
0	0	55	466	40.74395411	-73.99144871	167	40.7489006	-73.97604882	1
0	0	56	474	40.7451677	-73.98683077	453	40.74475148	-73.99915362	1
0	0	57	521	40.75044999	-73.99481051	2003	40.73416059	-73.98024289	1
0	0	58	435	40.74173969	-73.99415556	462	40.74691959	-74.00451887	1
0	0	59	337	40.7037992	-74.00838676	376	40.70862144	-74.00722156	1
0	0	60	465	40.75513557	-73.98658032	537	40.74025878	-73.98409214	1
0	0	61	500	40.76228826	-73.98336183	264	40.70706456	-74.00731853	1
0	0	62	458	40.751396	-74.005226	521	40.75044999	-73.99481051	1
0	0	63	447	40.76370739	-73.9851615	536	40.74144387	-73.97536082	1
0	0	64	306	40.70823502	-74.00530063	534	40.70255065	-74.0127234	1
0	0	65	160	40.748238	-73.978311	305	40.76095756	-73.96724467	1
0	0	66	325	40.73624527	-73.98473765	526	40.74765947	-73.98490707	1
0	0	67	482	40.73935542	-73.99931783	441	40.756014	-73.967416	1
0	0	68	347	40.72873888	-74.00748842	513	40.768254	-73.988639	1
0	0	69	529	40.7575699	-73.99098507	478	40.76030096	-73.99884222	1
0	0	70	300	40.728145	-73.990214	2003	40.73416059	-73.98024289	1
0	0	71	274	40.68691865	-73.976682	258	40.68940747	-73.96885458	1
0	0	72	116	40.74177603	-74.00149746	330	40.71450451	-74.00562789	1
0	0	73	536	40.74144387	-73.97536082	296	40.71413089	-73.9970468	1
0	0	74	441	40.756014	-73.967416	2003	40.73416059	-73.98024289	1
0	0	75	383	40.735238	-74.000271	345	40.73649403	-73.99704374	1
0	0	76	379	40.749156	-73.9916	528	40.74290902	-73.97706058	1
0	0	77	507	40.73912601	-73.97973776	476	40.74394314	-73.97966069	1
0	0	78	252	40.73226398	-73.99852205	294	40.73049393	-73.9957214	2
0	0	79	422	40.770513	-73.988038	521	40.75044999	-73.99481051	4
0	0	80	380	40.73401143	-74.00293877	308	40.71307916	-73.99851193	1
0	0	81	323	40.69236178	-73.98631746	325	40.73624527	-73.98473765	1
0	0	82	326	40.72953837	-73.98426726	368	40.73038599	-74.00214988	1
0	0	83	458	40.751396	-74.005226	382	40.73492695	-73.99200509	1
0	0	84	323	40.69236178	-73.98631746	258	40.68940747	-73.96885458	2
0	0	85	323	40.69236178	-73.98631746	391	40.69760127	-73.99344559	1
0	0	86	223	40.73781509	-73.99994661	251	40.72317958	-73.99480012	1
0	0	87	482	40.73935542	-73.99931783	402	40.7403432	-73.98955109	1
0	0	88	382	40.73492695	-73.99200509	537	40.74025878	-73.98409214	1
0	0	89	532	40.710451	-73.960876	344	40.6851443	-73.95380904	1
0	0	90	433	40.72955361	-73.98057249	284	40.7390169121	-74.0026376103	1
0	0	91	473	40.72110063	-73.9919254	380	40.73401143	-74.00293877	1
0	0	92	476	40.74394314	-73.97966069	472	40.7457121	-73.98194829	1
0	0	93	247	40.73535398	-74.00483091	128	40.72710258	-74.00297088	1
0	0	94	379	40.749156	-73.9916	410	40.72066442	-73.98517977	1
0	0	95	2021	40.75929124	-73.98859651	515	40.76009437	-73.99461843	1
0	0	96	224	40.71146364	-74.00552427	519	40.75188406	-73.97770164	1
0	0	97	79	40.71911552	-74.00666661	293	40.73028666	-73.9907647	1
0	0	98	329	40.72043411	-74.01020609	224	40.71146364	-74.00552427	1
0	0	99	482	40.73935542	-73.99931783	461	40.73587678	-73.98205027	1
0	0	100	540	40.74147286	-73.98320928	438	40.72779126	-73.98564945	1
0	0	101	223	40.73781509	-73.99994661	356	40.71622644	-73.98261206	1
0	0	102	300	40.728145	-73.990214	369	40.73224119	-74.00026394	1
0	0	103	348	40.72490985	-74.00154702	417	40.71291224	-74.01020234	1
0	0	104	423	40.76584941	-73.98690506	449	40.76461837	-73.98789473	1
0	0	105	143	40.69239502	-73.99337909	157	40.69089272	-73.99612349	1
0	0	106	499	40.76915505	-73.98191841	380	40.73401143	-74.00293877	1
0	0	107	529	40.7575699	-73.99098507	401	40.72019576	-73.98997825	1
0	0	108	450	40.76227205	-73.98788205	290	40.76020258	-73.96478473	1
0	0	109	474	40.7451677	-73.98683077	475	40.73524276	-73.98758561	1
0	0	110	336	40.73047747	-73.99906065	439	40.7262807	-73.98978041	1
0	0	111	448	40.75660359	-73.9979009	523	40.75466591	-73.99138152	2
0	0	112	459	40.746745	-74.007756	341	40.71782143	-73.97628939	1
0	0	113	318	40.75320159	-73.9779874	540	40.74147286	-73.98320928	1
0	0	114	376	40.70862144	-74.00722156	426	40.71754834	-74.01322069	2
0	0	115	355	40.71602118	-73.99974372	521	40.75044999	-73.99481051	1
0	0	116	447	40.76370739	-73.9851615	345	40.73649403	-73.99704374	1
0	0	117	447	40.76370739	-73.9851615	499	40.76915505	-73.98191841	1
0	0	118	426	40.71754834	-74.01322069	376	40.70862144	-74.00722156	1
0	0	119	438	40.72779126	-73.98564945	346	40.73652889	-74.00618026	3
0	0	120	476	40.74394314	-73.97966069	444	40.7423543	-73.98915076	1
0	0	121	345	40.73649403	-73.99704374	459	40.746745	-74.007756	1
0	0	122	312	40.722055	-73.989111	323	40.69236178	-73.98631746	1
0	0	123	479	40.76019252	-73.9912551	450	40.76227205	-73.98788205	1
0	0	124	346	40.73652889	-74.00618026	265	40.72229346	-73.99147535	1
0	0	125	241	40.68981035	-73.97493121	526	40.74765947	-73.98490707	1
0	0	126	402	40.7403432	-73.98955109	389	40.71044554	-73.96525063	1
0	0	127	127	40.73172428	-74.00674436	328	40.72405549	-74.00965965	1
0	0	128	518	40.74780373	-73.9734419	526	40.74765947	-73.98490707	1
0	0	129	471	40.71286844	-73.95698119	532	40.710451	-73.960876	1
0	0	130	473	40.72110063	-73.9919254	467	40.68312489	-73.97895137	1
0	0	131	223	40.73781509	-73.99994661	303	40.72362738	-73.99949601	1
0	0	132	463	40.74206539	-74.00443172	2021	40.75929124	-73.98859651	1
0	0	133	418	40.70224	-73.982578	532	40.710451	-73.960876	1
0	0	134	493	40.7568001	-73.98291153	2017	40.75022392	-73.97121414	2
0	0	135	438	40.72779126	-73.98564945	433	40.72955361	-73.98057249	1
0	0	137	128	40.72710258	-74.00297088	405	40.739323	-74.008119	1
0	0	138	537	40.74025878	-73.98409214	497	40.73704984	-73.99009296	1
0	0	139	253	40.73543934	-73.99453948	485	40.75038009	-73.98338988	1
0	0	140	325	40.73624527	-73.98473765	531	40.71893904	-73.99266288	1
0	0	141	404	40.7405826	-74.00550867	369	40.73224119	-74.00026394	1
0	0	142	518	40.74780373	-73.9734419	469	40.76344058	-73.98268129	1
0	0	143	383	40.735238	-74.000271	300	40.728145	-73.990214	1
0	0	144	296	40.71413089	-73.9970468	361	40.71605866	-73.99190759	1
0	0	145	447	40.76370739	-73.9851615	500	40.76228826	-73.98336183	1
0	0	146	405	40.739323	-74.008119	453	40.74475148	-73.99915362	1
0	0	148	438	40.72779126	-73.98564945	247	40.73535398	-74.00483091	1
0	0	149	528	40.74290902	-73.97706058	438	40.72779126	-73.98564945	1
0	0	150	499	40.76915505	-73.98191841	528	40.74290902	-73.97706058	1
0	0	151	483	40.73223272	-73.98889957	345	40.73649403	-73.99704374	1
0	0	152	345	40.73649403	-73.99704374	450	40.76227205	-73.98788205	1
0	0	153	444	40.7423543	-73.98915076	448	40.75660359	-73.9979009	1
0	0	154	499	40.76915505	-73.98191841	281	40.7643971	-73.97371465	1
0	0	155	334	40.74238787	-73.99726235	489	40.75066386	-74.00176802	1
0	0	156	539	40.71534825	-73.96024116	270	40.69308257	-73.97178913	1
0	0	157	473	40.72110063	-73.9919254	116	40.74177603	-74.00149746	1
0	0	158	325	40.73624527	-73.98473765	2022	40.75849116	-73.95920622	1
0	0	159	450	40.76227205	-73.98788205	496	40.73726186	-73.99238967	1
0	0	161	254	40.73532427	-73.99800419	405	40.739323	-74.008119	1
0	0	162	534	40.70255065	-74.0127234	355	40.71602118	-73.99974372	1
0	0	164	223	40.73781509	-73.99994661	334	40.74238787	-73.99726235	1
0	0	165	258	40.68940747	-73.96885458	399	40.68851534	-73.9647628	2
0	0	166	465	40.75513557	-73.98658032	300	40.728145	-73.990214	1
0	0	167	483	40.73223272	-73.98889957	331	40.71173107	-73.99193043	1
0	0	168	396	40.680342423	-73.9557689392	364	40.68900443	-73.96023854	1
0	0	169	439	40.7262807	-73.98978041	212	40.74334935	-74.00681753	2
0	0	170	500	40.76228826	-73.98336183	449	40.76461837	-73.98789473	1
0	0	171	2010	40.72165481	-74.00234737	251	40.72317958	-73.99480012	1
0	0	172	329	40.72043411	-74.01020609	306	40.70823502	-74.00530063	1
0	0	173	345	40.73649403	-73.99704374	362	40.75172632	-73.98753523	1
0	0	174	460	40.71285887	-73.96590294	539	40.71534825	-73.96024116	1
0	0	175	312	40.722055	-73.989111	285	40.73454567	-73.99074142	1
0	0	176	294	40.73049393	-73.9957214	459	40.746745	-74.007756	1
0	0	177	151	40.7218158	-73.99720307	361	40.71605866	-73.99190759	1
0	0	179	334	40.74238787	-73.99726235	450	40.76227205	-73.98788205	1
0	0	180	307	40.71427487	-73.98990025	307	40.71427487	-73.98990025	1
0	0	181	334	40.74238787	-73.99726235	2021	40.75929124	-73.98859651	1
0	0	182	2022	40.75849116	-73.95920622	545	40.736502	-73.97809472	1
0	0	183	294	40.73049393	-73.9957214	345	40.73649403	-73.99704374	1
0	0	184	357	40.73261787	-73.99158043	453	40.74475148	-73.99915362	1
0	0	185	352	40.76340613	-73.97722479	477	40.75640548	-73.9900262	1
0	0	186	285	40.73454567	-73.99074142	290	40.76020258	-73.96478473	1
0	0	187	459	40.746745	-74.007756	369	40.73224119	-74.00026394	1
0	0	188	410	40.72066442	-73.98517977	438	40.72779126	-73.98564945	1
0	0	189	434	40.74317449	-74.00366443	482	40.73935542	-73.99931783	1
0	0	190	238	40.7361967	-74.00859207	128	40.72710258	-74.00297088	1
0	0	191	328	40.72405549	-74.00965965	2004	40.724399	-74.004704	1
0	0	193	521	40.75044999	-73.99481051	505	40.74901271	-73.98848395	1
0	0	194	72	40.76727216	-73.99392888	490	40.751551	-73.993934	1
0	0	196	276	40.71748752	-74.0104554	509	40.7454973	-74.00197139	1
0	0	197	285	40.73454567	-73.99074142	393	40.72299208	-73.97995466	1
0	0	198	450	40.76227205	-73.98788205	2003	40.73416059	-73.98024289	1
0	0	199	223	40.73781509	-73.99994661	2022	40.75849116	-73.95920622	1
0	0	200	212	40.74334935	-74.00681753	263	40.71729	-73.996375	1
0	0	201	346	40.73652889	-74.00618026	369	40.73224119	-74.00026394	1
0	0	202	346	40.73652889	-74.00618026	358	40.73291553	-74.00711384	1
0	0	203	447	40.76370739	-73.9851615	236	40.7284186	-73.98713956	1
0	0	204	334	40.74238787	-73.99726235	519	40.75188406	-73.97770164	1
0	0	205	293	40.73028666	-73.9907647	486	40.7462009	-73.98855723	1
0	0	206	300	40.728145	-73.990214	254	40.73532427	-73.99800419	1
0	0	207	2012	40.739445	-73.976806	237	40.73047309	-73.98672378	1
0	0	208	403	40.72502876	-73.99069656	531	40.71893904	-73.99266288	1
0	0	209	320	40.71743998	-74.00583475	360	40.70717936	-74.00887308	1
0	0	210	358	40.73291553	-74.00711384	284	40.7390169121	-74.0026376103	1
0	0	211	160	40.748238	-73.978311	461	40.73587678	-73.98205027	1
0	0	213	280	40.73331967	-73.99510132	537	40.74025878	-73.98409214	1
0	0	214	459	40.746745	-74.007756	263	40.71729	-73.996375	1
0	0	216	296	40.71413089	-73.9970468	296	40.71413089	-73.9970468	1
0	0	218	359	40.75510267	-73.97498696	450	40.76227205	-73.98788205	1
0	0	219	527	40.74315566	-73.97434726	385	40.75797322	-73.96603308	1
0	0	221	237	40.73047309	-73.98672378	2010	40.72165481	-74.00234737	1
0	0	223	497	40.73704984	-73.99009296	446	40.74487634	-73.99529885	1
0	0	225	385	40.75797322	-73.96603308	527	40.74315566	-73.97434726	1
0	0	226	274	40.68691865	-73.976682	420	40.68764484	-73.96968902	1
0	0	227	318	40.75320159	-73.9779874	441	40.756014	-73.967416	1
0	0	228	367	40.75828065	-73.97069431	228	40.7546011026	-73.971878855	1
0	0	230	241	40.68981035	-73.97493121	354	40.69363137	-73.96223558	1
0	0	233	151	40.7218158	-73.99720307	237	40.73047309	-73.98672378	1
0	0	236	237	40.73047309	-73.98672378	531	40.71893904	-73.99266288	1
0	0	240	519	40.75188406	-73.97770164	518	40.74780373	-73.9734419	1
0	0	242	383	40.735238	-74.000271	116	40.74177603	-74.00149746	1
0	0	43520	344	40.6851443	-73.95380904	539	40.71534825	-73.96024116	1
0	0	60053	137	40.761628	-73.972924	297	40.734232	-73.986923	1
0	0	31394	540	40.74147286	-73.98320928	514	40.76087502	-74.00277668	1
0	0	70521	137	40.761628	-73.972924	147	40.71542197	-74.01121978	1
0	0	32145	2010	40.72165481	-74.00234737	465	40.75513557	-73.98658032	1
0	0	30622	517	40.75149263	-73.97798848	349	40.71850211	-73.98329859	1
0	0	9496	470	40.74345335	-74.00004031	2021	40.75929124	-73.98859651	1
0	0	192	477	40.75640548	-73.9900262	407	40.700469	-73.991454	1
0	0	12927	290	40.76020258	-73.96478473	2021	40.75929124	-73.98859651	1
0	0	49730	263	40.71729	-73.996375	311	40.7172274	-73.98802084	1
0	0	20337	529	40.7575699	-73.99098507	285	40.73454567	-73.99074142	1
0	0	14163	521	40.75044999	-73.99481051	433	40.72955361	-73.98057249	1
0	0	56673	531	40.71893904	-73.99266288	426	40.71754834	-74.01322069	1
0	0	31217	388	40.749717753	-74.002950346	326	40.72953837	-73.98426726	1
0	0	27916	394	40.72521311	-73.97768752	532	40.710451	-73.960876	1
0	0	31966	388	40.749717753	-74.002950346	237	40.73047309	-73.98672378	1
0	0	19237	475	40.73524276	-73.98758561	428	40.72467721	-73.98783413	1
0	0	7439	518	40.74780373	-73.9734419	422	40.770513	-73.988038	1
0	0	2454	293	40.73028666	-73.9907647	477	40.75640548	-73.9900262	1
0	0	48936	404	40.7405826	-74.00550867	438	40.72779126	-73.98564945	1
0	0	42449	223	40.73781509	-73.99994661	376	40.70862144	-74.00722156	1
0	0	39379	367	40.75828065	-73.97069431	2021	40.75929124	-73.98859651	1
0	0	55587	317	40.72453734	-73.98185424	498	40.74854862	-73.98808416	1
0	0	32627	428	40.72467721	-73.98783413	472	40.7457121	-73.98194829	1
0	0	14399	383	40.735238	-74.000271	151	40.7218158	-73.99720307	1
0	0	49874	360	40.70717936	-74.00887308	317	40.72453734	-73.98185424	1
0	0	28347	301	40.72217444	-73.98368779	497	40.73704984	-73.99009296	1
0	0	869	521	40.75044999	-73.99481051	500	40.76228826	-73.98336183	1
0	0	75261	260	40.70365182	-74.01167797	443	40.70853074	-73.96408963	1
0	0	32567	285	40.73454567	-73.99074142	529	40.7575699	-73.99098507	1
0	0	10682	402	40.7403432	-73.98955109	251	40.72317958	-73.99480012	1
0	0	9946	336	40.73047747	-73.99906065	466	40.74395411	-73.99144871	1
0	0	56939	146	40.71625008	-74.0091059	450	40.76227205	-73.98788205	1
0	0	5781	435	40.74173969	-73.99415556	2017	40.75022392	-73.97121414	1
0	0	3107	479	40.76019252	-73.9912551	435	40.74173969	-73.99415556	2
0	0	42900	236	40.7284186	-73.98713956	259	40.70122128	-74.01234218	1
0	0	15158	285	40.73454567	-73.99074142	432	40.72621788	-73.98379855	1
0	0	22557	499	40.76915505	-73.98191841	72	40.76727216	-73.99392888	1
0	0	12301	335	40.72903917	-73.99404649	433	40.72955361	-73.98057249	1
0	0	41095	160	40.748238	-73.978311	495	40.76269882	-73.99301222	1
0	0	16126	528	40.74290902	-73.97706058	434	40.74317449	-74.00366443	1
0	0	6959	465	40.75513557	-73.98658032	495	40.76269882	-73.99301222	1
0	0	22352	494	40.74734825	-73.99723551	477	40.75640548	-73.9900262	1
0	0	3960	426	40.71754834	-74.01322069	405	40.739323	-74.008119	1
0	0	28760	483	40.73223272	-73.98889957	466	40.74395411	-73.99144871	1
0	0	29647	482	40.73935542	-73.99931783	146	40.71625008	-74.0091059	1
0	0	45117	386	40.71494807	-74.00234482	403	40.72502876	-73.99069656	1
0	0	27655	251	40.72317958	-73.99480012	382	40.73492695	-73.99200509	1
0	0	3450	463	40.74206539	-74.00443172	426	40.71754834	-74.01322069	1
0	0	29967	404	40.7405826	-74.00550867	422	40.770513	-73.988038	1
0	0	7186	435	40.74173969	-73.99415556	388	40.749717753	-74.002950346	1
0	0	441	403	40.72502876	-73.99069656	361	40.71605866	-73.99190759	1
0	0	26142	531	40.71893904	-73.99266288	428	40.72467721	-73.98783413	1
0	0	14265	519	40.75188406	-73.97770164	529	40.7575699	-73.99098507	1
0	0	66249	362	40.75172632	-73.98753523	434	40.74317449	-74.00366443	1
0	0	15212	160	40.748238	-73.978311	490	40.751551	-73.993934	1
0	0	49566	380	40.73401143	-74.00293877	349	40.71850211	-73.98329859	2
0	0	50184	531	40.71893904	-73.99266288	82	40.71117416	-74.00016545	1
0	0	29355	368	40.73038599	-74.00214988	2003	40.73416059	-73.98024289	1
0	0	31438	417	40.71291224	-74.01020234	351	40.70530954	-74.00612572	1
0	0	54730	432	40.72621788	-73.98379855	505	40.74901271	-73.98848395	1
0	0	50158	495	40.76269882	-73.99301222	483	40.73223272	-73.98889957	1
0	0	26285	293	40.73028666	-73.9907647	394	40.72521311	-73.97768752	1
0	0	14396	401	40.72019576	-73.98997825	79	40.71911552	-74.00666661	1
0	0	8372	509	40.7454973	-74.00197139	380	40.73401143	-74.00293877	1
0	0	8595	151	40.7218158	-73.99720307	401	40.72019576	-73.98997825	1
0	0	52431	161	40.72917025	-73.99810231	247	40.73535398	-74.00483091	1
0	0	46151	348	40.72490985	-74.00154702	401	40.72019576	-73.98997825	1
0	0	3611	327	40.7153379	-74.01658354	327	40.7153379	-74.01658354	1
0	0	18880	533	40.75299641	-73.98721619	267	40.75097711	-73.98765428	1
0	0	17735	519	40.75188406	-73.97770164	385	40.75797322	-73.96603308	1
0	0	58758	312	40.722055	-73.989111	383	40.735238	-74.000271	1
0	0	44562	223	40.73781509	-73.99994661	438	40.72779126	-73.98564945	1
0	0	20009	361	40.71605866	-73.99190759	307	40.71427487	-73.98990025	1
0	0	23366	475	40.73524276	-73.98758561	265	40.72229346	-73.99147535	1
0	0	5265	300	40.728145	-73.990214	512	40.7500727	-73.99839279	1
0	0	34217	79	40.71911552	-74.00666661	360	40.70717936	-74.00887308	1
0	0	32598	223	40.73781509	-73.99994661	522	40.75714758	-73.97207836	1
0	0	34189	433	40.72955361	-73.98057249	494	40.74734825	-73.99723551	1
0	0	28345	300	40.728145	-73.990214	317	40.72453734	-73.98185424	1
0	0	36009	161	40.72917025	-73.99810231	546	40.74444921	-73.98303529	1
0	0	49720	265	40.72229346	-73.99147535	404	40.7405826	-74.00550867	1
0	0	32503	216	40.70037867	-73.99548059	398	40.69165183	-73.9999786	1
0	0	12007	368	40.73038599	-74.00214988	335	40.72903917	-73.99404649	1
0	0	54188	456	40.7597108	-73.97402311	509	40.7454973	-74.00197139	1
0	0	54036	377	40.72243797	-74.00566443	463	40.74206539	-74.00443172	1
0	0	2618	250	40.72456089	-73.99565293	368	40.73038599	-74.00214988	1
0	0	1	239	40.69196566	-73.9813018	366	40.693261	-73.968896	1
0	0	2	322	40.696192	-73.991218	398	40.69165183	-73.9999786	3
0	0	3	174	40.7381765	-73.97738662	403	40.72502876	-73.99069656	1
0	0	4	430	40.7014851	-73.98656928	323	40.69236178	-73.98631746	1
0	0	5	403	40.72502876	-73.99069656	401	40.72019576	-73.98997825	1
0	0	6	369	40.73224119	-74.00026394	307	40.71427487	-73.98990025	1
0	0	7	254	40.73532427	-73.99800419	539	40.71534825	-73.96024116	1
0	0	8	490	40.751551	-73.993934	438	40.72779126	-73.98564945	1
0	0	9	468	40.7652654	-73.98192338	385	40.75797322	-73.96603308	1
0	0	10	300	40.728145	-73.990214	519	40.75188406	-73.97770164	1
0	0	11	482	40.73935542	-73.99931783	505	40.74901271	-73.98848395	1
0	0	12	463	40.74206539	-74.00443172	254	40.73532427	-73.99800419	1
0	0	13	285	40.73454567	-73.99074142	462	40.74691959	-74.00451887	1
0	0	14	499	40.76915505	-73.98191841	352	40.76340613	-73.97722479	1
0	0	15	410	40.72066442	-73.98517977	532	40.710451	-73.960876	1
0	0	16	504	40.73221853	-73.98165557	531	40.71893904	-73.99266288	1
0	0	17	307	40.71427487	-73.98990025	291	40.713126	-73.984844	1
0	0	18	262	40.69178232	-73.97372989	143	40.69239502	-73.99337909	1
0	0	19	441	40.756014	-73.967416	379	40.749156	-73.9916	1
0	0	20	351	40.70530954	-74.00612572	308	40.71307916	-73.99851193	1
0	0	21	483	40.73223272	-73.98889957	280	40.73331967	-73.99510132	1
0	0	22	285	40.73454567	-73.99074142	251	40.72317958	-73.99480012	2
0	0	23	423	40.76584941	-73.98690506	412	40.7158155	-73.99422366	1
0	0	24	369	40.73224119	-74.00026394	127	40.73172428	-74.00674436	1
0	0	25	435	40.74173969	-73.99415556	450	40.76227205	-73.98788205	1
0	0	26	364	40.68900443	-73.96023854	241	40.68981035	-73.97493121	1
0	0	27	392	40.695065	-73.987167	262	40.69178232	-73.97372989	1
0	0	28	450	40.76227205	-73.98788205	359	40.75510267	-73.97498696	1
0	0	29	242	40.69788349	-73.97350332	460	40.71285887	-73.96590294	1
0	0	30	536	40.74144387	-73.97536082	512	40.7500727	-73.99839279	1
0	0	31	391	40.69760127	-73.99344559	407	40.700469	-73.991454	1
0	0	32	367	40.75828065	-73.97069431	528	40.74290902	-73.97706058	1
0	0	33	430	40.7014851	-73.98656928	503	40.73827428	-73.98751968	1
0	0	34	120	40.68676793	-73.95928168	120	40.68676793	-73.95928168	1
0	0	35	285	40.73454567	-73.99074142	404	40.7405826	-74.00550867	1
0	0	36	512	40.7500727	-73.99839279	499	40.76915505	-73.98191841	1
0	0	37	467	40.68312489	-73.97895137	396	40.680342423	-73.9557689392	1
0	0	38	513	40.768254	-73.988639	522	40.75714758	-73.97207836	1
0	0	39	438	40.72779126	-73.98564945	393	40.72299208	-73.97995466	1
0	0	40	368	40.73038599	-74.00214988	251	40.72317958	-73.99480012	1
0	0	41	517	40.75149263	-73.97798848	475	40.73524276	-73.98758561	1
0	0	42	415	40.7047177	-74.00926027	308	40.71307916	-73.99851193	1
0	0	43	490	40.751551	-73.993934	507	40.73912601	-73.97973776	1
0	0	44	363	40.70834698	-74.01713445	383	40.735238	-74.000271	1
0	0	45	448	40.75660359	-73.9979009	367	40.75828065	-73.97069431	1
0	0	46	438	40.72779126	-73.98564945	438	40.72779126	-73.98564945	1
0	0	47	422	40.770513	-73.988038	438	40.72779126	-73.98564945	1
0	0	48	404	40.7405826	-74.00550867	295	40.71406667	-73.99293911	1
0	0	49	293	40.73028666	-73.9907647	341	40.71782143	-73.97628939	1
0	0	50	334	40.74238787	-73.99726235	439	40.7262807	-73.98978041	1
0	0	51	318	40.75320159	-73.9779874	402	40.7403432	-73.98955109	1
0	0	52	483	40.73223272	-73.98889957	459	40.746745	-74.007756	1
0	0	53	317	40.72453734	-73.98185424	537	40.74025878	-73.98409214	1
0	0	54	438	40.72779126	-73.98564945	2012	40.739445	-73.976806	1
0	0	55	466	40.74395411	-73.99144871	167	40.7489006	-73.97604882	1
0	0	56	474	40.7451677	-73.98683077	453	40.74475148	-73.99915362	1
0	0	57	521	40.75044999	-73.99481051	2003	40.73416059	-73.98024289	1
0	0	58	435	40.74173969	-73.99415556	462	40.74691959	-74.00451887	1
0	0	59	337	40.7037992	-74.00838676	376	40.70862144	-74.00722156	1
0	0	60	465	40.75513557	-73.98658032	537	40.74025878	-73.98409214	1
0	0	61	500	40.76228826	-73.98336183	264	40.70706456	-74.00731853	1
0	0	62	458	40.751396	-74.005226	521	40.75044999	-73.99481051	1
0	0	63	447	40.76370739	-73.9851615	536	40.74144387	-73.97536082	1
0	0	64	306	40.70823502	-74.00530063	534	40.70255065	-74.0127234	1
0	0	65	160	40.748238	-73.978311	305	40.76095756	-73.96724467	1
0	0	66	325	40.73624527	-73.98473765	526	40.74765947	-73.98490707	1
0	0	67	482	40.73935542	-73.99931783	441	40.756014	-73.967416	1
0	0	68	347	40.72873888	-74.00748842	513	40.768254	-73.988639	1
0	0	69	529	40.7575699	-73.99098507	478	40.76030096	-73.99884222	1
0	0	70	300	40.728145	-73.990214	2003	40.73416059	-73.98024289	1
0	0	71	274	40.68691865	-73.976682	258	40.68940747	-73.96885458	1
0	0	72	116	40.74177603	-74.00149746	330	40.71450451	-74.00562789	1
0	0	73	536	40.74144387	-73.97536082	296	40.71413089	-73.9970468	1
0	0	74	441	40.756014	-73.967416	2003	40.73416059	-73.98024289	1
0	0	75	383	40.735238	-74.000271	345	40.73649403	-73.99704374	1
0	0	76	379	40.749156	-73.9916	528	40.74290902	-73.97706058	1
0	0	77	507	40.73912601	-73.97973776	476	40.74394314	-73.97966069	1
0	0	78	252	40.73226398	-73.99852205	294	40.73049393	-73.9957214	2
0	0	79	422	40.770513	-73.988038	521	40.75044999	-73.99481051	4
0	0	80	380	40.73401143	-74.00293877	308	40.71307916	-73.99851193	1
0	0	81	323	40.69236178	-73.98631746	325	40.73624527	-73.98473765	1
0	0	82	326	40.72953837	-73.98426726	368	40.73038599	-74.00214988	1
0	0	83	458	40.751396	-74.005226	382	40.73492695	-73.99200509	1
0	0	84	323	40.69236178	-73.98631746	258	40.68940747	-73.96885458	2
0	0	85	323	40.69236178	-73.98631746	391	40.69760127	-73.99344559	1
0	0	86	223	40.73781509	-73.99994661	251	40.72317958	-73.99480012	1
0	0	87	482	40.73935542	-73.99931783	402	40.7403432	-73.98955109	1
0	0	88	382	40.73492695	-73.99200509	537	40.74025878	-73.98409214	1
0	0	89	532	40.710451	-73.960876	344	40.6851443	-73.95380904	1
0	0	90	433	40.72955361	-73.98057249	284	40.7390169121	-74.0026376103	1
0	0	91	473	40.72110063	-73.9919254	380	40.73401143	-74.00293877	1
0	0	92	476	40.74394314	-73.97966069	472	40.7457121	-73.98194829	1
0	0	93	247	40.73535398	-74.00483091	128	40.72710258	-74.00297088	1
0	0	94	379	40.749156	-73.9916	410	40.72066442	-73.98517977	1
0	0	95	2021	40.75929124	-73.98859651	515	40.76009437	-73.99461843	1
0	0	96	224	40.71146364	-74.00552427	519	40.75188406	-73.97770164	1
0	0	97	79	40.71911552	-74.00666661	293	40.73028666	-73.9907647	1
0	0	98	329	40.72043411	-74.01020609	224	40.71146364	-74.00552427	1
0	0	99	482	40.73935542	-73.99931783	461	40.73587678	-73.98205027	1
0	0	100	540	40.74147286	-73.98320928	438	40.72779126	-73.98564945	1
0	0	101	223	40.73781509	-73.99994661	356	40.71622644	-73.98261206	1
0	0	102	300	40.728145	-73.990214	369	40.73224119	-74.00026394	1
0	0	103	348	40.72490985	-74.00154702	417	40.71291224	-74.01020234	1
0	0	104	423	40.76584941	-73.98690506	449	40.76461837	-73.98789473	1
0	0	105	143	40.69239502	-73.99337909	157	40.69089272	-73.99612349	1
0	0	106	499	40.76915505	-73.98191841	380	40.73401143	-74.00293877	1
0	0	107	529	40.7575699	-73.99098507	401	40.72019576	-73.98997825	1
0	0	108	450	40.76227205	-73.98788205	290	40.76020258	-73.96478473	1
0	0	109	474	40.7451677	-73.98683077	475	40.73524276	-73.98758561	1
0	0	110	336	40.73047747	-73.99906065	439	40.7262807	-73.98978041	1
0	0	111	448	40.75660359	-73.9979009	523	40.75466591	-73.99138152	2
0	0	112	459	40.746745	-74.007756	341	40.71782143	-73.97628939	1
0	0	113	318	40.75320159	-73.9779874	540	40.74147286	-73.98320928	1
0	0	114	376	40.70862144	-74.00722156	426	40.71754834	-74.01322069	2
0	0	115	355	40.71602118	-73.99974372	521	40.75044999	-73.99481051	1
0	0	116	447	40.76370739	-73.9851615	345	40.73649403	-73.99704374	1
0	0	117	447	40.76370739	-73.9851615	499	40.76915505	-73.98191841	1
0	0	118	426	40.71754834	-74.01322069	376	40.70862144	-74.00722156	1
0	0	119	438	40.72779126	-73.98564945	346	40.73652889	-74.00618026	3
0	0	120	476	40.74394314	-73.97966069	444	40.7423543	-73.98915076	1
0	0	121	345	40.73649403	-73.99704374	459	40.746745	-74.007756	1
0	0	122	312	40.722055	-73.989111	323	40.69236178	-73.98631746	1
0	0	123	479	40.76019252	-73.9912551	450	40.76227205	-73.98788205	1
0	0	124	346	40.73652889	-74.00618026	265	40.72229346	-73.99147535	1
0	0	125	241	40.68981035	-73.97493121	526	40.74765947	-73.98490707	1
0	0	126	402	40.7403432	-73.98955109	389	40.71044554	-73.96525063	1
0	0	127	127	40.73172428	-74.00674436	328	40.72405549	-74.00965965	1
0	0	128	518	40.74780373	-73.9734419	526	40.74765947	-73.98490707	1
0	0	129	471	40.71286844	-73.95698119	532	40.710451	-73.960876	1
0	0	130	473	40.72110063	-73.9919254	467	40.68312489	-73.97895137	1
0	0	131	223	40.73781509	-73.99994661	303	40.72362738	-73.99949601	1
0	0	132	463	40.74206539	-74.00443172	2021	40.75929124	-73.98859651	1
0	0	133	418	40.70224	-73.982578	532	40.710451	-73.960876	1
0	0	134	493	40.7568001	-73.98291153	2017	40.75022392	-73.97121414	2
0	0	135	438	40.72779126	-73.98564945	433	40.72955361	-73.98057249	1
0	0	136	450	40.76227205	-73.98788205	494	40.74734825	-73.99723551	1
0	0	137	128	40.72710258	-74.00297088	405	40.739323	-74.008119	1
0	0	138	537	40.74025878	-73.98409214	497	40.73704984	-73.99009296	1
0	0	139	253	40.73543934	-73.99453948	485	40.75038009	-73.98338988	1
0	0	140	325	40.73624527	-73.98473765	531	40.71893904	-73.99266288	1
0	0	141	404	40.7405826	-74.00550867	369	40.73224119	-74.00026394	1
0	0	142	518	40.74780373	-73.9734419	469	40.76344058	-73.98268129	1
0	0	143	383	40.735238	-74.000271	300	40.728145	-73.990214	1
0	0	144	296	40.71413089	-73.9970468	361	40.71605866	-73.99190759	1
0	0	145	447	40.76370739	-73.9851615	500	40.76228826	-73.98336183	1
0	0	146	405	40.739323	-74.008119	453	40.74475148	-73.99915362	1
0	0	147	470	40.74345335	-74.00004031	116	40.74177603	-74.00149746	1
0	0	148	438	40.72779126	-73.98564945	247	40.73535398	-74.00483091	1
0	0	149	528	40.74290902	-73.97706058	438	40.72779126	-73.98564945	1
0	0	150	499	40.76915505	-73.98191841	528	40.74290902	-73.97706058	1
0	0	151	483	40.73223272	-73.98889957	345	40.73649403	-73.99704374	1
0	0	152	345	40.73649403	-73.99704374	450	40.76227205	-73.98788205	1
0	0	153	444	40.7423543	-73.98915076	448	40.75660359	-73.9979009	1
0	0	154	499	40.76915505	-73.98191841	281	40.7643971	-73.97371465	1
0	0	155	334	40.74238787	-73.99726235	489	40.75066386	-74.00176802	1
0	0	156	539	40.71534825	-73.96024116	270	40.69308257	-73.97178913	1
0	0	157	473	40.72110063	-73.9919254	116	40.74177603	-74.00149746	1
0	0	158	325	40.73624527	-73.98473765	2022	40.75849116	-73.95920622	1
0	0	159	450	40.76227205	-73.98788205	496	40.73726186	-73.99238967	1
0	0	160	450	40.76227205	-73.98788205	368	40.73038599	-74.00214988	1
0	0	161	254	40.73532427	-73.99800419	405	40.739323	-74.008119	1
0	0	162	534	40.70255065	-74.0127234	355	40.71602118	-73.99974372	1
0	0	163	494	40.74734825	-73.99723551	432	40.72621788	-73.98379855	1
0	0	164	223	40.73781509	-73.99994661	334	40.74238787	-73.99726235	1
0	0	165	258	40.68940747	-73.96885458	399	40.68851534	-73.9647628	2
0	0	166	465	40.75513557	-73.98658032	300	40.728145	-73.990214	1
0	0	167	483	40.73223272	-73.98889957	331	40.71173107	-73.99193043	1
0	0	168	396	40.680342423	-73.9557689392	364	40.68900443	-73.96023854	1
0	0	169	439	40.7262807	-73.98978041	212	40.74334935	-74.00681753	2
0	0	170	500	40.76228826	-73.98336183	449	40.76461837	-73.98789473	1
0	0	171	2010	40.72165481	-74.00234737	251	40.72317958	-73.99480012	1
0	0	172	329	40.72043411	-74.01020609	306	40.70823502	-74.00530063	1
0	0	173	345	40.73649403	-73.99704374	362	40.75172632	-73.98753523	1
0	0	174	460	40.71285887	-73.96590294	539	40.71534825	-73.96024116	1
0	0	175	312	40.722055	-73.989111	285	40.73454567	-73.99074142	1
0	0	176	294	40.73049393	-73.9957214	459	40.746745	-74.007756	1
0	0	177	151	40.7218158	-73.99720307	361	40.71605866	-73.99190759	1
0	0	178	532	40.710451	-73.960876	545	40.736502	-73.97809472	2
0	0	179	334	40.74238787	-73.99726235	450	40.76227205	-73.98788205	1
0	0	180	307	40.71427487	-73.98990025	307	40.71427487	-73.98990025	1
0	0	181	334	40.74238787	-73.99726235	2021	40.75929124	-73.98859651	1
0	0	182	2022	40.75849116	-73.95920622	545	40.736502	-73.97809472	1
0	0	183	294	40.73049393	-73.9957214	345	40.73649403	-73.99704374	1
0	0	184	357	40.73261787	-73.99158043	453	40.74475148	-73.99915362	1
0	0	185	352	40.76340613	-73.97722479	477	40.75640548	-73.9900262	1
0	0	186	285	40.73454567	-73.99074142	290	40.76020258	-73.96478473	1
0	0	187	459	40.746745	-74.007756	369	40.73224119	-74.00026394	1
0	0	188	410	40.72066442	-73.98517977	438	40.72779126	-73.98564945	1
0	0	189	434	40.74317449	-74.00366443	482	40.73935542	-73.99931783	1
0	0	190	238	40.7361967	-74.00859207	128	40.72710258	-74.00297088	1
0	0	191	328	40.72405549	-74.00965965	2004	40.724399	-74.004704	1
0	0	192	477	40.75640548	-73.9900262	407	40.700469	-73.991454	1
0	0	193	521	40.75044999	-73.99481051	505	40.74901271	-73.98848395	1
0	0	194	72	40.76727216	-73.99392888	490	40.751551	-73.993934	1
0	0	195	285	40.73454567	-73.99074142	447	40.76370739	-73.9851615	1
0	0	196	276	40.71748752	-74.0104554	509	40.7454973	-74.00197139	1
0	0	197	285	40.73454567	-73.99074142	393	40.72299208	-73.97995466	1
0	0	198	450	40.76227205	-73.98788205	2003	40.73416059	-73.98024289	1
0	0	199	223	40.73781509	-73.99994661	2022	40.75849116	-73.95920622	1
0	0	200	212	40.74334935	-74.00681753	263	40.71729	-73.996375	1
0	0	201	346	40.73652889	-74.00618026	369	40.73224119	-74.00026394	1
0	0	202	346	40.73652889	-74.00618026	358	40.73291553	-74.00711384	1
0	0	203	447	40.76370739	-73.9851615	236	40.7284186	-73.98713956	1
0	0	204	334	40.74238787	-73.99726235	519	40.75188406	-73.97770164	1
0	0	205	293	40.73028666	-73.9907647	486	40.7462009	-73.98855723	1
0	0	206	300	40.728145	-73.990214	254	40.73532427	-73.99800419	1
0	0	207	2012	40.739445	-73.976806	237	40.73047309	-73.98672378	1
0	0	208	403	40.72502876	-73.99069656	531	40.71893904	-73.99266288	1
0	0	209	320	40.71743998	-74.00583475	360	40.70717936	-74.00887308	1
0	0	210	358	40.73291553	-74.00711384	284	40.7390169121	-74.0026376103	1
0	0	211	160	40.748238	-73.978311	461	40.73587678	-73.98205027	1
0	0	212	252	40.73226398	-73.99852205	513	40.768254	-73.988639	1
0	0	213	280	40.73331967	-73.99510132	537	40.74025878	-73.98409214	1
0	0	214	459	40.746745	-74.007756	263	40.71729	-73.996375	1
0	0	215	296	40.71413089	-73.9970468	224	40.71146364	-74.00552427	1
0	0	216	296	40.71413089	-73.9970468	296	40.71413089	-73.9970468	1
0	0	217	296	40.71413089	-73.9970468	345	40.73649403	-73.99704374	2
0	0	218	359	40.75510267	-73.97498696	450	40.76227205	-73.98788205	1
0	0	219	527	40.74315566	-73.97434726	385	40.75797322	-73.96603308	1
0	0	220	518	40.74780373	-73.9734419	400	40.71926081	-73.98178024	1
0	0	221	237	40.73047309	-73.98672378	2010	40.72165481	-74.00234737	1
0	0	222	281	40.7643971	-73.97371465	507	40.73912601	-73.97973776	1
0	0	223	497	40.73704984	-73.99009296	446	40.74487634	-73.99529885	1
0	0	224	450	40.76227205	-73.98788205	375	40.72679454	-73.99695094	1
0	0	225	385	40.75797322	-73.96603308	527	40.74315566	-73.97434726	1
0	0	226	274	40.68691865	-73.976682	420	40.68764484	-73.96968902	1
0	0	227	318	40.75320159	-73.9779874	441	40.756014	-73.967416	1
0	0	228	367	40.75828065	-73.97069431	228	40.7546011026	-73.971878855	1
0	0	229	320	40.71743998	-74.00583475	410	40.72066442	-73.98517977	1
0	0	230	241	40.68981035	-73.97493121	354	40.69363137	-73.96223558	1
0	0	231	318	40.75320159	-73.9779874	264	40.70706456	-74.00731853	1
0	0	232	523	40.75466591	-73.99138152	495	40.76269882	-73.99301222	1
0	0	233	151	40.7218158	-73.99720307	237	40.73047309	-73.98672378	1
0	0	234	312	40.722055	-73.989111	2003	40.73416059	-73.98024289	1
0	0	235	2002	40.716887	-73.963198	313	40.69610226	-73.96751037	1
0	0	236	237	40.73047309	-73.98672378	531	40.71893904	-73.99266288	1
0	0	237	449	40.76461837	-73.98789473	509	40.7454973	-74.00197139	1
0	0	238	531	40.71893904	-73.99266288	331	40.71173107	-73.99193043	1
0	0	239	401	40.72019576	-73.98997825	151	40.7218158	-73.99720307	1
0	0	240	519	40.75188406	-73.97770164	518	40.74780373	-73.9734419	1
0	0	241	462	40.74691959	-74.00451887	336	40.73047747	-73.99906065	1
0	0	242	383	40.735238	-74.000271	116	40.74177603	-74.00149746	1
0	0	243	243	40.687979	-73.978474	419	40.69580705	-73.97355569	1
0	0	244	297	40.734232	-73.986923	531	40.71893904	-73.99266288	1
0	0	245	493	40.7568001	-73.98291153	494	40.74734825	-73.99723551	1
0	0	246	480	40.76669671	-73.99061728	480	40.76669671	-73.99061728	1
0	0	247	404	40.7405826	-74.00550867	238	40.7361967	-74.00859207	1
0	0	248	344	40.6851443	-73.95380904	364	40.68900443	-73.96023854	1
0	0	249	447	40.76370739	-73.9851615	225	40.74195138	-74.00803013	1
0	0	250	257	40.71939226	-74.00247214	323	40.69236178	-73.98631746	1
0	0	251	382	40.73492695	-73.99200509	250	40.72456089	-73.99565293	1
0	0	252	312	40.722055	-73.989111	302	40.72082834	-73.97793172	1
0	0	253	462	40.74691959	-74.00451887	147	40.71542197	-74.01121978	1
0	0	254	263	40.71729	-73.996375	294	40.73049393	-73.9957214	1
0	0	255	512	40.7500727	-73.99839279	290	40.76020258	-73.96478473	1
0	0	256	352	40.76340613	-73.97722479	479	40.76019252	-73.9912551	1
0	0	257	495	40.76269882	-73.99301222	237	40.73047309	-73.98672378	1
0	0	258	312	40.722055	-73.989111	361	40.71605866	-73.99190759	1
