0	0	42408	448	40.75660359	-73.9979009	128	40.72710258	-74.00297088	1
0	0	14163	521	40.75044999	-73.99481051	433	40.72955361	-73.98057249	1
0	0	18553	505	40.74901271	-73.98848395	521	40.75044999	-73.99481051	1
0	0	69871	157	40.69089272	-73.99612349	436	40.68216564	-73.95399026	1
0	0	69873	511	40.72938685	-73.97772429	354	40.69363137	-73.96223558	1
0	0	55706	483	40.73223272	-73.98889957	2006	40.76590936	-73.97634151	1
0	0	40841	537	40.74025878	-73.98409214	326	40.72953837	-73.98426726	1
0	0	28245	526	40.74765947	-73.98490707	419	40.69580705	-73.97355569	1
0	0	26794	512	40.7500727	-73.99839279	522	40.75714758	-73.97207836	1
0	0	33894	447	40.76370739	-73.9851615	433	40.72955361	-73.98057249	1
0	0	30519	290	40.76020258	-73.96478473	504	40.73221853	-73.98165557	4
0	0	34891	274	40.68691865	-73.976682	539	40.71534825	-73.96024116	1
0	0	23803	174	40.7381765	-73.97738662	161	40.72917025	-73.99810231	1
0	0	2892	401	40.72019576	-73.98997825	521	40.75044999	-73.99481051	1
0	0	35462	382	40.73492695	-73.99200509	290	40.76020258	-73.96478473	1
0	0	46676	368	40.73038599	-74.00214988	499	40.76915505	-73.98191841	2
0	0	42291	223	40.73781509	-73.99994661	304	40.70463334	-74.01361706	1
0	0	33660	478	40.76030096	-73.99884222	432	40.72621788	-73.98379855	1
0	0	50563	507	40.73912601	-73.97973776	509	40.7454973	-74.00197139	1
0	0	53493	507	40.73912601	-73.97973776	345	40.73649403	-73.99704374	1
0	0	6739	537	40.74025878	-73.98409214	463	40.74206539	-74.00443172	1
0	0	23924	507	40.73912601	-73.97973776	116	40.74177603	-74.00149746	1
0	0	23508	282	40.70827295	-73.96834101	282	40.70827295	-73.96834101	2
0	0	27653	251	40.72317958	-73.99480012	481	40.71260486	-73.96264403	1
0	0	8393	459	40.746745	-74.007756	362	40.75172632	-73.98753523	1
0	0	33227	328	40.72405549	-74.00965965	508	40.76341379	-73.99667444	1
0	0	19480	505	40.74901271	-73.98848395	504	40.73221853	-73.98165557	1
0	0	23688	83	40.68382604	-73.97632328	310	40.68926942	-73.98912867	3
0	0	14354	479	40.76019252	-73.9912551	404	40.7405826	-74.00550867	1
0	0	69877	394	40.72521311	-73.97768752	447	40.76370739	-73.9851615	1
0	0	35001	517	40.75149263	-73.97798848	495	40.76269882	-73.99301222	1
0	0	44951	352	40.76340613	-73.97722479	433	40.72955361	-73.98057249	1
0	0	13676	545	40.736502	-73.97809472	302	40.72082834	-73.97793172	1
0	0	42716	428	40.72467721	-73.98783413	388	40.749717753	-74.002950346	2
0	0	69878	406	40.69512845	-73.99595065	394	40.72521311	-73.97768752	1
0	0	17022	519	40.75188406	-73.97770164	2003	40.73416059	-73.98024289	2
0	0	33314	492	40.75019995	-73.99093085	528	40.74290902	-73.97706058	1
0	0	35996	237	40.73047309	-73.98672378	454	40.75455731	-73.96592976	1
0	0	54769	528	40.74290902	-73.97706058	415	40.7047177	-74.00926027	2
0	0	21377	316	40.70955958	-74.00653609	151	40.7218158	-73.99720307	1
0	0	58907	361	40.71605866	-73.99190759	475	40.73524276	-73.98758561	1
0	0	63623	261	40.69474881	-73.98362464	539	40.71534825	-73.96024116	1
0	0	27629	402	40.7403432	-73.98955109	448	40.75660359	-73.9979009	1
0	0	56850	146	40.71625008	-74.0091059	250	40.72456089	-73.99565293	1
0	0	11621	482	40.73935542	-73.99931783	153	40.752062307	-73.9816324043	1
0	0	34547	252	40.73226398	-73.99852205	540	40.74147286	-73.98320928	1
0	0	7901	422	40.770513	-73.988038	376	40.70862144	-74.00722156	1
0	0	69879	428	40.72467721	-73.98783413	392	40.695065	-73.987167	1
0	0	2327	293	40.73028666	-73.9907647	450	40.76227205	-73.98788205	1
0	0	12121	505	40.74901271	-73.98848395	477	40.75640548	-73.9900262	1
0	0	24111	267	40.75097711	-73.98765428	472	40.7457121	-73.98194829	1
0	0	7912	264	40.70706456	-74.00731853	265	40.72229346	-73.99147535	1
0	0	16837	264	40.70706456	-74.00731853	312	40.722055	-73.989111	1
0	0	31095	2004	40.724399	-74.004704	380	40.73401143	-74.00293877	1
0	0	41653	238	40.7361967	-74.00859207	249	40.71870987	-74.0090009	1
0	0	20931	116	40.74177603	-74.00149746	450	40.76227205	-73.98788205	1
0	0	38832	404	40.7405826	-74.00550867	309	40.7149787	-74.013012	1
0	0	43483	312	40.722055	-73.989111	268	40.71910537	-73.99973337	1
0	0	46174	2002	40.716887	-73.963198	244	40.69196035	-73.96536851	1
0	0	5123	511	40.72938685	-73.97772429	537	40.74025878	-73.98409214	1
0	0	25721	459	40.746745	-74.007756	415	40.7047177	-74.00926027	1
0	0	66925	433	40.72955361	-73.98057249	2010	40.72165481	-74.00234737	1
0	0	6166	463	40.74206539	-74.00443172	128	40.72710258	-74.00297088	1
0	0	12062	212	40.74334935	-74.00681753	494	40.74734825	-73.99723551	2
0	0	10240	382	40.73492695	-73.99200509	380	40.73401143	-74.00293877	1
0	0	33437	161	40.72917025	-73.99810231	482	40.73935542	-73.99931783	1
0	0	69880	479	40.76019252	-73.9912551	403	40.72502876	-73.99069656	2
0	0	16062	497	40.73704984	-73.99009296	369	40.73224119	-74.00026394	2
0	0	9084	474	40.7451677	-73.98683077	367	40.75828065	-73.97069431	2
0	0	14476	290	40.76020258	-73.96478473	515	40.76009437	-73.99461843	1
0	0	69881	261	40.69474881	-73.98362464	438	40.72779126	-73.98564945	1
0	0	8689	439	40.7262807	-73.98978041	326	40.72953837	-73.98426726	2
0	0	7491	433	40.72955361	-73.98057249	487	40.73314259	-73.97573881	1
0	0	42452	247	40.73535398	-74.00483091	327	40.7153379	-74.01658354	1
0	0	17124	428	40.72467721	-73.98783413	348	40.72490985	-74.00154702	1
0	0	50791	428	40.72467721	-73.98783413	453	40.74475148	-73.99915362	1
0	0	26537	397	40.68415748	-73.96922273	366	40.693261	-73.968896	1
0	0	69882	253	40.73543934	-73.99453948	436	40.68216564	-73.95399026	1
0	0	2562	470	40.74345335	-74.00004031	253	40.73543934	-73.99453948	1
0	0	32974	412	40.7158155	-73.99422366	473	40.72110063	-73.9919254	1
0	0	56918	473	40.72110063	-73.9919254	280	40.73331967	-73.99510132	1
0	0	34931	263	40.71729	-73.996375	308	40.71307916	-73.99851193	1
0	0	23550	428	40.72467721	-73.98783413	331	40.71173107	-73.99193043	1
0	0	44120	433	40.72955361	-73.98057249	358	40.73291553	-74.00711384	1
0	0	41363	252	40.73226398	-73.99852205	528	40.74290902	-73.97706058	1
0	0	26481	229	40.72743423	-73.99379025	79	40.71911552	-74.00666661	1
0	0	24783	482	40.73935542	-73.99931783	257	40.71939226	-74.00247214	2
0	0	2070	293	40.73028666	-73.9907647	236	40.7284186	-73.98713956	1
0	0	69883	403	40.72502876	-73.99069656	534	40.70255065	-74.0127234	1
0	0	64947	392	40.695065	-73.987167	270	40.69308257	-73.97178913	1
0	0	69884	471	40.71286844	-73.95698119	518	40.74780373	-73.9734419	1
0	0	21264	312	40.722055	-73.989111	326	40.72953837	-73.98426726	1
0	0	3916	380	40.73401143	-74.00293877	2003	40.73416059	-73.98024289	1
0	0	10384	2004	40.724399	-74.004704	375	40.72679454	-73.99695094	1
0	0	16864	428	40.72467721	-73.98783413	458	40.751396	-74.005226	1
0	0	29373	2017	40.75022392	-73.97121414	2003	40.73416059	-73.98024289	1
0	0	41537	462	40.74691959	-74.00451887	439	40.7262807	-73.98978041	1
0	0	21842	539	40.71534825	-73.96024116	410	40.72066442	-73.98517977	1
0	0	4860	475	40.73524276	-73.98758561	284	40.7390169121	-74.0026376103	1
0	0	7149	2004	40.724399	-74.004704	432	40.72621788	-73.98379855	4
0	0	47156	369	40.73224119	-74.00026394	434	40.74317449	-74.00366443	1
0	0	152	345	40.73649403	-73.99704374	450	40.76227205	-73.98788205	1
0	0	43243	2004	40.724399	-74.004704	276	40.71748752	-74.0104554	1
0	0	30301	228	40.7546011026	-73.971878855	518	40.74780373	-73.9734419	1
0	0	12856	368	40.73038599	-74.00214988	2004	40.724399	-74.004704	1
0	0	33897	301	40.72217444	-73.98368779	290	40.76020258	-73.96478473	2
0	0	25294	360	40.70717936	-74.00887308	152	40.71473993	-74.00910627	2
0	0	12339	509	40.7454973	-74.00197139	432	40.72621788	-73.98379855	1
0	0	22935	334	40.74238787	-73.99726235	238	40.7361967	-74.00859207	1
0	0	2838	499	40.76915505	-73.98191841	448	40.75660359	-73.9979009	1
0	0	9433	458	40.751396	-74.005226	459	40.746745	-74.007756	1
0	0	47005	439	40.7262807	-73.98978041	345	40.73649403	-73.99704374	1
0	0	39023	540	40.74147286	-73.98320928	494	40.74734825	-73.99723551	1
0	0	2001	382	40.73492695	-73.99200509	223	40.73781509	-73.99994661	1
0	0	9014	458	40.751396	-74.005226	453	40.74475148	-73.99915362	1
0	0	27565	525	40.75594159	-74.0021163	490	40.751551	-73.993934	1
0	0	6634	540	40.74147286	-73.98320928	168	40.73971301	-73.99456405	2
0	0	10478	224	40.71146364	-74.00552427	264	40.70706456	-74.00731853	1
0	0	11833	444	40.7423543	-73.98915076	285	40.73454567	-73.99074142	1
0	0	18416	473	40.72110063	-73.9919254	307	40.71427487	-73.98990025	1
0	0	23841	410	40.72066442	-73.98517977	358	40.73291553	-74.00711384	1
0	0	11648	368	40.73038599	-74.00214988	253	40.73543934	-73.99453948	1
0	0	24830	457	40.76695317	-73.98169333	518	40.74780373	-73.9734419	1
0	0	22089	403	40.72502876	-73.99069656	325	40.73624527	-73.98473765	1
0	0	17809	368	40.73038599	-74.00214988	531	40.71893904	-73.99266288	1
0	0	14355	362	40.75172632	-73.98753523	252	40.73226398	-73.99852205	1
0	0	22252	444	40.7423543	-73.98915076	160	40.748238	-73.978311	1
0	0	44890	483	40.73223272	-73.98889957	512	40.7500727	-73.99839279	1
0	0	23859	307	40.71427487	-73.98990025	174	40.7381765	-73.97738662	1
0	0	23218	458	40.751396	-74.005226	284	40.7390169121	-74.0026376103	1
0	0	32951	72	40.76727216	-73.99392888	284	40.7390169121	-74.0026376103	1
0	0	6742	358	40.73291553	-74.00711384	224	40.71146364	-74.00552427	1
0	0	23211	285	40.73454567	-73.99074142	174	40.7381765	-73.97738662	1
0	0	64125	537	40.74025878	-73.98409214	489	40.75066386	-74.00176802	1
0	0	23390	258	40.68940747	-73.96885458	539	40.71534825	-73.96024116	3
0	0	57982	526	40.74765947	-73.98490707	271	40.68528172	-73.97805813	1
0	0	292	529	40.7575699	-73.99098507	482	40.73935542	-73.99931783	1
0	0	45282	475	40.73524276	-73.98758561	432	40.72621788	-73.98379855	1
0	0	29318	423	40.76584941	-73.98690506	528	40.74290902	-73.97706058	1
0	0	11664	521	40.75044999	-73.99481051	466	40.74395411	-73.99144871	1
0	0	30206	433	40.72955361	-73.98057249	368	40.73038599	-74.00214988	1
0	0	20750	528	40.74290902	-73.97706058	485	40.75038009	-73.98338988	1
0	0	30	536	40.74144387	-73.97536082	512	40.7500727	-73.99839279	1
0	0	15225	473	40.72110063	-73.9919254	238	40.7361967	-74.00859207	1
0	0	56868	526	40.74765947	-73.98490707	513	40.768254	-73.988639	1
0	0	21267	497	40.73704984	-73.99009296	473	40.72110063	-73.9919254	1
0	0	25131	349	40.71850211	-73.98329859	531	40.71893904	-73.99266288	1
0	0	22296	368	40.73038599	-74.00214988	473	40.72110063	-73.9919254	1
0	0	27080	432	40.72621788	-73.98379855	507	40.73912601	-73.97973776	1
0	0	24886	495	40.76269882	-73.99301222	327	40.7153379	-74.01658354	1
0	0	69885	261	40.69474881	-73.98362464	536	40.74144387	-73.97536082	1
0	0	12251	453	40.74475148	-73.99915362	236	40.7284186	-73.98713956	1
0	0	47780	265	40.72229346	-73.99147535	528	40.74290902	-73.97706058	1
0	0	28400	280	40.73331967	-73.99510132	280	40.73331967	-73.99510132	1
0	0	1057	293	40.73028666	-73.9907647	445	40.72740794	-73.98142006	1
0	0	20589	325	40.73624527	-73.98473765	432	40.72621788	-73.98379855	1
0	0	69886	310	40.68926942	-73.98912867	502	40.714215	-73.981346	1
0	0	17797	453	40.74475148	-73.99915362	499	40.76915505	-73.98191841	3
0	0	29464	403	40.72502876	-73.99069656	247	40.73535398	-74.00483091	1
0	0	21991	504	40.73221853	-73.98165557	537	40.74025878	-73.98409214	1
0	0	35016	447	40.76370739	-73.9851615	294	40.73049393	-73.9957214	1
0	0	37011	510	40.7606597	-73.98042047	345	40.73649403	-73.99704374	1
0	0	15363	168	40.73971301	-73.99456405	504	40.73221853	-73.98165557	1
0	0	22126	447	40.76370739	-73.9851615	475	40.73524276	-73.98758561	1
0	0	10940	380	40.73401143	-74.00293877	312	40.722055	-73.989111	1
0	0	11767	538	40.75795248	-73.97787642	173	40.76064679	-73.98442659	1
0	0	27786	459	40.746745	-74.007756	526	40.74765947	-73.98490707	1
0	0	44952	472	40.7457121	-73.98194829	445	40.72740794	-73.98142006	1
0	0	63886	239	40.69196566	-73.9813018	414	40.70281858	-73.98765762	1
0	0	33758	408	40.71076228	-73.99400398	380	40.73401143	-74.00293877	1
0	0	4815	285	40.73454567	-73.99074142	375	40.72679454	-73.99695094	1
0	0	4191	537	40.74025878	-73.98409214	167	40.7489006	-73.97604882	1
0	0	15226	293	40.73028666	-73.9907647	453	40.74475148	-73.99915362	2
0	0	35293	317	40.72453734	-73.98185424	254	40.73532427	-73.99800419	1
0	0	33488	404	40.7405826	-74.00550867	290	40.76020258	-73.96478473	1
0	0	13063	439	40.7262807	-73.98978041	445	40.72740794	-73.98142006	1
0	0	12275	521	40.75044999	-73.99481051	2021	40.75929124	-73.98859651	1
0	0	69887	445	40.72740794	-73.98142006	241	40.68981035	-73.97493121	1
0	0	19582	237	40.73047309	-73.98672378	174	40.7381765	-73.97738662	2
0	0	54869	453	40.74475148	-73.99915362	441	40.756014	-73.967416	1
0	0	40529	326	40.72953837	-73.98426726	252	40.73226398	-73.99852205	2
0	0	26049	257	40.71939226	-74.00247214	82	40.71117416	-74.00016545	1
0	0	55191	418	40.70224	-73.982578	229	40.72743423	-73.99379025	2
0	0	20620	151	40.7218158	-73.99720307	317	40.72453734	-73.98185424	1
0	0	27158	470	40.74345335	-74.00004031	489	40.75066386	-74.00176802	1
0	0	13424	359	40.75510267	-73.97498696	472	40.7457121	-73.98194829	1
0	0	11327	497	40.73704984	-73.99009296	438	40.72779126	-73.98564945	1
0	0	47024	326	40.72953837	-73.98426726	350	40.71559509	-73.9870295	1
0	0	46645	369	40.73224119	-74.00026394	401	40.72019576	-73.98997825	1
0	0	33515	167	40.7489006	-73.97604882	448	40.75660359	-73.9979009	1
0	0	17077	524	40.75527307	-73.98316936	528	40.74290902	-73.97706058	1
0	0	15285	238	40.7361967	-74.00859207	401	40.72019576	-73.98997825	1
0	0	48510	229	40.72743423	-73.99379025	412	40.7158155	-73.99422366	1
0	0	258	312	40.722055	-73.989111	361	40.71605866	-73.99190759	1
0	0	10661	445	40.72740794	-73.98142006	497	40.73704984	-73.99009296	1
0	0	7997	446	40.74487634	-73.99529885	489	40.75066386	-74.00176802	1
0	0	4369	360	40.70717936	-74.00887308	224	40.71146364	-74.00552427	2
0	0	8887	161	40.72917025	-73.99810231	410	40.72066442	-73.98517977	1
0	0	15539	223	40.73781509	-73.99994661	317	40.72453734	-73.98185424	1
0	0	66	325	40.73624527	-73.98473765	526	40.74765947	-73.98490707	1
0	0	10725	157	40.69089272	-73.99612349	323	40.69236178	-73.98631746	1
0	0	40769	271	40.68528172	-73.97805813	239	40.69196566	-73.9813018	1
0	0	17155	474	40.7451677	-73.98683077	487	40.73314259	-73.97573881	1
0	0	23651	307	40.71427487	-73.98990025	473	40.72110063	-73.9919254	2
0	0	42038	438	40.72779126	-73.98564945	516	40.75206862	-73.96784384	1
0	0	14742	355	40.71602118	-73.99974372	291	40.713126	-73.984844	1
0	0	1013	223	40.73781509	-73.99994661	497	40.73704984	-73.99009296	1
0	0	21643	529	40.7575699	-73.99098507	449	40.76461837	-73.98789473	1
0	0	57861	308	40.71307916	-73.99851193	263	40.71729	-73.996375	1
0	0	47988	161	40.72917025	-73.99810231	457	40.76695317	-73.98169333	1
0	0	15854	467	40.68312489	-73.97895137	289	40.6845683	-73.95881081	1
0	0	48241	384	40.68317813	-73.9659641	437	40.6809833854	-73.9500479759	1
0	0	5467	317	40.72453734	-73.98185424	345	40.73649403	-73.99704374	1
0	0	13221	352	40.76340613	-73.97722479	281	40.7643971	-73.97371465	1
0	0	46752	326	40.72953837	-73.98426726	311	40.7172274	-73.98802084	1
0	0	11344	386	40.71494807	-74.00234482	147	40.71542197	-74.01121978	1
0	0	66973	248	40.72185379	-74.00771779	502	40.714215	-73.981346	1
0	0	69888	385	40.75797322	-73.96603308	284	40.7390169121	-74.0026376103	1
0	0	43641	508	40.76341379	-73.99667444	484	40.75500254	-73.98014437	2
0	0	5797	473	40.72110063	-73.9919254	347	40.72873888	-74.00748842	1
0	0	69646	322	40.696192	-73.991218	445	40.72740794	-73.98142006	1
0	0	35047	531	40.71893904	-73.99266288	334	40.74238787	-73.99726235	1
0	0	12607	304	40.70463334	-74.01361706	363	40.70834698	-74.01713445	1
0	0	25142	247	40.73535398	-74.00483091	284	40.7390169121	-74.0026376103	1
0	0	26729	340	40.71269042	-73.98776323	306	40.70823502	-74.00530063	1
0	0	25908	384	40.68317813	-73.9659641	258	40.68940747	-73.96885458	2
0	0	41581	475	40.73524276	-73.98758561	247	40.73535398	-74.00483091	1
0	0	66202	403	40.72502876	-73.99069656	498	40.74854862	-73.98808416	2
0	0	18941	477	40.75640548	-73.9900262	127	40.73172428	-74.00674436	1
0	0	15046	293	40.73028666	-73.9907647	293	40.73028666	-73.9907647	1
0	0	9557	368	40.73038599	-74.00214988	127	40.73172428	-74.00674436	1
0	0	51742	467	40.68312489	-73.97895137	471	40.71286844	-73.95698119	1
0	0	25877	403	40.72502876	-73.99069656	328	40.72405549	-74.00965965	1
0	0	23923	500	40.76228826	-73.98336183	345	40.73649403	-73.99704374	1
0	0	620	151	40.7218158	-73.99720307	128	40.72710258	-74.00297088	1
0	0	69889	397	40.68415748	-73.96922273	420	40.68764484	-73.96968902	1
0	0	31511	423	40.76584941	-73.98690506	2012	40.739445	-73.976806	1
0	0	11832	260	40.70365182	-74.01167797	260	40.70365182	-74.01167797	1
0	0	9953	488	40.75645824	-73.99372222	281	40.7643971	-73.97371465	4
0	0	7426	449	40.76461837	-73.98789473	168	40.73971301	-73.99456405	1
0	0	37738	528	40.74290902	-73.97706058	462	40.74691959	-74.00451887	1
0	0	40407	499	40.76915505	-73.98191841	440	40.75255434	-73.97282625	1
0	0	15500	352	40.76340613	-73.97722479	490	40.751551	-73.993934	1
0	0	32049	526	40.74765947	-73.98490707	545	40.736502	-73.97809472	1
0	0	46552	504	40.73221853	-73.98165557	546	40.74444921	-73.98303529	1
0	0	7081	293	40.73028666	-73.9907647	469	40.76344058	-73.98268129	1
0	0	26251	348	40.72490985	-74.00154702	540	40.74147286	-73.98320928	1
0	0	56467	327	40.7153379	-74.01658354	2017	40.75022392	-73.97121414	1
0	0	20467	531	40.71893904	-73.99266288	341	40.71782143	-73.97628939	1
0	0	12444	161	40.72917025	-73.99810231	268	40.71910537	-73.99973337	1
0	0	154	499	40.76915505	-73.98191841	281	40.7643971	-73.97371465	1
0	0	63926	445	40.72740794	-73.98142006	346	40.73652889	-74.00618026	1
0	0	9160	268	40.71910537	-73.99973337	128	40.72710258	-74.00297088	1
0	0	28269	266	40.72368361	-73.97574813	301	40.72217444	-73.98368779	1
0	0	17036	432	40.72621788	-73.98379855	311	40.7172274	-73.98802084	1
0	0	5915	473	40.72110063	-73.9919254	312	40.722055	-73.989111	1
0	0	37933	317	40.72453734	-73.98185424	422	40.770513	-73.988038	1
0	0	2469	539	40.71534825	-73.96024116	460	40.71285887	-73.96590294	1
0	0	2265	2012	40.739445	-73.976806	486	40.7462009	-73.98855723	1
0	0	28991	434	40.74317449	-74.00366443	383	40.735238	-74.000271	1
0	0	16142	447	40.76370739	-73.9851615	450	40.76227205	-73.98788205	1
0	0	51150	310	40.68926942	-73.98912867	143	40.69239502	-73.99337909	1
0	0	16889	281	40.7643971	-73.97371465	529	40.7575699	-73.99098507	1
0	0	7699	361	40.71605866	-73.99190759	462	40.74691959	-74.00451887	1
0	0	28533	368	40.73038599	-74.00214988	439	40.7262807	-73.98978041	1
0	0	20978	528	40.74290902	-73.97706058	454	40.75455731	-73.96592976	2
0	0	42184	401	40.72019576	-73.98997825	411	40.72228087	-73.97668709	1
0	0	20924	448	40.75660359	-73.9979009	447	40.76370739	-73.9851615	2
0	0	21379	483	40.73223272	-73.98889957	401	40.72019576	-73.98997825	1
0	0	23965	433	40.72955361	-73.98057249	150	40.7208736	-73.98085795	1
0	0	52226	446	40.74487634	-73.99529885	495	40.76269882	-73.99301222	1
0	0	33025	229	40.72743423	-73.99379025	472	40.7457121	-73.98194829	1
0	0	9199	466	40.74395411	-73.99144871	382	40.73492695	-73.99200509	1
0	0	12363	352	40.76340613	-73.97722479	305	40.76095756	-73.96724467	1
0	0	7632	2003	40.73416059	-73.98024289	325	40.73624527	-73.98473765	1
0	0	27490	423	40.76584941	-73.98690506	267	40.75097711	-73.98765428	1
0	0	49140	252	40.73226398	-73.99852205	263	40.71729	-73.996375	1
0	0	18616	495	40.76269882	-73.99301222	447	40.76370739	-73.9851615	1
0	0	13419	268	40.71910537	-73.99973337	307	40.71427487	-73.98990025	1
0	0	10147	329	40.72043411	-74.01020609	152	40.71473993	-74.00910627	1
0	0	49937	546	40.74444921	-73.98303529	228	40.7546011026	-73.971878855	1
0	0	29924	546	40.74444921	-73.98303529	488	40.75645824	-73.99372222	1
0	0	23670	311	40.7172274	-73.98802084	282	40.70827295	-73.96834101	1
0	0	59685	472	40.7457121	-73.98194829	307	40.71427487	-73.98990025	1
0	0	17224	432	40.72621788	-73.98379855	504	40.73221853	-73.98165557	1
0	0	21635	445	40.72740794	-73.98142006	521	40.75044999	-73.99481051	1
0	0	68239	284	40.7390169121	-74.0026376103	421	40.69573398	-73.97129668	1
0	0	7966	317	40.72453734	-73.98185424	161	40.72917025	-73.99810231	1
0	0	17815	380	40.73401143	-74.00293877	432	40.72621788	-73.98379855	1
0	0	23191	281	40.7643971	-73.97371465	477	40.75640548	-73.9900262	1
0	0	14075	263	40.71729	-73.996375	151	40.7218158	-73.99720307	1
0	0	9096	326	40.72953837	-73.98426726	382	40.73492695	-73.99200509	2
0	0	15729	324	40.689888	-73.981013	313	40.69610226	-73.96751037	1
0	0	7119	153	40.752062307	-73.9816324043	402	40.7403432	-73.98955109	2
0	0	8707	474	40.7451677	-73.98683077	482	40.73935542	-73.99931783	1
0	0	69892	510	40.7606597	-73.98042047	432	40.72621788	-73.98379855	1
0	0	50850	120	40.68676793	-73.95928168	157	40.69089272	-73.99612349	2
0	0	46221	312	40.722055	-73.989111	303	40.72362738	-73.99949601	1
0	0	43301	478	40.76030096	-73.99884222	448	40.75660359	-73.9979009	1
0	0	1135	497	40.73704984	-73.99009296	486	40.7462009	-73.98855723	1
0	0	13498	471	40.71286844	-73.95698119	539	40.71534825	-73.96024116	1
0	0	27584	251	40.72317958	-73.99480012	251	40.72317958	-73.99480012	1
0	0	21692	459	40.746745	-74.007756	311	40.7172274	-73.98802084	1
0	0	1260	471	40.71286844	-73.95698119	2002	40.716887	-73.963198	1
0	0	12185	497	40.73704984	-73.99009296	487	40.73314259	-73.97573881	1
0	0	23105	229	40.72743423	-73.99379025	474	40.7451677	-73.98683077	1
0	0	23956	293	40.73028666	-73.9907647	488	40.75645824	-73.99372222	1
0	0	41835	2002	40.716887	-73.963198	372	40.694528	-73.958089	1
0	0	5401	445	40.72740794	-73.98142006	237	40.73047309	-73.98672378	1
0	0	15413	377	40.72243797	-74.00566443	352	40.76340613	-73.97722479	1
0	0	24723	375	40.72679454	-73.99695094	439	40.7262807	-73.98978041	1
0	0	15097	422	40.770513	-73.988038	439	40.7262807	-73.98978041	1
0	0	1447	385	40.75797322	-73.96603308	167	40.7489006	-73.97604882	1
0	0	32785	161	40.72917025	-73.99810231	264	40.70706456	-74.00731853	1
0	0	24102	428	40.72467721	-73.98783413	540	40.74147286	-73.98320928	1
0	0	64739	383	40.735238	-74.000271	479	40.76019252	-73.9912551	1
0	0	48276	460	40.71285887	-73.96590294	307	40.71427487	-73.98990025	1
0	0	19393	511	40.72938685	-73.97772429	394	40.72521311	-73.97768752	1
0	0	69893	436	40.68216564	-73.95399026	312	40.722055	-73.989111	1
0	0	20209	489	40.75066386	-74.00176802	512	40.7500727	-73.99839279	1
0	0	59566	311	40.7172274	-73.98802084	82	40.71117416	-74.00016545	1
0	0	34633	295	40.71406667	-73.99293911	2009	40.71117444	-73.99682619	1
0	0	12627	403	40.72502876	-73.99069656	2004	40.724399	-74.004704	1
0	0	12808	324	40.689888	-73.981013	366	40.693261	-73.968896	1
0	0	35607	280	40.73331967	-73.99510132	433	40.72955361	-73.98057249	1
0	0	15203	294	40.73049393	-73.9957214	252	40.73226398	-73.99852205	1
0	0	4741	453	40.74475148	-73.99915362	380	40.73401143	-74.00293877	1
0	0	7989	494	40.74734825	-73.99723551	434	40.74317449	-74.00366443	1
0	0	35919	416	40.68753406	-73.97265183	261	40.69474881	-73.98362464	1
0	0	22904	375	40.72679454	-73.99695094	509	40.7454973	-74.00197139	1
0	0	12581	323	40.69236178	-73.98631746	312	40.722055	-73.989111	1
0	0	24353	237	40.73047309	-73.98672378	459	40.746745	-74.007756	1
0	0	32772	258	40.68940747	-73.96885458	353	40.68539567	-73.97431458	1
0	0	40829	251	40.72317958	-73.99480012	319	40.71336124	-74.00937622	2
0	0	27815	294	40.73049393	-73.9957214	326	40.72953837	-73.98426726	1
0	0	7568	465	40.75513557	-73.98658032	515	40.76009437	-73.99461843	1
0	0	47067	432	40.72621788	-73.98379855	2002	40.716887	-73.963198	1
0	0	45495	545	40.736502	-73.97809472	438	40.72779126	-73.98564945	1
0	0	23848	438	40.72779126	-73.98564945	252	40.73226398	-73.99852205	1
0	0	23566	368	40.73038599	-74.00214988	486	40.7462009	-73.98855723	1
0	0	25449	505	40.74901271	-73.98848395	528	40.74290902	-73.97706058	1
0	0	5553	2021	40.75929124	-73.98859651	442	40.746647	-73.993915	2
0	0	47752	312	40.722055	-73.989111	483	40.73223272	-73.98889957	1
0	0	15665	450	40.76227205	-73.98788205	509	40.7454973	-74.00197139	1
0	0	12174	128	40.72710258	-74.00297088	268	40.71910537	-73.99973337	1
0	0	11215	2010	40.72165481	-74.00234737	439	40.7262807	-73.98978041	2
0	0	57190	394	40.72521311	-73.97768752	349	40.71850211	-73.98329859	1
0	0	23151	293	40.73028666	-73.9907647	528	40.74290902	-73.97706058	1
0	0	23004	509	40.7454973	-74.00197139	477	40.75640548	-73.9900262	1
0	0	2474	346	40.73652889	-74.00618026	368	40.73038599	-74.00214988	1
0	0	20974	383	40.735238	-74.000271	404	40.7405826	-74.00550867	3
0	0	12136	504	40.73221853	-73.98165557	487	40.73314259	-73.97573881	1
0	0	19133	382	40.73492695	-73.99200509	252	40.73226398	-73.99852205	1
0	0	6275	499	40.76915505	-73.98191841	480	40.76669671	-73.99061728	1
0	0	29265	263	40.71729	-73.996375	412	40.7158155	-73.99422366	1
0	0	23976	369	40.73224119	-74.00026394	151	40.7218158	-73.99720307	1
0	0	22278	311	40.7172274	-73.98802084	342	40.71739973	-73.98016555	1
0	0	39898	528	40.74290902	-73.97706058	483	40.73223272	-73.98889957	1
0	0	13820	2021	40.75929124	-73.98859651	521	40.75044999	-73.99481051	1
0	0	10706	161	40.72917025	-73.99810231	483	40.73223272	-73.98889957	1
0	0	41115	360	40.70717936	-74.00887308	349	40.71850211	-73.98329859	1
0	0	18480	377	40.72243797	-74.00566443	268	40.71910537	-73.99973337	1
0	0	2100	430	40.7014851	-73.98656928	2000	40.70255088	-73.98940236	1
0	0	66420	312	40.722055	-73.989111	359	40.75510267	-73.97498696	1
0	0	373	504	40.73221853	-73.98165557	536	40.74144387	-73.97536082	1
0	0	45741	284	40.7390169121	-74.0026376103	475	40.73524276	-73.98758561	1
0	0	21192	401	40.72019576	-73.98997825	164	40.75323098	-73.97032517	1
0	0	9716	488	40.75645824	-73.99372222	462	40.74691959	-74.00451887	1
0	0	2454	293	40.73028666	-73.9907647	477	40.75640548	-73.9900262	1
0	0	1921	504	40.73221853	-73.98165557	459	40.746745	-74.007756	1
0	0	4480	380	40.73401143	-74.00293877	380	40.73401143	-74.00293877	1
0	0	23522	366	40.693261	-73.968896	365	40.68223166	-73.9614583	1
0	0	14804	468	40.7652654	-73.98192338	477	40.75640548	-73.9900262	1
0	0	78	252	40.73226398	-73.99852205	294	40.73049393	-73.9957214	2
0	0	66512	237	40.73047309	-73.98672378	441	40.756014	-73.967416	1
0	0	43156	325	40.73624527	-73.98473765	318	40.75320159	-73.9779874	1
0	0	11405	382	40.73492695	-73.99200509	433	40.72955361	-73.98057249	1
0	0	12133	402	40.7403432	-73.98955109	545	40.736502	-73.97809472	1
0	0	14606	357	40.73261787	-73.99158043	504	40.73221853	-73.98165557	1
0	0	35122	161	40.72917025	-73.99810231	412	40.7158155	-73.99422366	2
0	0	50182	212	40.74334935	-74.00681753	355	40.71602118	-73.99974372	1
0	0	69894	238	40.7361967	-74.00859207	356	40.71622644	-73.98261206	1
0	0	31978	410	40.72066442	-73.98517977	445	40.72740794	-73.98142006	1
0	0	23156	477	40.75640548	-73.9900262	512	40.7500727	-73.99839279	2
0	0	16626	167	40.7489006	-73.97604882	499	40.76915505	-73.98191841	1
0	0	28404	325	40.73624527	-73.98473765	485	40.75038009	-73.98338988	1
0	0	22910	405	40.739323	-74.008119	475	40.73524276	-73.98758561	1
0	0	4676	511	40.72938685	-73.97772429	317	40.72453734	-73.98185424	1
0	0	33596	251	40.72317958	-73.99480012	350	40.71559509	-73.9870295	1
0	0	9293	545	40.736502	-73.97809472	528	40.74290902	-73.97706058	1
0	0	52720	438	40.72779126	-73.98564945	361	40.71605866	-73.99190759	1
0	0	40422	469	40.76344058	-73.98268129	504	40.73221853	-73.98165557	1
0	0	44157	352	40.76340613	-73.97722479	512	40.7500727	-73.99839279	1
0	0	17599	265	40.72229346	-73.99147535	350	40.71559509	-73.9870295	1
0	0	8900	151	40.7218158	-73.99720307	268	40.71910537	-73.99973337	1
0	0	15765	404	40.7405826	-74.00550867	2021	40.75929124	-73.98859651	1
0	0	54132	167	40.7489006	-73.97604882	265	40.72229346	-73.99147535	1
0	0	358	382	40.73492695	-73.99200509	161	40.72917025	-73.99810231	1
0	0	5460	251	40.72317958	-73.99480012	363	40.70834698	-74.01713445	1
0	0	19486	79	40.71911552	-74.00666661	229	40.72743423	-73.99379025	1
0	0	35595	326	40.72953837	-73.98426726	428	40.72467721	-73.98783413	1
0	0	22999	462	40.74691959	-74.00451887	405	40.739323	-74.008119	1
0	0	20646	462	40.74691959	-74.00451887	238	40.7361967	-74.00859207	1
0	0	56773	532	40.710451	-73.960876	354	40.69363137	-73.96223558	1
0	0	18939	540	40.74147286	-73.98320928	463	40.74206539	-74.00443172	1
0	0	81	323	40.69236178	-73.98631746	325	40.73624527	-73.98473765	1
0	0	2296	441	40.756014	-73.967416	507	40.73912601	-73.97973776	1
0	0	117	447	40.76370739	-73.9851615	499	40.76915505	-73.98191841	1
0	0	5281	147	40.71542197	-74.01121978	337	40.7037992	-74.00838676	1
0	0	20841	428	40.72467721	-73.98783413	438	40.72779126	-73.98564945	1
0	0	36273	268	40.71910537	-73.99973337	351	40.70530954	-74.00612572	1
0	0	719	521	40.75044999	-73.99481051	457	40.76695317	-73.98169333	1
0	0	39751	276	40.71748752	-74.0104554	146	40.71625008	-74.0091059	1
0	0	13244	450	40.76227205	-73.98788205	482	40.73935542	-73.99931783	1
0	0	7456	463	40.74206539	-74.00443172	521	40.75044999	-73.99481051	1
0	0	51830	383	40.735238	-74.000271	250	40.72456089	-73.99565293	1
0	0	11669	468	40.7652654	-73.98192338	450	40.76227205	-73.98788205	2
0	0	26477	369	40.73224119	-74.00026394	268	40.71910537	-73.99973337	1
0	0	24114	258	40.68940747	-73.96885458	384	40.68317813	-73.9659641	1
0	0	20474	151	40.7218158	-73.99720307	152	40.71473993	-74.00910627	1
0	0	10717	350	40.71559509	-73.9870295	342	40.71739973	-73.98016555	1
0	0	5051	79	40.71911552	-74.00666661	257	40.71939226	-74.00247214	1
0	0	29052	330	40.71450451	-74.00562789	311	40.7172274	-73.98802084	2
0	0	49331	334	40.74238787	-73.99726235	507	40.73912601	-73.97973776	1
0	0	6628	505	40.74901271	-73.98848395	457	40.76695317	-73.98169333	1
0	0	32975	157	40.69089272	-73.99612349	397	40.68415748	-73.96922273	1
0	0	29047	440	40.75255434	-73.97282625	305	40.76095756	-73.96724467	1
0	0	8613	435	40.74173969	-73.99415556	490	40.751551	-73.993934	1
0	0	27298	289	40.6845683	-73.95881081	364	40.68900443	-73.96023854	1
0	0	2225	284	40.7390169121	-74.0026376103	521	40.75044999	-73.99481051	1
0	0	4275	519	40.75188406	-73.97770164	515	40.76009437	-73.99461843	1
0	0	26848	428	40.72467721	-73.98783413	355	40.71602118	-73.99974372	1
0	0	7770	296	40.71413089	-73.9970468	312	40.722055	-73.989111	1
0	0	50	334	40.74238787	-73.99726235	439	40.7262807	-73.98978041	1
0	0	22139	293	40.73028666	-73.9907647	174	40.7381765	-73.97738662	1
0	0	21799	494	40.74734825	-73.99723551	368	40.73038599	-74.00214988	1
0	0	55707	223	40.73781509	-73.99994661	403	40.72502876	-73.99069656	1
0	0	18282	449	40.76461837	-73.98789473	488	40.75645824	-73.99372222	1
0	0	11073	490	40.751551	-73.993934	479	40.76019252	-73.9912551	1
0	0	46371	368	40.73038599	-74.00214988	546	40.74444921	-73.98303529	1
0	0	37574	441	40.756014	-73.967416	455	40.75001986	-73.96905301	1
0	0	12909	326	40.72953837	-73.98426726	151	40.7218158	-73.99720307	1
0	0	43751	350	40.71559509	-73.9870295	82	40.71117416	-74.00016545	1
0	0	18157	223	40.73781509	-73.99994661	540	40.74147286	-73.98320928	1
0	0	13269	323	40.69236178	-73.98631746	157	40.69089272	-73.99612349	1
0	0	3935	382	40.73492695	-73.99200509	382	40.73492695	-73.99200509	1
0	0	46275	369	40.73224119	-74.00026394	445	40.72740794	-73.98142006	1
0	0	39081	546	40.74444921	-73.98303529	453	40.74475148	-73.99915362	1
0	0	25576	252	40.73226398	-73.99852205	317	40.72453734	-73.98185424	1
0	0	20199	494	40.74734825	-73.99723551	470	40.74345335	-74.00004031	1
0	0	1489	482	40.73935542	-73.99931783	280	40.73331967	-73.99510132	1
0	0	4030	504	40.73221853	-73.98165557	174	40.7381765	-73.97738662	1
0	0	30884	326	40.72953837	-73.98426726	369	40.73224119	-74.00026394	1
0	0	33031	448	40.75660359	-73.9979009	505	40.74901271	-73.98848395	1
0	0	42221	354	40.69363137	-73.96223558	399	40.68851534	-73.9647628	1
0	0	14226	265	40.72229346	-73.99147535	401	40.72019576	-73.98997825	1
0	0	57984	236	40.7284186	-73.98713956	479	40.76019252	-73.9912551	1
0	0	4564	325	40.73624527	-73.98473765	459	40.746745	-74.007756	1
0	0	11391	401	40.72019576	-73.98997825	237	40.73047309	-73.98672378	1
0	0	29375	405	40.739323	-74.008119	470	40.74345335	-74.00004031	1
0	0	13959	485	40.75038009	-73.98338988	546	40.74444921	-73.98303529	1
0	0	36531	501	40.744219	-73.97121214	516	40.75206862	-73.96784384	1
0	0	4732	127	40.73172428	-74.00674436	368	40.73038599	-74.00214988	1
0	0	26769	445	40.72740794	-73.98142006	410	40.72066442	-73.98517977	1
0	0	20992	531	40.71893904	-73.99266288	312	40.722055	-73.989111	1
0	0	26419	416	40.68753406	-73.97265183	364	40.68900443	-73.96023854	1
0	0	21909	229	40.72743423	-73.99379025	251	40.72317958	-73.99480012	1
0	0	45160	265	40.72229346	-73.99147535	265	40.72229346	-73.99147535	1
0	0	39605	486	40.7462009	-73.98855723	512	40.7500727	-73.99839279	1
0	0	69883	403	40.72502876	-73.99069656	534	40.70255065	-74.0127234	1
0	0	64947	392	40.695065	-73.987167	270	40.69308257	-73.97178913	1
0	0	69884	471	40.71286844	-73.95698119	518	40.74780373	-73.9734419	1
0	0	23688	83	40.68382604	-73.97632328	310	40.68926942	-73.98912867	1
0	0	21264	312	40.722055	-73.989111	326	40.72953837	-73.98426726	1
0	0	3916	380	40.73401143	-74.00293877	2003	40.73416059	-73.98024289	1
0	0	10384	2004	40.724399	-74.004704	375	40.72679454	-73.99695094	1
0	0	16864	428	40.72467721	-73.98783413	458	40.751396	-74.005226	1
0	0	29373	2017	40.75022392	-73.97121414	2003	40.73416059	-73.98024289	1
0	0	41537	462	40.74691959	-74.00451887	439	40.7262807	-73.98978041	1
0	0	21842	539	40.71534825	-73.96024116	410	40.72066442	-73.98517977	1
0	0	4860	475	40.73524276	-73.98758561	284	40.7390169121	-74.0026376103	1
0	0	7149	2004	40.724399	-74.004704	432	40.72621788	-73.98379855	4
0	0	47156	369	40.73224119	-74.00026394	434	40.74317449	-74.00366443	1
0	0	152	345	40.73649403	-73.99704374	450	40.76227205	-73.98788205	1
0	0	43243	2004	40.724399	-74.004704	276	40.71748752	-74.0104554	1
0	0	30301	228	40.7546011026	-73.971878855	518	40.74780373	-73.9734419	1
0	0	12856	368	40.73038599	-74.00214988	2004	40.724399	-74.004704	1
0	0	33897	301	40.72217444	-73.98368779	290	40.76020258	-73.96478473	2
0	0	25294	360	40.70717936	-74.00887308	152	40.71473993	-74.00910627	2
0	0	12339	509	40.7454973	-74.00197139	432	40.72621788	-73.98379855	1
0	0	22935	334	40.74238787	-73.99726235	238	40.7361967	-74.00859207	1
0	0	2838	499	40.76915505	-73.98191841	448	40.75660359	-73.9979009	1
0	0	9433	458	40.751396	-74.005226	459	40.746745	-74.007756	1
0	0	47005	439	40.7262807	-73.98978041	345	40.73649403	-73.99704374	1
0	0	39023	540	40.74147286	-73.98320928	494	40.74734825	-73.99723551	1
0	0	2001	382	40.73492695	-73.99200509	223	40.73781509	-73.99994661	1
0	0	9014	458	40.751396	-74.005226	453	40.74475148	-73.99915362	1
0	0	27565	525	40.75594159	-74.0021163	490	40.751551	-73.993934	1
0	0	6634	540	40.74147286	-73.98320928	168	40.73971301	-73.99456405	2
0	0	10478	224	40.71146364	-74.00552427	264	40.70706456	-74.00731853	1
0	0	11833	444	40.7423543	-73.98915076	285	40.73454567	-73.99074142	1
0	0	18416	473	40.72110063	-73.9919254	307	40.71427487	-73.98990025	1
0	0	23841	410	40.72066442	-73.98517977	358	40.73291553	-74.00711384	1
0	0	11648	368	40.73038599	-74.00214988	253	40.73543934	-73.99453948	1
0	0	24830	457	40.76695317	-73.98169333	518	40.74780373	-73.9734419	1
0	0	22089	403	40.72502876	-73.99069656	325	40.73624527	-73.98473765	1
0	0	17809	368	40.73038599	-74.00214988	531	40.71893904	-73.99266288	1
0	0	14355	362	40.75172632	-73.98753523	252	40.73226398	-73.99852205	1
0	0	22252	444	40.7423543	-73.98915076	160	40.748238	-73.978311	1
0	0	44890	483	40.73223272	-73.98889957	512	40.7500727	-73.99839279	1
0	0	23859	307	40.71427487	-73.98990025	174	40.7381765	-73.97738662	1
0	0	23218	458	40.751396	-74.005226	284	40.7390169121	-74.0026376103	1
0	0	32951	72	40.76727216	-73.99392888	284	40.7390169121	-74.0026376103	1
0	0	6742	358	40.73291553	-74.00711384	224	40.71146364	-74.00552427	1
0	0	23211	285	40.73454567	-73.99074142	174	40.7381765	-73.97738662	1
0	0	64125	537	40.74025878	-73.98409214	489	40.75066386	-74.00176802	1
0	0	16062	497	40.73704984	-73.99009296	369	40.73224119	-74.00026394	1
0	0	23390	258	40.68940747	-73.96885458	539	40.71534825	-73.96024116	3
0	0	57982	526	40.74765947	-73.98490707	271	40.68528172	-73.97805813	1
0	0	292	529	40.7575699	-73.99098507	482	40.73935542	-73.99931783	1
0	0	45282	475	40.73524276	-73.98758561	432	40.72621788	-73.98379855	1
0	0	29318	423	40.76584941	-73.98690506	528	40.74290902	-73.97706058	1
0	0	11664	521	40.75044999	-73.99481051	466	40.74395411	-73.99144871	1
0	0	30206	433	40.72955361	-73.98057249	368	40.73038599	-74.00214988	1
0	0	20750	528	40.74290902	-73.97706058	485	40.75038009	-73.98338988	1
0	0	30	536	40.74144387	-73.97536082	512	40.7500727	-73.99839279	1
0	0	15225	473	40.72110063	-73.9919254	238	40.7361967	-74.00859207	1
0	0	56868	526	40.74765947	-73.98490707	513	40.768254	-73.988639	1
0	0	21267	497	40.73704984	-73.99009296	473	40.72110063	-73.9919254	1
0	0	25131	349	40.71850211	-73.98329859	531	40.71893904	-73.99266288	1
0	0	22296	368	40.73038599	-74.00214988	473	40.72110063	-73.9919254	1
0	0	27080	432	40.72621788	-73.98379855	507	40.73912601	-73.97973776	1
0	0	24886	495	40.76269882	-73.99301222	327	40.7153379	-74.01658354	1
0	0	69885	261	40.69474881	-73.98362464	536	40.74144387	-73.97536082	1
0	0	12251	453	40.74475148	-73.99915362	236	40.7284186	-73.98713956	1
0	0	47780	265	40.72229346	-73.99147535	528	40.74290902	-73.97706058	1
0	0	28400	280	40.73331967	-73.99510132	280	40.73331967	-73.99510132	1
0	0	1057	293	40.73028666	-73.9907647	445	40.72740794	-73.98142006	1
0	0	20589	325	40.73624527	-73.98473765	432	40.72621788	-73.98379855	1
0	0	69886	310	40.68926942	-73.98912867	502	40.714215	-73.981346	1
0	0	17797	453	40.74475148	-73.99915362	499	40.76915505	-73.98191841	3
0	0	29464	403	40.72502876	-73.99069656	247	40.73535398	-74.00483091	1
0	0	21991	504	40.73221853	-73.98165557	537	40.74025878	-73.98409214	1
0	0	35016	447	40.76370739	-73.9851615	294	40.73049393	-73.9957214	1
0	0	37011	510	40.7606597	-73.98042047	345	40.73649403	-73.99704374	1
0	0	15363	168	40.73971301	-73.99456405	504	40.73221853	-73.98165557	1
0	0	22126	447	40.76370739	-73.9851615	475	40.73524276	-73.98758561	1
0	0	10940	380	40.73401143	-74.00293877	312	40.722055	-73.989111	1
0	0	11767	538	40.75795248	-73.97787642	173	40.76064679	-73.98442659	1
0	0	27786	459	40.746745	-74.007756	526	40.74765947	-73.98490707	1
0	0	44952	472	40.7457121	-73.98194829	445	40.72740794	-73.98142006	1
0	0	63886	239	40.69196566	-73.9813018	414	40.70281858	-73.98765762	1
0	0	33758	408	40.71076228	-73.99400398	380	40.73401143	-74.00293877	1
0	0	4815	285	40.73454567	-73.99074142	375	40.72679454	-73.99695094	1
0	0	4191	537	40.74025878	-73.98409214	167	40.7489006	-73.97604882	1
0	0	15226	293	40.73028666	-73.9907647	453	40.74475148	-73.99915362	2
0	0	35293	317	40.72453734	-73.98185424	254	40.73532427	-73.99800419	1
0	0	33488	404	40.7405826	-74.00550867	290	40.76020258	-73.96478473	1
0	0	13063	439	40.7262807	-73.98978041	445	40.72740794	-73.98142006	1
0	0	12275	521	40.75044999	-73.99481051	2021	40.75929124	-73.98859651	1
0	0	69887	445	40.72740794	-73.98142006	241	40.68981035	-73.97493121	1
0	0	19582	237	40.73047309	-73.98672378	174	40.7381765	-73.97738662	2
0	0	54869	453	40.74475148	-73.99915362	441	40.756014	-73.967416	1
0	0	40529	326	40.72953837	-73.98426726	252	40.73226398	-73.99852205	2
0	0	26049	257	40.71939226	-74.00247214	82	40.71117416	-74.00016545	1
0	0	55191	418	40.70224	-73.982578	229	40.72743423	-73.99379025	2
0	0	20620	151	40.7218158	-73.99720307	317	40.72453734	-73.98185424	1
0	0	27158	470	40.74345335	-74.00004031	489	40.75066386	-74.00176802	1
0	0	13424	359	40.75510267	-73.97498696	472	40.7457121	-73.98194829	1
0	0	11327	497	40.73704984	-73.99009296	438	40.72779126	-73.98564945	1
0	0	47024	326	40.72953837	-73.98426726	350	40.71559509	-73.9870295	1
0	0	46645	369	40.73224119	-74.00026394	401	40.72019576	-73.98997825	1
0	0	33515	167	40.7489006	-73.97604882	448	40.75660359	-73.9979009	1
0	0	17077	524	40.75527307	-73.98316936	528	40.74290902	-73.97706058	1
0	0	15285	238	40.7361967	-74.00859207	401	40.72019576	-73.98997825	1
0	0	48510	229	40.72743423	-73.99379025	412	40.7158155	-73.99422366	1
0	0	258	312	40.722055	-73.989111	361	40.71605866	-73.99190759	1
0	0	10661	445	40.72740794	-73.98142006	497	40.73704984	-73.99009296	1
0	0	7997	446	40.74487634	-73.99529885	489	40.75066386	-74.00176802	1
0	0	4369	360	40.70717936	-74.00887308	224	40.71146364	-74.00552427	2
0	0	8887	161	40.72917025	-73.99810231	410	40.72066442	-73.98517977	1
0	0	15539	223	40.73781509	-73.99994661	317	40.72453734	-73.98185424	1
0	0	66	325	40.73624527	-73.98473765	526	40.74765947	-73.98490707	1
0	0	10725	157	40.69089272	-73.99612349	323	40.69236178	-73.98631746	1
0	0	40769	271	40.68528172	-73.97805813	239	40.69196566	-73.9813018	1
0	0	17155	474	40.7451677	-73.98683077	487	40.73314259	-73.97573881	1
0	0	23651	307	40.71427487	-73.98990025	473	40.72110063	-73.9919254	2
0	0	42038	438	40.72779126	-73.98564945	516	40.75206862	-73.96784384	1
0	0	14742	355	40.71602118	-73.99974372	291	40.713126	-73.984844	1
0	0	1013	223	40.73781509	-73.99994661	497	40.73704984	-73.99009296	1
0	0	21643	529	40.7575699	-73.99098507	449	40.76461837	-73.98789473	1
0	0	57861	308	40.71307916	-73.99851193	263	40.71729	-73.996375	1
0	0	47988	161	40.72917025	-73.99810231	457	40.76695317	-73.98169333	1
0	0	15854	467	40.68312489	-73.97895137	289	40.6845683	-73.95881081	1
0	0	48241	384	40.68317813	-73.9659641	437	40.6809833854	-73.9500479759	1
0	0	5467	317	40.72453734	-73.98185424	345	40.73649403	-73.99704374	1
0	0	13221	352	40.76340613	-73.97722479	281	40.7643971	-73.97371465	1
0	0	46752	326	40.72953837	-73.98426726	311	40.7172274	-73.98802084	1
0	0	11344	386	40.71494807	-74.00234482	147	40.71542197	-74.01121978	1
0	0	66973	248	40.72185379	-74.00771779	502	40.714215	-73.981346	1
0	0	69888	385	40.75797322	-73.96603308	284	40.7390169121	-74.0026376103	1
0	0	43641	508	40.76341379	-73.99667444	484	40.75500254	-73.98014437	2
0	0	5797	473	40.72110063	-73.9919254	347	40.72873888	-74.00748842	1
0	0	69646	322	40.696192	-73.991218	445	40.72740794	-73.98142006	1
0	0	35047	531	40.71893904	-73.99266288	334	40.74238787	-73.99726235	1
0	0	12607	304	40.70463334	-74.01361706	363	40.70834698	-74.01713445	1
0	0	25142	247	40.73535398	-74.00483091	284	40.7390169121	-74.0026376103	1
0	0	26729	340	40.71269042	-73.98776323	306	40.70823502	-74.00530063	1
0	0	25908	384	40.68317813	-73.9659641	258	40.68940747	-73.96885458	2
0	0	41581	475	40.73524276	-73.98758561	247	40.73535398	-74.00483091	1
0	0	66202	403	40.72502876	-73.99069656	498	40.74854862	-73.98808416	2
0	0	18941	477	40.75640548	-73.9900262	127	40.73172428	-74.00674436	1
0	0	15046	293	40.73028666	-73.9907647	293	40.73028666	-73.9907647	1
0	0	9557	368	40.73038599	-74.00214988	127	40.73172428	-74.00674436	1
0	0	51742	467	40.68312489	-73.97895137	471	40.71286844	-73.95698119	1
0	0	25877	403	40.72502876	-73.99069656	328	40.72405549	-74.00965965	1
0	0	23923	500	40.76228826	-73.98336183	345	40.73649403	-73.99704374	1
0	0	620	151	40.7218158	-73.99720307	128	40.72710258	-74.00297088	1
0	0	69889	397	40.68415748	-73.96922273	420	40.68764484	-73.96968902	1
0	0	31511	423	40.76584941	-73.98690506	2012	40.739445	-73.976806	1
0	0	11832	260	40.70365182	-74.01167797	260	40.70365182	-74.01167797	1
0	0	9953	488	40.75645824	-73.99372222	281	40.7643971	-73.97371465	4
0	0	7426	449	40.76461837	-73.98789473	168	40.73971301	-73.99456405	1
0	0	37738	528	40.74290902	-73.97706058	462	40.74691959	-74.00451887	1
0	0	40407	499	40.76915505	-73.98191841	440	40.75255434	-73.97282625	1
0	0	15500	352	40.76340613	-73.97722479	490	40.751551	-73.993934	1
0	0	32049	526	40.74765947	-73.98490707	545	40.736502	-73.97809472	1
0	0	46552	504	40.73221853	-73.98165557	546	40.74444921	-73.98303529	1
0	0	69890	467	40.68312489	-73.97895137	456	40.7597108	-73.97402311	1
0	0	7081	293	40.73028666	-73.9907647	469	40.76344058	-73.98268129	1
0	0	26251	348	40.72490985	-74.00154702	540	40.74147286	-73.98320928	1
0	0	56467	327	40.7153379	-74.01658354	2017	40.75022392	-73.97121414	1
0	0	20467	531	40.71893904	-73.99266288	341	40.71782143	-73.97628939	1
0	0	12444	161	40.72917025	-73.99810231	268	40.71910537	-73.99973337	1
0	0	154	499	40.76915505	-73.98191841	281	40.7643971	-73.97371465	1
0	0	63926	445	40.72740794	-73.98142006	346	40.73652889	-74.00618026	1
0	0	9160	268	40.71910537	-73.99973337	128	40.72710258	-74.00297088	1
0	0	28269	266	40.72368361	-73.97574813	301	40.72217444	-73.98368779	1
0	0	17036	432	40.72621788	-73.98379855	311	40.7172274	-73.98802084	2
0	0	5915	473	40.72110063	-73.9919254	312	40.722055	-73.989111	1
0	0	37933	317	40.72453734	-73.98185424	422	40.770513	-73.988038	1
0	0	2469	539	40.71534825	-73.96024116	460	40.71285887	-73.96590294	1
0	0	2265	2012	40.739445	-73.976806	486	40.7462009	-73.98855723	1
0	0	28991	434	40.74317449	-74.00366443	383	40.735238	-74.000271	1
0	0	16142	447	40.76370739	-73.9851615	450	40.76227205	-73.98788205	1
0	0	51150	310	40.68926942	-73.98912867	143	40.69239502	-73.99337909	1
0	0	16889	281	40.7643971	-73.97371465	529	40.7575699	-73.99098507	1
0	0	7699	361	40.71605866	-73.99190759	462	40.74691959	-74.00451887	1
0	0	28533	368	40.73038599	-74.00214988	439	40.7262807	-73.98978041	1
0	0	20978	528	40.74290902	-73.97706058	454	40.75455731	-73.96592976	2
0	0	42184	401	40.72019576	-73.98997825	411	40.72228087	-73.97668709	1
0	0	69891	409	40.6906495	-73.95643107	410	40.72066442	-73.98517977	1
0	0	20924	448	40.75660359	-73.9979009	447	40.76370739	-73.9851615	2
0	0	21379	483	40.73223272	-73.98889957	401	40.72019576	-73.98997825	1
0	0	23965	433	40.72955361	-73.98057249	150	40.7208736	-73.98085795	1
0	0	52226	446	40.74487634	-73.99529885	495	40.76269882	-73.99301222	1
0	0	33025	229	40.72743423	-73.99379025	472	40.7457121	-73.98194829	1
0	0	9199	466	40.74395411	-73.99144871	382	40.73492695	-73.99200509	1
0	0	12363	352	40.76340613	-73.97722479	305	40.76095756	-73.96724467	1
0	0	7632	2003	40.73416059	-73.98024289	325	40.73624527	-73.98473765	1
0	0	27490	423	40.76584941	-73.98690506	267	40.75097711	-73.98765428	1
0	0	49140	252	40.73226398	-73.99852205	263	40.71729	-73.996375	1
0	0	18616	495	40.76269882	-73.99301222	447	40.76370739	-73.9851615	1
0	0	13419	268	40.71910537	-73.99973337	307	40.71427487	-73.98990025	1
0	0	10147	329	40.72043411	-74.01020609	152	40.71473993	-74.00910627	1
0	0	49937	546	40.74444921	-73.98303529	228	40.7546011026	-73.971878855	1
0	0	29924	546	40.74444921	-73.98303529	488	40.75645824	-73.99372222	1
0	0	23670	311	40.7172274	-73.98802084	282	40.70827295	-73.96834101	1
0	0	59685	472	40.7457121	-73.98194829	307	40.71427487	-73.98990025	1
0	0	17224	432	40.72621788	-73.98379855	504	40.73221853	-73.98165557	1
0	0	21635	445	40.72740794	-73.98142006	521	40.75044999	-73.99481051	1
0	0	68239	284	40.7390169121	-74.0026376103	421	40.69573398	-73.97129668	1
0	0	7966	317	40.72453734	-73.98185424	161	40.72917025	-73.99810231	1
0	0	17815	380	40.73401143	-74.00293877	432	40.72621788	-73.98379855	1
0	0	23191	281	40.7643971	-73.97371465	477	40.75640548	-73.9900262	1
0	0	14075	263	40.71729	-73.996375	151	40.7218158	-73.99720307	1
0	0	9096	326	40.72953837	-73.98426726	382	40.73492695	-73.99200509	2
0	0	15729	324	40.689888	-73.981013	313	40.69610226	-73.96751037	1
0	0	7119	153	40.752062307	-73.9816324043	402	40.7403432	-73.98955109	2
0	0	8707	474	40.7451677	-73.98683077	482	40.73935542	-73.99931783	1
0	0	69892	510	40.7606597	-73.98042047	432	40.72621788	-73.98379855	1
0	0	50850	120	40.68676793	-73.95928168	157	40.69089272	-73.99612349	2
0	0	46221	312	40.722055	-73.989111	303	40.72362738	-73.99949601	1
0	0	43301	478	40.76030096	-73.99884222	448	40.75660359	-73.9979009	1
0	0	1135	497	40.73704984	-73.99009296	486	40.7462009	-73.98855723	1
0	0	13498	471	40.71286844	-73.95698119	539	40.71534825	-73.96024116	1
0	0	27584	251	40.72317958	-73.99480012	251	40.72317958	-73.99480012	1
0	0	21692	459	40.746745	-74.007756	311	40.7172274	-73.98802084	1
0	0	1260	471	40.71286844	-73.95698119	2002	40.716887	-73.963198	1
0	0	12185	497	40.73704984	-73.99009296	487	40.73314259	-73.97573881	1
0	0	23105	229	40.72743423	-73.99379025	474	40.7451677	-73.98683077	1
0	0	23956	293	40.73028666	-73.9907647	488	40.75645824	-73.99372222	1
0	0	41835	2002	40.716887	-73.963198	372	40.694528	-73.958089	1
0	0	5401	445	40.72740794	-73.98142006	237	40.73047309	-73.98672378	1
0	0	15413	377	40.72243797	-74.00566443	352	40.76340613	-73.97722479	1
0	0	24723	375	40.72679454	-73.99695094	439	40.7262807	-73.98978041	1
0	0	15097	422	40.770513	-73.988038	439	40.7262807	-73.98978041	1
0	0	1447	385	40.75797322	-73.96603308	167	40.7489006	-73.97604882	1
0	0	32785	161	40.72917025	-73.99810231	264	40.70706456	-74.00731853	1
0	0	24102	428	40.72467721	-73.98783413	540	40.74147286	-73.98320928	1
0	0	64739	383	40.735238	-74.000271	479	40.76019252	-73.9912551	1
0	0	48276	460	40.71285887	-73.96590294	307	40.71427487	-73.98990025	1
0	0	19393	511	40.72938685	-73.97772429	394	40.72521311	-73.97768752	1
0	0	69893	436	40.68216564	-73.95399026	312	40.722055	-73.989111	1
0	0	20209	489	40.75066386	-74.00176802	512	40.7500727	-73.99839279	1
0	0	59566	311	40.7172274	-73.98802084	82	40.71117416	-74.00016545	1
0	0	34633	295	40.71406667	-73.99293911	2009	40.71117444	-73.99682619	1
0	0	12627	403	40.72502876	-73.99069656	2004	40.724399	-74.004704	1
0	0	12808	324	40.689888	-73.981013	366	40.693261	-73.968896	1
0	0	35607	280	40.73331967	-73.99510132	433	40.72955361	-73.98057249	1
0	0	15203	294	40.73049393	-73.9957214	252	40.73226398	-73.99852205	1
0	0	4741	453	40.74475148	-73.99915362	380	40.73401143	-74.00293877	1
0	0	7989	494	40.74734825	-73.99723551	434	40.74317449	-74.00366443	1
0	0	35919	416	40.68753406	-73.97265183	261	40.69474881	-73.98362464	1
0	0	22904	375	40.72679454	-73.99695094	509	40.7454973	-74.00197139	1
0	0	12581	323	40.69236178	-73.98631746	312	40.722055	-73.989111	1
0	0	24353	237	40.73047309	-73.98672378	459	40.746745	-74.007756	1
0	0	32772	258	40.68940747	-73.96885458	353	40.68539567	-73.97431458	1
0	0	40829	251	40.72317958	-73.99480012	319	40.71336124	-74.00937622	2
0	0	27815	294	40.73049393	-73.9957214	326	40.72953837	-73.98426726	1
0	0	7568	465	40.75513557	-73.98658032	515	40.76009437	-73.99461843	1
0	0	47067	432	40.72621788	-73.98379855	2002	40.716887	-73.963198	1
0	0	45495	545	40.736502	-73.97809472	438	40.72779126	-73.98564945	1
0	0	23848	438	40.72779126	-73.98564945	252	40.73226398	-73.99852205	1
0	0	23566	368	40.73038599	-74.00214988	486	40.7462009	-73.98855723	1
0	0	25449	505	40.74901271	-73.98848395	528	40.74290902	-73.97706058	1
0	0	5553	2021	40.75929124	-73.98859651	442	40.746647	-73.993915	2
0	0	47752	312	40.722055	-73.989111	483	40.73223272	-73.98889957	1
0	0	15665	450	40.76227205	-73.98788205	509	40.7454973	-74.00197139	1
0	0	12174	128	40.72710258	-74.00297088	268	40.71910537	-73.99973337	1
0	0	11215	2010	40.72165481	-74.00234737	439	40.7262807	-73.98978041	2
0	0	57190	394	40.72521311	-73.97768752	349	40.71850211	-73.98329859	1
0	0	23151	293	40.73028666	-73.9907647	528	40.74290902	-73.97706058	1
0	0	23004	509	40.7454973	-74.00197139	477	40.75640548	-73.9900262	1
0	0	2474	346	40.73652889	-74.00618026	368	40.73038599	-74.00214988	1
0	0	20974	383	40.735238	-74.000271	404	40.7405826	-74.00550867	3
0	0	12136	504	40.73221853	-73.98165557	487	40.73314259	-73.97573881	1
0	0	19133	382	40.73492695	-73.99200509	252	40.73226398	-73.99852205	1
0	0	6275	499	40.76915505	-73.98191841	480	40.76669671	-73.99061728	1
0	0	29265	263	40.71729	-73.996375	412	40.7158155	-73.99422366	1
0	0	23976	369	40.73224119	-74.00026394	151	40.7218158	-73.99720307	1
0	0	22278	311	40.7172274	-73.98802084	342	40.71739973	-73.98016555	1
0	0	39898	528	40.74290902	-73.97706058	483	40.73223272	-73.98889957	1
0	0	13820	2021	40.75929124	-73.98859651	521	40.75044999	-73.99481051	1
0	0	10706	161	40.72917025	-73.99810231	483	40.73223272	-73.98889957	1
0	0	41115	360	40.70717936	-74.00887308	349	40.71850211	-73.98329859	1
0	0	47276	401	40.72019576	-73.98997825	513	40.768254	-73.988639	1
0	0	18480	377	40.72243797	-74.00566443	268	40.71910537	-73.99973337	1
0	0	2100	430	40.7014851	-73.98656928	2000	40.70255088	-73.98940236	1
0	0	66420	312	40.722055	-73.989111	359	40.75510267	-73.97498696	1
0	0	373	504	40.73221853	-73.98165557	536	40.74144387	-73.97536082	1
0	0	45741	284	40.7390169121	-74.0026376103	475	40.73524276	-73.98758561	1
0	0	21192	401	40.72019576	-73.98997825	164	40.75323098	-73.97032517	1
0	0	9716	488	40.75645824	-73.99372222	462	40.74691959	-74.00451887	1
0	0	2454	293	40.73028666	-73.9907647	477	40.75640548	-73.9900262	1
0	0	1921	504	40.73221853	-73.98165557	459	40.746745	-74.007756	1
0	0	4480	380	40.73401143	-74.00293877	380	40.73401143	-74.00293877	1
0	0	23522	366	40.693261	-73.968896	365	40.68223166	-73.9614583	1
0	0	14804	468	40.7652654	-73.98192338	477	40.75640548	-73.9900262	1
0	0	78	252	40.73226398	-73.99852205	294	40.73049393	-73.9957214	2
0	0	66512	237	40.73047309	-73.98672378	441	40.756014	-73.967416	1
0	0	43156	325	40.73624527	-73.98473765	318	40.75320159	-73.9779874	1
0	0	11405	382	40.73492695	-73.99200509	433	40.72955361	-73.98057249	1
0	0	12133	402	40.7403432	-73.98955109	545	40.736502	-73.97809472	1
0	0	14606	357	40.73261787	-73.99158043	504	40.73221853	-73.98165557	1
0	0	35122	161	40.72917025	-73.99810231	412	40.7158155	-73.99422366	2
0	0	50182	212	40.74334935	-74.00681753	355	40.71602118	-73.99974372	1
0	0	69894	238	40.7361967	-74.00859207	356	40.71622644	-73.98261206	1
0	0	31978	410	40.72066442	-73.98517977	445	40.72740794	-73.98142006	1
0	0	23156	477	40.75640548	-73.9900262	512	40.7500727	-73.99839279	2
0	0	16626	167	40.7489006	-73.97604882	499	40.76915505	-73.98191841	1
0	0	28404	325	40.73624527	-73.98473765	485	40.75038009	-73.98338988	1
0	0	22910	405	40.739323	-74.008119	475	40.73524276	-73.98758561	1
0	0	4676	511	40.72938685	-73.97772429	317	40.72453734	-73.98185424	1
0	0	43776	428	40.72467721	-73.98783413	518	40.74780373	-73.9734419	1
0	0	33596	251	40.72317958	-73.99480012	350	40.71559509	-73.9870295	1
0	0	9293	545	40.736502	-73.97809472	528	40.74290902	-73.97706058	1
0	0	52720	438	40.72779126	-73.98564945	361	40.71605866	-73.99190759	1
0	0	40422	469	40.76344058	-73.98268129	504	40.73221853	-73.98165557	1
0	0	44157	352	40.76340613	-73.97722479	512	40.7500727	-73.99839279	1
0	0	17599	265	40.72229346	-73.99147535	350	40.71559509	-73.9870295	1
0	0	8900	151	40.7218158	-73.99720307	268	40.71910537	-73.99973337	1
0	0	15765	404	40.7405826	-74.00550867	2021	40.75929124	-73.98859651	1
0	0	54132	167	40.7489006	-73.97604882	265	40.72229346	-73.99147535	1
0	0	358	382	40.73492695	-73.99200509	161	40.72917025	-73.99810231	1
0	0	5460	251	40.72317958	-73.99480012	363	40.70834698	-74.01713445	1
0	0	19486	79	40.71911552	-74.00666661	229	40.72743423	-73.99379025	1
0	0	54743	350	40.71559509	-73.9870295	359	40.75510267	-73.97498696	1
0	0	35595	326	40.72953837	-73.98426726	428	40.72467721	-73.98783413	1
0	0	22999	462	40.74691959	-74.00451887	405	40.739323	-74.008119	1
0	0	20646	462	40.74691959	-74.00451887	238	40.7361967	-74.00859207	1
0	0	56773	532	40.710451	-73.960876	354	40.69363137	-73.96223558	1
0	0	18939	540	40.74147286	-73.98320928	463	40.74206539	-74.00443172	1
0	0	22534	498	40.74854862	-73.98808416	528	40.74290902	-73.97706058	1
0	0	81	323	40.69236178	-73.98631746	325	40.73624527	-73.98473765	1
0	0	2296	441	40.756014	-73.967416	507	40.73912601	-73.97973776	1
0	0	69895	471	40.71286844	-73.95698119	472	40.7457121	-73.98194829	1
0	0	117	447	40.76370739	-73.9851615	499	40.76915505	-73.98191841	1
0	0	55466	415	40.7047177	-74.00926027	345	40.73649403	-73.99704374	1
0	0	5281	147	40.71542197	-74.01121978	337	40.7037992	-74.00838676	1
0	0	69896	312	40.722055	-73.989111	414	40.70281858	-73.98765762	2
0	0	20841	428	40.72467721	-73.98783413	438	40.72779126	-73.98564945	1
0	0	36273	268	40.71910537	-73.99973337	351	40.70530954	-74.00612572	1
0	0	719	521	40.75044999	-73.99481051	457	40.76695317	-73.98169333	1
0	0	39751	276	40.71748752	-74.0104554	146	40.71625008	-74.0091059	1
0	0	13244	450	40.76227205	-73.98788205	482	40.73935542	-73.99931783	1
0	0	7456	463	40.74206539	-74.00443172	521	40.75044999	-73.99481051	1
0	0	51830	383	40.735238	-74.000271	250	40.72456089	-73.99565293	1
0	0	11669	468	40.7652654	-73.98192338	450	40.76227205	-73.98788205	2
0	0	50303	445	40.72740794	-73.98142006	368	40.73038599	-74.00214988	2
0	0	26477	369	40.73224119	-74.00026394	268	40.71910537	-73.99973337	1
0	0	24114	258	40.68940747	-73.96885458	384	40.68317813	-73.9659641	1
0	0	20474	151	40.7218158	-73.99720307	152	40.71473993	-74.00910627	1
0	0	10717	350	40.71559509	-73.9870295	342	40.71739973	-73.98016555	1
0	0	5051	79	40.71911552	-74.00666661	257	40.71939226	-74.00247214	1
0	0	29052	330	40.71450451	-74.00562789	311	40.7172274	-73.98802084	2
0	0	49331	334	40.74238787	-73.99726235	507	40.73912601	-73.97973776	1
0	0	6628	505	40.74901271	-73.98848395	457	40.76695317	-73.98169333	1
0	0	32975	157	40.69089272	-73.99612349	397	40.68415748	-73.96922273	1
0	0	2293	428	40.72467721	-73.98783413	385	40.75797322	-73.96603308	1
0	0	29047	440	40.75255434	-73.97282625	305	40.76095756	-73.96724467	1
0	0	8613	435	40.74173969	-73.99415556	490	40.751551	-73.993934	1
0	0	15372	482	40.73935542	-73.99931783	482	40.73935542	-73.99931783	1
0	0	27298	289	40.6845683	-73.95881081	364	40.68900443	-73.96023854	1
0	0	2225	284	40.7390169121	-74.0026376103	521	40.75044999	-73.99481051	1
0	0	4275	519	40.75188406	-73.97770164	515	40.76009437	-73.99461843	1
0	0	26848	428	40.72467721	-73.98783413	355	40.71602118	-73.99974372	1
0	0	7770	296	40.71413089	-73.9970468	312	40.722055	-73.989111	1
0	0	39560	403	40.72502876	-73.99069656	532	40.710451	-73.960876	1
0	0	50	334	40.74238787	-73.99726235	439	40.7262807	-73.98978041	1
0	0	50906	473	40.72110063	-73.9919254	447	40.76370739	-73.9851615	1
0	0	22139	293	40.73028666	-73.9907647	174	40.7381765	-73.97738662	1
0	0	21799	494	40.74734825	-73.99723551	368	40.73038599	-74.00214988	1
0	0	6536	303	40.72362738	-73.99949601	229	40.72743423	-73.99379025	1
0	0	66086	468	40.7652654	-73.98192338	147	40.71542197	-74.01121978	1
0	0	55707	223	40.73781509	-73.99994661	403	40.72502876	-73.99069656	1
0	0	18282	449	40.76461837	-73.98789473	488	40.75645824	-73.99372222	1
0	0	2548	459	40.746745	-74.007756	486	40.7462009	-73.98855723	1
0	0	11073	490	40.751551	-73.993934	479	40.76019252	-73.9912551	1
0	0	46371	368	40.73038599	-74.00214988	546	40.74444921	-73.98303529	1
0	0	37574	441	40.756014	-73.967416	455	40.75001986	-73.96905301	1
0	0	12909	326	40.72953837	-73.98426726	151	40.7218158	-73.99720307	1
0	0	43751	350	40.71559509	-73.9870295	82	40.71117416	-74.00016545	1
0	0	52972	365	40.68223166	-73.9614583	539	40.71534825	-73.96024116	1
0	0	22227	453	40.74475148	-73.99915362	369	40.73224119	-74.00026394	1
0	0	21876	445	40.72740794	-73.98142006	312	40.722055	-73.989111	1
0	0	18157	223	40.73781509	-73.99994661	540	40.74147286	-73.98320928	1
0	0	13269	323	40.69236178	-73.98631746	157	40.69089272	-73.99612349	1
0	0	3935	382	40.73492695	-73.99200509	382	40.73492695	-73.99200509	1
0	0	46275	369	40.73224119	-74.00026394	445	40.72740794	-73.98142006	1
0	0	20189	432	40.72621788	-73.98379855	295	40.71406667	-73.99293911	1
0	0	39081	546	40.74444921	-73.98303529	453	40.74475148	-73.99915362	1
0	0	25576	252	40.73226398	-73.99852205	317	40.72453734	-73.98185424	1
0	0	20199	494	40.74734825	-73.99723551	470	40.74345335	-74.00004031	1
0	0	41095	160	40.748238	-73.978311	495	40.76269882	-73.99301222	1
0	0	1489	482	40.73935542	-73.99931783	280	40.73331967	-73.99510132	1
0	0	4030	504	40.73221853	-73.98165557	174	40.7381765	-73.97738662	1
0	0	30884	326	40.72953837	-73.98426726	369	40.73224119	-74.00026394	1
0	0	22174	477	40.75640548	-73.9900262	494	40.74734825	-73.99723551	1
0	0	49207	473	40.72110063	-73.9919254	435	40.74173969	-73.99415556	1
0	0	33031	448	40.75660359	-73.9979009	505	40.74901271	-73.98848395	1
0	0	24555	445	40.72740794	-73.98142006	537	40.74025878	-73.98409214	2
0	0	29523	382	40.73492695	-73.99200509	477	40.75640548	-73.9900262	1
0	0	42221	354	40.69363137	-73.96223558	399	40.68851534	-73.9647628	1
0	0	14226	265	40.72229346	-73.99147535	401	40.72019576	-73.98997825	1
0	0	57984	236	40.7284186	-73.98713956	479	40.76019252	-73.9912551	1
0	0	21833	345	40.73649403	-73.99704374	127	40.73172428	-74.00674436	1
0	0	4564	325	40.73624527	-73.98473765	459	40.746745	-74.007756	1
0	0	11391	401	40.72019576	-73.98997825	237	40.73047309	-73.98672378	1
0	0	29375	405	40.739323	-74.008119	470	40.74345335	-74.00004031	1
0	0	13959	485	40.75038009	-73.98338988	546	40.74444921	-73.98303529	1
0	0	36531	501	40.744219	-73.97121214	516	40.75206862	-73.96784384	1
0	0	69897	364	40.68900443	-73.96023854	526	40.74765947	-73.98490707	1
0	0	34772	412	40.7158155	-73.99422366	242	40.69788349	-73.97350332	2
0	0	4732	127	40.73172428	-74.00674436	368	40.73038599	-74.00214988	1
0	0	7777	284	40.7390169121	-74.0026376103	489	40.75066386	-74.00176802	1
0	0	31925	316	40.70955958	-74.00653609	295	40.71406667	-73.99293911	1
0	0	23421	312	40.722055	-73.989111	412	40.7158155	-73.99422366	1
0	0	16148	318	40.75320159	-73.9779874	385	40.75797322	-73.96603308	1
0	0	443	539	40.71534825	-73.96024116	428	40.72467721	-73.98783413	1
0	0	12039	444	40.7423543	-73.98915076	237	40.73047309	-73.98672378	1
0	0	350	401	40.72019576	-73.98997825	433	40.72955361	-73.98057249	1
0	0	26769	445	40.72740794	-73.98142006	410	40.72066442	-73.98517977	1
0	0	20992	531	40.71893904	-73.99266288	312	40.722055	-73.989111	1
0	0	60613	300	40.728145	-73.990214	482	40.73935542	-73.99931783	1
0	0	18687	311	40.7172274	-73.98802084	532	40.710451	-73.960876	1
0	0	26419	416	40.68753406	-73.97265183	364	40.68900443	-73.96023854	1
0	0	21909	229	40.72743423	-73.99379025	251	40.72317958	-73.99480012	1
0	0	29702	346	40.73652889	-74.00618026	280	40.73331967	-73.99510132	1
0	0	6936	490	40.751551	-73.993934	536	40.74144387	-73.97536082	1
0	0	31666	355	40.71602118	-73.99974372	401	40.72019576	-73.98997825	2
0	0	32721	536	40.74144387	-73.97536082	433	40.72955361	-73.98057249	1
0	0	36763	485	40.75038009	-73.98338988	447	40.76370739	-73.9851615	1
0	0	67767	507	40.73912601	-73.97973776	512	40.7500727	-73.99839279	1
0	0	18867	446	40.74487634	-73.99529885	2003	40.73416059	-73.98024289	1
0	0	45160	265	40.72229346	-73.99147535	265	40.72229346	-73.99147535	1
0	0	39605	486	40.7462009	-73.98855723	512	40.7500727	-73.99839279	1
0	0	11635	521	40.75044999	-73.99481051	450	40.76227205	-73.98788205	1
0	0	10180	432	40.72621788	-73.98379855	531	40.71893904	-73.99266288	1
0	0	7563	382	40.73492695	-73.99200509	545	40.736502	-73.97809472	1
0	0	30708	539	40.71534825	-73.96024116	293	40.73028666	-73.9907647	2
0	0	47222	539	40.71534825	-73.96024116	433	40.72955361	-73.98057249	2
0	0	22984	432	40.72621788	-73.98379855	473	40.72110063	-73.9919254	1
0	0	69898	539	40.71534825	-73.96024116	511	40.72938685	-73.97772429	1
0	0	40946	310	40.68926942	-73.98912867	307	40.71427487	-73.98990025	1
0	0	58064	237	40.73047309	-73.98672378	72	40.76727216	-73.99392888	1
0	0	368	2021	40.75929124	-73.98859651	525	40.75594159	-74.0021163	1
0	0	38262	153	40.752062307	-73.9816324043	284	40.7390169121	-74.0026376103	1
0	0	21509	301	40.72217444	-73.98368779	511	40.72938685	-73.97772429	1
0	0	33597	301	40.72217444	-73.98368779	329	40.72043411	-74.01020609	1
0	0	23995	459	40.746745	-74.007756	433	40.72955361	-73.98057249	1
0	0	26562	460	40.71285887	-73.96590294	354	40.69363137	-73.96223558	1
0	0	9954	438	40.72779126	-73.98564945	153	40.752062307	-73.9816324043	1
0	0	17495	377	40.72243797	-74.00566443	147	40.71542197	-74.01121978	1
0	0	25001	522	40.75714758	-73.97207836	488	40.75645824	-73.99372222	1
0	0	2730	82	40.71117416	-74.00016545	295	40.71406667	-73.99293911	1
0	0	24922	368	40.73038599	-74.00214988	351	40.70530954	-74.00612572	2
0	0	4	430	40.7014851	-73.98656928	323	40.69236178	-73.98631746	1
0	0	1530	479	40.76019252	-73.9912551	484	40.75500254	-73.98014437	1
0	0	18884	528	40.74290902	-73.97706058	237	40.73047309	-73.98672378	1
0	0	7874	265	40.72229346	-73.99147535	445	40.72740794	-73.98142006	1
0	0	12472	486	40.7462009	-73.98855723	325	40.73624527	-73.98473765	1
0	0	30809	486	40.7462009	-73.98855723	504	40.73221853	-73.98165557	1
0	0	20069	385	40.75797322	-73.96603308	528	40.74290902	-73.97706058	1
0	0	11439	267	40.75097711	-73.98765428	457	40.76695317	-73.98169333	1
0	0	9833	294	40.73049393	-73.9957214	438	40.72779126	-73.98564945	1
0	0	52787	267	40.75097711	-73.98765428	528	40.74290902	-73.97706058	1
