0	22	3756	363	40.70834698	-74.01713445	2008	40.70569254	-74.01677685	1
0	22	70566	443	40.70853074	-73.96408963	483	40.73223272	-73.98889957	1
0	22	70570	526	40.74765947	-73.98490707	406	40.69512845	-73.99595065	1
0	22	34873	422	40.770513	-73.988038	404	40.7405826	-74.00550867	1
0	22	27269	458	40.751396	-74.005226	513	40.768254	-73.988639	1
0	22	54548	510	40.7606597	-73.98042047	394	40.72521311	-73.97768752	1
0	22	28167	488	40.75645824	-73.99372222	456	40.7597108	-73.97402311	2
0	22	70575	389	40.71044554	-73.96525063	528	40.74290902	-73.97706058	1
0	22	34213	432	40.72621788	-73.98379855	2021	40.75929124	-73.98859651	1
0	22	31911	375	40.72679454	-73.99695094	462	40.74691959	-74.00451887	1
0	22	70576	312	40.722055	-73.989111	372	40.694528	-73.958089	1
0	22	9205	284	40.7390169121	-74.0026376103	228	40.7546011026	-73.971878855	1
0	22	44748	334	40.74238787	-73.99726235	301	40.72217444	-73.98368779	1
0	22	43487	335	40.72903917	-73.99404649	330	40.71450451	-74.00562789	1
0	22	6749	293	40.73028666	-73.9907647	426	40.71754834	-74.01322069	1
0	22	36604	504	40.73221853	-73.98165557	264	40.70706456	-74.00731853	1
0	22	46602	346	40.73652889	-74.00618026	301	40.72217444	-73.98368779	2
0	22	6893	490	40.751551	-73.993934	347	40.72873888	-74.00748842	2
0	22	70578	531	40.71893904	-73.99266288	372	40.694528	-73.958089	1
0	22	21548	116	40.74177603	-74.00149746	2022	40.75849116	-73.95920622	1
0	22	6463	308	40.71307916	-73.99851193	494	40.74734825	-73.99723551	1
0	22	69014	408	40.71076228	-73.99400398	160	40.748238	-73.978311	1
0	22	53772	526	40.74765947	-73.98490707	251	40.72317958	-73.99480012	1
0	22	52975	430	40.7014851	-73.98656928	471	40.71286844	-73.95698119	1
0	22	10838	315	40.70355377	-74.00670227	426	40.71754834	-74.01322069	1
0	22	16801	430	40.7014851	-73.98656928	539	40.71534825	-73.96024116	1
0	22	35435	453	40.74475148	-73.99915362	517	40.75149263	-73.97798848	2
0	22	35047	531	40.71893904	-73.99266288	334	40.74238787	-73.99726235	1
0	22	70579	224	40.71146364	-74.00552427	465	40.75513557	-73.98658032	2
0	22	34624	482	40.73935542	-73.99931783	411	40.72228087	-73.97668709	1
0	22	50563	507	40.73912601	-73.97973776	509	40.7454973	-74.00197139	1
0	22	10000	446	40.74487634	-73.99529885	284	40.7390169121	-74.0026376103	1
0	22	59853	340	40.71269042	-73.98776323	489	40.75066386	-74.00176802	1
0	22	45938	498	40.74854862	-73.98808416	348	40.72490985	-74.00154702	1
0	22	25861	507	40.73912601	-73.97973776	385	40.75797322	-73.96603308	1
0	22	46390	528	40.74290902	-73.97706058	348	40.72490985	-74.00154702	1
0	22	23037	284	40.7390169121	-74.0026376103	459	40.746745	-74.007756	1
0	22	29205	401	40.72019576	-73.98997825	146	40.71625008	-74.0091059	1
0	22	61711	389	40.71044554	-73.96525063	120	40.68676793	-73.95928168	1
0	22	38351	325	40.73624527	-73.98473765	499	40.76915505	-73.98191841	1
0	22	52117	395	40.68807003	-73.98410637	2004	40.724399	-74.004704	1
0	22	21169	285	40.73454567	-73.99074142	528	40.74290902	-73.97706058	1
0	22	32536	128	40.72710258	-74.00297088	301	40.72217444	-73.98368779	1
0	22	29485	394	40.72521311	-73.97768752	380	40.73401143	-74.00293877	1
0	22	36626	482	40.73935542	-73.99931783	152	40.71473993	-74.00910627	1
0	22	51451	453	40.74475148	-73.99915362	433	40.72955361	-73.98057249	1
0	22	15765	404	40.7405826	-74.00550867	2021	40.75929124	-73.98859651	1
0	22	56692	441	40.756014	-73.967416	457	40.76695317	-73.98169333	2
0	22	905	406	40.69512845	-73.99595065	406	40.69512845	-73.99595065	1
0	22	23640	270	40.69308257	-73.97178913	344	40.6851443	-73.95380904	1
0	22	13784	293	40.73028666	-73.9907647	505	40.74901271	-73.98848395	2
0	22	56854	336	40.73047747	-73.99906065	2022	40.75849116	-73.95920622	2
0	22	28234	368	40.73038599	-74.00214988	312	40.722055	-73.989111	1
0	22	14367	457	40.76695317	-73.98169333	359	40.75510267	-73.97498696	1
0	22	70581	414	40.70281858	-73.98765762	346	40.73652889	-74.00618026	1
0	22	36768	499	40.76915505	-73.98191841	280	40.73331967	-73.99510132	1
0	22	32496	284	40.7390169121	-74.0026376103	251	40.72317958	-73.99480012	1
0	22	16158	473	40.72110063	-73.9919254	340	40.71269042	-73.98776323	1
0	22	46222	313	40.69610226	-73.96751037	120	40.68676793	-73.95928168	1
0	22	29636	295	40.71406667	-73.99293911	302	40.72082834	-73.97793172	1
0	22	33520	518	40.74780373	-73.9734419	432	40.72621788	-73.98379855	1
0	22	39692	518	40.74780373	-73.9734419	380	40.73401143	-74.00293877	1
0	22	25991	505	40.74901271	-73.98848395	536	40.74144387	-73.97536082	1
0	22	25106	497	40.73704984	-73.99009296	545	40.736502	-73.97809472	1
0	22	21153	447	40.76370739	-73.9851615	497	40.73704984	-73.99009296	1
0	22	21453	466	40.74395411	-73.99144871	462	40.74691959	-74.00451887	1
0	22	20835	497	40.73704984	-73.99009296	528	40.74290902	-73.97706058	1
0	22	7760	469	40.76344058	-73.98268129	507	40.73912601	-73.97973776	1
0	22	24664	236	40.7284186	-73.98713956	380	40.73401143	-74.00293877	2
0	22	35016	447	40.76370739	-73.9851615	294	40.73049393	-73.9957214	1
0	22	12938	377	40.72243797	-74.00566443	426	40.71754834	-74.01322069	1
0	22	24386	489	40.75066386	-74.00176802	450	40.76227205	-73.98788205	1
0	22	46059	469	40.76344058	-73.98268129	410	40.72066442	-73.98517977	1
0	22	70582	300	40.728145	-73.990214	281	40.7643971	-73.97371465	2
0	22	6347	254	40.73532427	-73.99800419	533	40.75299641	-73.98721619	1
0	22	34292	438	40.72779126	-73.98564945	174	40.7381765	-73.97738662	1
0	22	8082	483	40.73223272	-73.98889957	403	40.72502876	-73.99069656	1
0	22	47881	500	40.76228826	-73.98336183	507	40.73912601	-73.97973776	1
0	22	32705	336	40.73047747	-73.99906065	445	40.72740794	-73.98142006	1
0	22	5252	116	40.74177603	-74.00149746	435	40.74173969	-73.99415556	1
0	22	57878	236	40.7284186	-73.98713956	342	40.71739973	-73.98016555	1
0	22	55874	463	40.74206539	-74.00443172	312	40.722055	-73.989111	1
0	22	41974	539	40.71534825	-73.96024116	364	40.68900443	-73.96023854	1
0	22	17925	485	40.75038009	-73.98338988	537	40.74025878	-73.98409214	1
0	22	6403	305	40.76095756	-73.96724467	457	40.76695317	-73.98169333	1
0	22	7705	497	40.73704984	-73.99009296	236	40.7284186	-73.98713956	1
0	22	70583	268	40.71910537	-73.99973337	495	40.76269882	-73.99301222	1
0	22	46524	225	40.74195138	-74.00803013	212	40.74334935	-74.00681753	1
0	22	32877	546	40.74444921	-73.98303529	484	40.75500254	-73.98014437	1
0	22	11170	309	40.7149787	-74.013012	320	40.71743998	-74.00583475	1
0	22	49574	311	40.7172274	-73.98802084	389	40.71044554	-73.96525063	1
0	22	32384	365	40.68223166	-73.9614583	416	40.68753406	-73.97265183	1
0	22	70584	167	40.7489006	-73.97604882	410	40.72066442	-73.98517977	1
0	22	16083	531	40.71893904	-73.99266288	502	40.714215	-73.981346	1
0	22	12822	479	40.76019252	-73.9912551	494	40.74734825	-73.99723551	1
0	22	43700	322	40.696192	-73.991218	330	40.71450451	-74.00562789	1
0	22	20861	284	40.7390169121	-74.0026376103	442	40.746647	-73.993915	1
0	22	52025	223	40.73781509	-73.99994661	433	40.72955361	-73.98057249	1
0	22	28651	323	40.69236178	-73.98631746	2004	40.724399	-74.004704	1
0	22	64898	499	40.76915505	-73.98191841	151	40.7218158	-73.99720307	1
0	22	19714	311	40.7172274	-73.98802084	301	40.72217444	-73.98368779	1
0	22	18035	2008	40.70569254	-74.01677685	495	40.76269882	-73.99301222	1
0	22	60900	2008	40.70569254	-74.01677685	376	40.70862144	-74.00722156	1
0	22	21253	251	40.72317958	-73.99480012	127	40.73172428	-74.00674436	1
0	22	9755	474	40.7451677	-73.98683077	479	40.76019252	-73.9912551	1
0	22	33349	521	40.75044999	-73.99481051	300	40.728145	-73.990214	1
0	22	25837	116	40.74177603	-74.00149746	388	40.749717753	-74.002950346	1
0	22	4554	522	40.75714758	-73.97207836	518	40.74780373	-73.9734419	1
0	22	27318	507	40.73912601	-73.97973776	526	40.74765947	-73.98490707	2
0	22	4708	460	40.71285887	-73.96590294	481	40.71260486	-73.96264403	1
0	22	14735	368	40.73038599	-74.00214988	237	40.73047309	-73.98672378	1
0	22	11309	307	40.71427487	-73.98990025	349	40.71850211	-73.98329859	1
0	22	10325	375	40.72679454	-73.99695094	280	40.73331967	-73.99510132	2
0	22	340	284	40.7390169121	-74.0026376103	512	40.7500727	-73.99839279	1
0	22	10075	307	40.71427487	-73.98990025	229	40.72743423	-73.99379025	1
0	22	22804	531	40.71893904	-73.99266288	293	40.73028666	-73.9907647	1
0	22	12301	335	40.72903917	-73.99404649	433	40.72955361	-73.98057249	1
0	22	27565	525	40.75594159	-74.0021163	490	40.751551	-73.993934	1
0	22	30567	382	40.73492695	-73.99200509	195	40.70905623	-74.01043382	1
0	22	61381	249	40.71870987	-74.0090009	161	40.72917025	-73.99810231	1
0	22	1927	504	40.73221853	-73.98165557	518	40.74780373	-73.9734419	1
0	22	13714	521	40.75044999	-73.99481051	352	40.76340613	-73.97722479	1
0	22	34258	521	40.75044999	-73.99481051	480	40.76669671	-73.99061728	1
0	22	21175	161	40.72917025	-73.99810231	267	40.75097711	-73.98765428	1
0	22	21187	297	40.734232	-73.986923	466	40.74395411	-73.99144871	1
0	22	23637	490	40.751551	-73.993934	317	40.72453734	-73.98185424	1
0	22	35287	450	40.76227205	-73.98788205	247	40.73535398	-74.00483091	1
0	22	51871	435	40.74173969	-73.99415556	72	40.76727216	-73.99392888	1
0	22	11890	458	40.751396	-74.005226	509	40.7454973	-74.00197139	1
0	22	16716	293	40.73028666	-73.9907647	127	40.73172428	-74.00674436	1
0	22	31490	377	40.72243797	-74.00566443	482	40.73935542	-73.99931783	1
0	22	12467	173	40.76064679	-73.98442659	468	40.7652654	-73.98192338	1
0	22	2966	310	40.68926942	-73.98912867	241	40.68981035	-73.97493121	1
0	22	22089	403	40.72502876	-73.99069656	325	40.73624527	-73.98473765	2
0	22	10147	329	40.72043411	-74.01020609	152	40.71473993	-74.00910627	1
0	22	29367	79	40.71911552	-74.00666661	127	40.73172428	-74.00674436	1
0	22	17522	387	40.71273266	-74.0046073	366	40.693261	-73.968896	1
0	22	29401	450	40.76227205	-73.98788205	546	40.74444921	-73.98303529	1
0	22	64953	531	40.71893904	-73.99266288	2022	40.75849116	-73.95920622	1
0	22	51698	317	40.72453734	-73.98185424	302	40.72082834	-73.97793172	1
0	22	13719	488	40.75645824	-73.99372222	509	40.7454973	-74.00197139	2
0	22	7161	528	40.74290902	-73.97706058	472	40.7457121	-73.98194829	1
0	22	32530	325	40.73624527	-73.98473765	317	40.72453734	-73.98185424	2
0	22	307	150	40.7208736	-73.98085795	388	40.749717753	-74.002950346	1
0	22	5067	317	40.72453734	-73.98185424	473	40.72110063	-73.9919254	1
0	22	5802	466	40.74395411	-73.99144871	472	40.7457121	-73.98194829	1
0	22	13368	295	40.71406667	-73.99293911	331	40.71173107	-73.99193043	1
0	22	35437	513	40.768254	-73.988639	458	40.751396	-74.005226	2
0	22	17018	212	40.74334935	-74.00681753	480	40.76669671	-73.99061728	2
0	22	8833	263	40.71729	-73.996375	350	40.71559509	-73.9870295	1
0	22	27819	323	40.69236178	-73.98631746	346	40.73652889	-74.00618026	1
0	22	20291	531	40.71893904	-73.99266288	504	40.73221853	-73.98165557	1
0	22	56994	361	40.71605866	-73.99190759	389	40.71044554	-73.96525063	1
0	22	45281	537	40.74025878	-73.98409214	358	40.73291553	-74.00711384	1
0	22	7091	405	40.739323	-74.008119	329	40.72043411	-74.01020609	1
0	22	25203	426	40.71754834	-74.01322069	151	40.7218158	-73.99720307	1
0	22	1835	426	40.71754834	-74.01322069	284	40.7390169121	-74.0026376103	1
0	22	27158	470	40.74345335	-74.00004031	489	40.75066386	-74.00176802	1
0	22	11200	253	40.73543934	-73.99453948	466	40.74395411	-73.99144871	1
0	22	32719	325	40.73624527	-73.98473765	483	40.73223272	-73.98889957	1
0	22	3951	380	40.73401143	-74.00293877	518	40.74780373	-73.9734419	1
0	22	6597	368	40.73038599	-74.00214988	518	40.74780373	-73.9734419	1
0	22	12032	532	40.710451	-73.960876	539	40.71534825	-73.96024116	2
0	22	9160	268	40.71910537	-73.99973337	128	40.72710258	-74.00297088	1
0	22	4273	528	40.74290902	-73.97706058	459	40.746745	-74.007756	1
0	22	6681	426	40.71754834	-74.01322069	348	40.72490985	-74.00154702	1
0	22	27327	426	40.71754834	-74.01322069	453	40.74475148	-73.99915362	1
0	22	45990	528	40.74290902	-73.97706058	150	40.7208736	-73.98085795	1
0	22	26939	244	40.69196035	-73.96536851	2002	40.716887	-73.963198	1
0	22	21563	444	40.7423543	-73.98915076	466	40.74395411	-73.99144871	1
0	22	48408	438	40.72779126	-73.98564945	251	40.72317958	-73.99480012	1
0	22	68114	458	40.751396	-74.005226	291	40.713126	-73.984844	1
0	22	13495	528	40.74290902	-73.97706058	174	40.7381765	-73.97738662	1
0	22	13098	161	40.72917025	-73.99810231	347	40.72873888	-74.00748842	1
0	22	17758	521	40.75044999	-73.99481051	509	40.7454973	-74.00197139	1
0	22	49797	335	40.72903917	-73.99404649	515	40.76009437	-73.99461843	1
0	22	12336	352	40.76340613	-73.97722479	385	40.75797322	-73.96603308	1
0	22	588	128	40.72710258	-74.00297088	254	40.73532427	-73.99800419	1
0	22	45395	481	40.71260486	-73.96264403	460	40.71285887	-73.96590294	1
0	22	19237	475	40.73524276	-73.98758561	428	40.72467721	-73.98783413	1
0	22	43768	446	40.74487634	-73.99529885	498	40.74854862	-73.98808416	1
0	22	3563	394	40.72521311	-73.97768752	428	40.72467721	-73.98783413	1
0	22	33496	404	40.7405826	-74.00550867	512	40.7500727	-73.99839279	1
0	22	15172	426	40.71754834	-74.01322069	128	40.72710258	-74.00297088	1
0	22	20757	380	40.73401143	-74.00293877	453	40.74475148	-73.99915362	1
0	22	17304	296	40.71413089	-73.9970468	291	40.713126	-73.984844	1
0	22	19030	296	40.71413089	-73.9970468	150	40.7208736	-73.98085795	1
0	22	23390	258	40.68940747	-73.96885458	539	40.71534825	-73.96024116	1
0	22	54588	79	40.71911552	-74.00666661	403	40.72502876	-73.99069656	1
0	22	32360	529	40.7575699	-73.99098507	412	40.7158155	-73.99422366	1
0	22	16095	416	40.68753406	-73.97265183	270	40.69308257	-73.97178913	1
0	22	27701	319	40.71336124	-74.00937622	380	40.73401143	-74.00293877	1
0	22	46799	508	40.76341379	-73.99667444	453	40.74475148	-73.99915362	1
0	22	23342	346	40.73652889	-74.00618026	357	40.73261787	-73.99158043	1
0	22	41843	475	40.73524276	-73.98758561	380	40.73401143	-74.00293877	1
0	22	31820	528	40.74290902	-73.97706058	301	40.72217444	-73.98368779	1
0	22	49859	487	40.73314259	-73.97573881	301	40.72217444	-73.98368779	1
0	22	11725	388	40.749717753	-74.002950346	499	40.76915505	-73.98191841	1
0	22	8684	236	40.7284186	-73.98713956	459	40.746745	-74.007756	1
0	22	34449	326	40.72953837	-73.98426726	454	40.75455731	-73.96592976	1
0	22	15902	499	40.76915505	-73.98191841	479	40.76019252	-73.9912551	2
0	22	6732	265	40.72229346	-73.99147535	483	40.73223272	-73.98889957	1
0	22	20528	212	40.74334935	-74.00681753	375	40.72679454	-73.99695094	1
0	22	3042	357	40.73261787	-73.99158043	357	40.73261787	-73.99158043	1
0	22	41226	507	40.73912601	-73.97973776	312	40.722055	-73.989111	1
0	22	36883	319	40.71336124	-74.00937622	307	40.71427487	-73.98990025	1
0	22	31732	257	40.71939226	-74.00247214	428	40.72467721	-73.98783413	1
0	22	39162	524	40.75527307	-73.98316936	128	40.72710258	-74.00297088	1
0	22	21468	212	40.74334935	-74.00681753	247	40.73535398	-74.00483091	1
0	22	12010	505	40.74901271	-73.98848395	444	40.7423543	-73.98915076	1
0	22	5094	327	40.7153379	-74.01658354	2008	40.70569254	-74.01677685	2
0	22	19614	296	40.71413089	-73.9970468	502	40.714215	-73.981346	1
0	22	67076	505	40.74901271	-73.98848395	386	40.71494807	-74.00234482	1
0	22	12499	161	40.72917025	-73.99810231	473	40.72110063	-73.9919254	1
0	22	28393	459	40.746745	-74.007756	445	40.72740794	-73.98142006	1
0	22	18258	342	40.71739973	-73.98016555	341	40.71782143	-73.97628939	1
0	22	8831	495	40.76269882	-73.99301222	457	40.76695317	-73.98169333	1
0	22	70585	251	40.72317958	-73.99480012	157	40.69089272	-73.99612349	1
0	22	19836	494	40.74734825	-73.99723551	540	40.74147286	-73.98320928	1
0	22	22709	483	40.73223272	-73.98889957	223	40.73781509	-73.99994661	1
0	22	31544	483	40.73223272	-73.98889957	394	40.72521311	-73.97768752	1
0	22	3152	537	40.74025878	-73.98409214	435	40.74173969	-73.99415556	1
0	22	14267	537	40.74025878	-73.98409214	253	40.73543934	-73.99453948	1
0	22	23346	528	40.74290902	-73.97706058	236	40.7284186	-73.98713956	1
0	22	9163	251	40.72317958	-73.99480012	301	40.72217444	-73.98368779	1
0	22	22977	302	40.72082834	-73.97793172	325	40.73624527	-73.98473765	1
0	22	56436	127	40.73172428	-74.00674436	538	40.75795248	-73.97787642	2
0	22	19762	116	40.74177603	-74.00149746	518	40.74780373	-73.9734419	1
0	22	21977	252	40.73226398	-73.99852205	347	40.72873888	-74.00748842	1
0	22	60694	276	40.71748752	-74.0104554	2003	40.73416059	-73.98024289	1
0	22	25608	323	40.69236178	-73.98631746	239	40.69196566	-73.9813018	2
0	22	23165	540	40.74147286	-73.98320928	531	40.71893904	-73.99266288	1
0	22	16057	127	40.73172428	-74.00674436	496	40.73726186	-73.99238967	1
0	22	2408	271	40.68528172	-73.97805813	392	40.695065	-73.987167	1
0	22	150	499	40.76915505	-73.98191841	528	40.74290902	-73.97706058	1
0	22	46704	384	40.68317813	-73.9659641	467	40.68312489	-73.97895137	3
0	22	17165	454	40.75455731	-73.96592976	290	40.76020258	-73.96478473	1
0	22	7881	352	40.76340613	-73.97722479	499	40.76915505	-73.98191841	2
0	22	8058	247	40.73535398	-74.00483091	2021	40.75929124	-73.98859651	1
0	22	44472	352	40.76340613	-73.97722479	236	40.7284186	-73.98713956	1
0	22	11947	293	40.73028666	-73.9907647	433	40.72955361	-73.98057249	1
0	22	36574	367	40.75828065	-73.97069431	497	40.73704984	-73.99009296	2
0	22	9235	435	40.74173969	-73.99415556	509	40.7454973	-74.00197139	1
0	22	8970	326	40.72953837	-73.98426726	336	40.73047747	-73.99906065	1
0	22	229	320	40.71743998	-74.00583475	410	40.72066442	-73.98517977	1
0	22	13037	488	40.75645824	-73.99372222	495	40.76269882	-73.99301222	1
0	22	11438	445	40.72740794	-73.98142006	473	40.72110063	-73.9919254	1
0	22	13227	307	40.71427487	-73.98990025	401	40.72019576	-73.98997825	1
0	22	15870	161	40.72917025	-73.99810231	403	40.72502876	-73.99069656	1
0	22	12185	497	40.73704984	-73.99009296	487	40.73314259	-73.97573881	1
0	22	69529	373	40.69331716	-73.95381995	395	40.68807003	-73.98410637	1
0	22	14864	382	40.73492695	-73.99200509	504	40.73221853	-73.98165557	1
0	22	2427	489	40.75066386	-74.00176802	457	40.76695317	-73.98169333	2
0	22	16333	444	40.7423543	-73.98915076	284	40.7390169121	-74.0026376103	1
0	22	3439	329	40.72043411	-74.01020609	147	40.71542197	-74.01121978	1
0	22	8403	441	40.756014	-73.967416	479	40.76019252	-73.9912551	1
0	22	20179	408	40.71076228	-73.99400398	408	40.71076228	-73.99400398	1
0	22	31921	264	40.70706456	-74.00731853	327	40.7153379	-74.01658354	1
0	22	54080	317	40.72453734	-73.98185424	243	40.687979	-73.978474	1
0	22	17228	391	40.69760127	-73.99344559	406	40.69512845	-73.99595065	2
0	22	4878	253	40.73543934	-73.99453948	521	40.75044999	-73.99481051	1
0	22	82	326	40.72953837	-73.98426726	368	40.73038599	-74.00214988	1
0	22	9244	483	40.73223272	-73.98889957	393	40.72299208	-73.97995466	1
0	22	1893	282	40.70827295	-73.96834101	539	40.71534825	-73.96024116	1
0	22	62674	271	40.68528172	-73.97805813	458	40.751396	-74.005226	1
0	22	38039	408	40.71076228	-73.99400398	304	40.70463334	-74.01361706	2
0	22	42174	507	40.73912601	-73.97973776	351	40.70530954	-74.00612572	1
0	22	58	435	40.74173969	-73.99415556	462	40.74691959	-74.00451887	1
0	22	34567	483	40.73223272	-73.98889957	445	40.72740794	-73.98142006	1
0	22	31221	524	40.75527307	-73.98316936	446	40.74487634	-73.99529885	1
0	22	8384	167	40.7489006	-73.97604882	495	40.76269882	-73.99301222	1
0	22	23010	161	40.72917025	-73.99810231	408	40.71076228	-73.99400398	1
0	22	34671	403	40.72502876	-73.99069656	494	40.74734825	-73.99723551	1
0	22	53595	403	40.72502876	-73.99069656	284	40.7390169121	-74.0026376103	1
0	22	23405	128	40.72710258	-74.00297088	2021	40.75929124	-73.98859651	1
0	22	43121	433	40.72955361	-73.98057249	507	40.73912601	-73.97973776	1
0	22	28484	284	40.7390169121	-74.0026376103	497	40.73704984	-73.99009296	1
0	22	38084	161	40.72917025	-73.99810231	311	40.7172274	-73.98802084	1
0	22	59439	404	40.7405826	-74.00550867	335	40.72903917	-73.99404649	1
0	22	14157	168	40.73971301	-73.99456405	438	40.72779126	-73.98564945	1
0	22	35004	410	40.72066442	-73.98517977	174	40.7381765	-73.97738662	1
0	22	5610	417	40.71291224	-74.01020234	308	40.71307916	-73.99851193	1
0	22	38936	462	40.74691959	-74.00451887	464	40.75934501	-73.96759673	1
0	22	23019	361	40.71605866	-73.99190759	295	40.71406667	-73.99293911	1
0	22	18723	375	40.72679454	-73.99695094	511	40.72938685	-73.97772429	1
0	22	24381	529	40.7575699	-73.99098507	526	40.74765947	-73.98490707	1
0	22	27888	237	40.73047309	-73.98672378	504	40.73221853	-73.98165557	1
0	22	38825	263	40.71729	-73.996375	317	40.72453734	-73.98185424	1
0	22	32904	345	40.73649403	-73.99704374	529	40.7575699	-73.99098507	1
0	22	24300	518	40.74780373	-73.9734419	334	40.74238787	-73.99726235	1
0	22	34060	434	40.74317449	-74.00366443	336	40.73047747	-73.99906065	1
0	22	13085	404	40.7405826	-74.00550867	426	40.71754834	-74.01322069	1
0	22	16705	354	40.69363137	-73.96223558	366	40.693261	-73.968896	1
0	22	70586	329	40.72043411	-74.01020609	2000	40.70255088	-73.98940236	1
0	22	70587	2023	40.75968085	-73.97031366	433	40.72955361	-73.98057249	1
0	22	51515	387	40.71273266	-74.0046073	304	40.70463334	-74.01361706	1
0	22	8262	167	40.7489006	-73.97604882	300	40.728145	-73.990214	1
0	22	68026	2022	40.75849116	-73.95920622	127	40.73172428	-74.00674436	1
0	22	21843	301	40.72217444	-73.98368779	268	40.71910537	-73.99973337	1
0	22	9779	458	40.751396	-74.005226	511	40.72938685	-73.97772429	1
0	22	60021	490	40.751551	-73.993934	502	40.714215	-73.981346	1
0	22	15636	294	40.73049393	-73.9957214	545	40.736502	-73.97809472	1
0	22	287	488	40.75645824	-73.99372222	363	40.70834698	-74.01713445	1
0	22	20593	325	40.73624527	-73.98473765	237	40.73047309	-73.98672378	1
0	22	20379	293	40.73028666	-73.9907647	470	40.74345335	-74.00004031	1
0	22	66259	352	40.76340613	-73.97722479	174	40.7381765	-73.97738662	1
0	22	434	239	40.69196566	-73.9813018	526	40.74765947	-73.98490707	1
0	22	4072	247	40.73535398	-74.00483091	447	40.76370739	-73.9851615	1
0	22	30605	489	40.75066386	-74.00176802	449	40.76461837	-73.98789473	1
0	22	26121	387	40.71273266	-74.0046073	376	40.70862144	-74.00722156	1
0	22	1537	515	40.76009437	-73.99461843	173	40.76064679	-73.98442659	1
0	22	50303	445	40.72740794	-73.98142006	368	40.73038599	-74.00214988	1
0	22	22336	151	40.7218158	-73.99720307	473	40.72110063	-73.9919254	1
0	22	54555	317	40.72453734	-73.98185424	314	40.69424674	-73.99215922	1
0	22	23299	368	40.73038599	-74.00214988	264	40.70706456	-74.00731853	1
0	22	35275	300	40.728145	-73.990214	297	40.734232	-73.986923	1
0	22	16539	330	40.71450451	-74.00562789	127	40.73172428	-74.00674436	1
0	22	9654	276	40.71748752	-74.0104554	426	40.71754834	-74.01322069	1
0	22	20995	528	40.74290902	-73.97706058	312	40.722055	-73.989111	1
0	22	30545	545	40.736502	-73.97809472	224	40.71146364	-74.00552427	1
0	22	15361	444	40.7423543	-73.98915076	300	40.728145	-73.990214	1
0	22	2694	380	40.73401143	-74.00293877	466	40.74395411	-73.99144871	1
0	22	3930	459	40.746745	-74.007756	237	40.73047309	-73.98672378	1
0	22	17380	497	40.73704984	-73.99009296	428	40.72467721	-73.98783413	2
0	22	7357	533	40.75299641	-73.98721619	540	40.74147286	-73.98320928	1
0	22	5519	268	40.71910537	-73.99973337	2004	40.724399	-74.004704	1
0	22	18187	309	40.7149787	-74.013012	358	40.73291553	-74.00711384	1
0	22	23227	479	40.76019252	-73.9912551	529	40.7575699	-73.99098507	1
0	22	12087	254	40.73532427	-73.99800419	302	40.72082834	-73.97793172	1
0	22	65407	120	40.68676793	-73.95928168	395	40.68807003	-73.98410637	2
0	22	43003	363	40.70834698	-74.01713445	323	40.69236178	-73.98631746	1
0	22	13776	2023	40.75968085	-73.97031366	529	40.7575699	-73.99098507	1
0	22	12035	515	40.76009437	-73.99461843	529	40.7575699	-73.99098507	1
0	22	19044	512	40.7500727	-73.99839279	528	40.74290902	-73.97706058	1
0	22	154	499	40.76915505	-73.98191841	281	40.7643971	-73.97371465	1
0	22	21082	335	40.72903917	-73.99404649	252	40.73226398	-73.99852205	1
0	22	29935	350	40.71559509	-73.9870295	263	40.71729	-73.996375	1
0	22	32334	493	40.7568001	-73.98291153	523	40.75466591	-73.99138152	1
0	22	29948	495	40.76269882	-73.99301222	488	40.75645824	-73.99372222	1
0	22	35854	511	40.72938685	-73.97772429	380	40.73401143	-74.00293877	1
0	22	48422	517	40.75149263	-73.97798848	517	40.75149263	-73.97798848	1
0	22	1157	271	40.68528172	-73.97805813	261	40.69474881	-73.98362464	1
0	22	63306	509	40.7454973	-74.00197139	473	40.72110063	-73.9919254	1
0	22	11963	435	40.74173969	-73.99415556	368	40.73038599	-74.00214988	1
0	22	37151	128	40.72710258	-74.00297088	312	40.722055	-73.989111	1
0	22	45344	528	40.74290902	-73.97706058	300	40.728145	-73.990214	1
0	22	47044	464	40.75934501	-73.96759673	512	40.7500727	-73.99839279	1
0	22	7192	473	40.72110063	-73.9919254	473	40.72110063	-73.9919254	1
0	22	49968	531	40.71893904	-73.99266288	224	40.71146364	-74.00552427	1
0	22	32545	291	40.713126	-73.984844	316	40.70955958	-74.00653609	1
0	22	22714	359	40.75510267	-73.97498696	251	40.72317958	-73.99480012	1
0	22	19453	507	40.73912601	-73.97973776	504	40.73221853	-73.98165557	1
0	22	2961	173	40.76064679	-73.98442659	228	40.7546011026	-73.971878855	1
0	22	21319	509	40.7454973	-74.00197139	358	40.73291553	-74.00711384	1
0	22	3003	358	40.73291553	-74.00711384	447	40.76370739	-73.9851615	1
0	22	24691	358	40.73291553	-74.00711384	403	40.72502876	-73.99069656	1
0	22	6601	464	40.75934501	-73.96759673	457	40.76695317	-73.98169333	1
0	22	11879	513	40.768254	-73.988639	449	40.76461837	-73.98789473	1
0	22	34112	116	40.74177603	-74.00149746	447	40.76370739	-73.9851615	1
0	22	15607	497	40.73704984	-73.99009296	488	40.75645824	-73.99372222	1
0	22	23792	368	40.73038599	-74.00214988	300	40.728145	-73.990214	1
0	22	43656	486	40.7462009	-73.98855723	528	40.74290902	-73.97706058	1
0	22	13592	346	40.73652889	-74.00618026	483	40.73223272	-73.98889957	1
0	22	17286	536	40.74144387	-73.97536082	237	40.73047309	-73.98672378	1
0	22	29884	251	40.72317958	-73.99480012	271	40.68528172	-73.97805813	2
0	22	28175	459	40.746745	-74.007756	478	40.76030096	-73.99884222	1
0	22	19686	252	40.73226398	-73.99852205	346	40.73652889	-74.00618026	2
0	22	8014	311	40.7172274	-73.98802084	428	40.72467721	-73.98783413	1
0	22	2607	312	40.722055	-73.989111	312	40.722055	-73.989111	1
0	22	11701	515	40.76009437	-73.99461843	458	40.751396	-74.005226	1
0	22	30695	382	40.73492695	-73.99200509	488	40.75645824	-73.99372222	1
0	22	34615	284	40.7390169121	-74.0026376103	482	40.73935542	-73.99931783	1
0	22	11430	474	40.7451677	-73.98683077	521	40.75044999	-73.99481051	1
0	22	20620	151	40.7218158	-73.99720307	317	40.72453734	-73.98185424	1
0	22	35817	536	40.74144387	-73.97536082	455	40.75001986	-73.96905301	1
0	22	10627	414	40.70281858	-73.98765762	391	40.69760127	-73.99344559	1
0	22	52471	377	40.72243797	-74.00566443	486	40.7462009	-73.98855723	1
0	22	11207	387	40.71273266	-74.0046073	312	40.722055	-73.989111	1
0	22	12585	349	40.71850211	-73.98329859	312	40.722055	-73.989111	1
0	22	22675	223	40.73781509	-73.99994661	445	40.72740794	-73.98142006	1
0	22	17096	264	40.70706456	-74.00731853	361	40.71605866	-73.99190759	1
0	22	7456	463	40.74206539	-74.00443172	521	40.75044999	-73.99481051	1
0	22	21413	482	40.73935542	-73.99931783	488	40.75645824	-73.99372222	1
0	22	46818	160	40.748238	-73.978311	293	40.73028666	-73.9907647	1
0	22	56941	2010	40.72165481	-74.00234737	522	40.75714758	-73.97207836	1
0	22	16272	466	40.74395411	-73.99144871	475	40.73524276	-73.98758561	1
0	22	8495	430	40.7014851	-73.98656928	217	40.70277159	-73.99383605	2
0	22	707	462	40.74691959	-74.00451887	521	40.75044999	-73.99481051	1
0	22	11069	257	40.71939226	-74.00247214	368	40.73038599	-74.00214988	1
0	22	716	509	40.7454973	-74.00197139	463	40.74206539	-74.00443172	1
0	22	21399	528	40.74290902	-73.97706058	297	40.734232	-73.986923	2
0	22	39860	336	40.73047747	-73.99906065	502	40.714215	-73.981346	1
0	22	11669	468	40.7652654	-73.98192338	450	40.76227205	-73.98788205	1
0	22	16445	494	40.74734825	-73.99723551	346	40.73652889	-74.00618026	1
0	22	19699	444	40.7423543	-73.98915076	2003	40.73416059	-73.98024289	1
0	22	44405	449	40.76461837	-73.98789473	284	40.7390169121	-74.0026376103	1
0	22	13995	482	40.73935542	-73.99931783	433	40.72955361	-73.98057249	1
0	22	35573	2022	40.75849116	-73.95920622	507	40.73912601	-73.97973776	1
0	22	17159	337	40.7037992	-74.00838676	518	40.74780373	-73.9734419	1
0	22	30906	499	40.76915505	-73.98191841	254	40.73532427	-73.99800419	1
0	22	41445	539	40.71534825	-73.96024116	278	40.69766564	-73.98476437	1
0	22	12543	368	40.73038599	-74.00214988	380	40.73401143	-74.00293877	1
0	22	15371	310	40.68926942	-73.98912867	373	40.69331716	-73.95381995	1
0	22	18884	528	40.74290902	-73.97706058	237	40.73047309	-73.98672378	1
0	22	33416	528	40.74290902	-73.97706058	537	40.74025878	-73.98409214	1
0	22	26799	481	40.71260486	-73.96264403	161	40.72917025	-73.99810231	1
0	22	70588	481	40.71260486	-73.96264403	422	40.770513	-73.988038	1
0	22	20044	524	40.75527307	-73.98316936	352	40.76340613	-73.97722479	2
0	22	3394	382	40.73492695	-73.99200509	128	40.72710258	-74.00297088	1
0	22	20679	173	40.76064679	-73.98442659	505	40.74901271	-73.98848395	1
0	22	22022	466	40.74395411	-73.99144871	345	40.73649403	-73.99704374	1
0	22	17654	326	40.72953837	-73.98426726	2012	40.739445	-73.976806	1
0	22	10219	229	40.72743423	-73.99379025	380	40.73401143	-74.00293877	1
0	22	470	284	40.7390169121	-74.0026376103	470	40.74345335	-74.00004031	1
0	22	4103	293	40.73028666	-73.9907647	254	40.73532427	-73.99800419	2
0	22	25181	489	40.75066386	-74.00176802	485	40.75038009	-73.98338988	1
0	22	12819	546	40.74444921	-73.98303529	518	40.74780373	-73.9734419	1
0	22	27661	382	40.73492695	-73.99200509	311	40.7172274	-73.98802084	1
0	22	9145	361	40.71605866	-73.99190759	368	40.73038599	-74.00214988	1
0	22	36228	2017	40.75022392	-73.97121414	285	40.73454567	-73.99074142	1
0	22	8933	410	40.72066442	-73.98517977	295	40.71406667	-73.99293911	1
0	22	59803	120	40.68676793	-73.95928168	244	40.69196035	-73.96536851	1
0	22	18051	466	40.74395411	-73.99144871	223	40.73781509	-73.99994661	1
0	22	13412	151	40.7218158	-73.99720307	410	40.72066442	-73.98517977	1
0	22	2677	507	40.73912601	-73.97973776	444	40.7423543	-73.98915076	1
0	22	3966	504	40.73221853	-73.98165557	394	40.72521311	-73.97768752	1
0	22	7617	465	40.75513557	-73.98658032	540	40.74147286	-73.98320928	1
0	22	53079	324	40.689888	-73.981013	406	40.69512845	-73.99595065	1
0	22	17549	499	40.76915505	-73.98191841	290	40.76020258	-73.96478473	1
0	22	46226	498	40.74854862	-73.98808416	2022	40.75849116	-73.95920622	1
0	22	46151	348	40.72490985	-74.00154702	401	40.72019576	-73.98997825	1
0	22	10056	474	40.7451677	-73.98683077	433	40.72955361	-73.98057249	1
0	22	3797	382	40.73492695	-73.99200509	345	40.73649403	-73.99704374	1
0	22	70589	2003	40.73416059	-73.98024289	480	40.76669671	-73.99061728	1
0	22	5395	264	40.70706456	-74.00731853	151	40.7218158	-73.99720307	1
0	22	47079	445	40.72740794	-73.98142006	507	40.73912601	-73.97973776	1
0	22	10553	497	40.73704984	-73.99009296	435	40.74173969	-73.99415556	1
0	22	34794	161	40.72917025	-73.99810231	340	40.71269042	-73.98776323	1
0	22	70590	350	40.71559509	-73.9870295	243	40.687979	-73.978474	1
0	22	23620	224	40.71146364	-74.00552427	417	40.71291224	-74.01020234	1
0	22	19752	368	40.73038599	-74.00214988	243	40.687979	-73.978474	1
0	22	18400	296	40.71413089	-73.9970468	531	40.71893904	-73.99266288	1
0	22	32974	412	40.7158155	-73.99422366	473	40.72110063	-73.9919254	1
0	22	21570	151	40.7218158	-73.99720307	296	40.71413089	-73.9970468	1
0	22	3500	521	40.75044999	-73.99481051	546	40.74444921	-73.98303529	1
0	22	49649	532	40.710451	-73.960876	317	40.72453734	-73.98185424	1
0	22	48849	515	40.76009437	-73.99461843	468	40.7652654	-73.98192338	1
0	22	20628	521	40.75044999	-73.99481051	489	40.75066386	-74.00176802	1
0	22	29828	229	40.72743423	-73.99379025	350	40.71559509	-73.9870295	1
0	22	17340	128	40.72710258	-74.00297088	539	40.71534825	-73.96024116	1
0	22	12695	229	40.72743423	-73.99379025	405	40.739323	-74.008119	1
0	22	12565	2006	40.76590936	-73.97634151	499	40.76915505	-73.98191841	2
0	22	4718	518	40.74780373	-73.9734419	237	40.73047309	-73.98672378	1
0	22	47334	239	40.69196566	-73.9813018	390	40.69221589	-73.9842844	1
0	22	11061	472	40.7457121	-73.98194829	477	40.75640548	-73.9900262	1
0	22	7610	300	40.728145	-73.990214	531	40.71893904	-73.99266288	3
0	22	24564	463	40.74206539	-74.00443172	482	40.73935542	-73.99931783	1
0	22	7276	2017	40.75022392	-73.97121414	540	40.74147286	-73.98320928	1
0	22	11830	157	40.69089272	-73.99612349	420	40.68764484	-73.96968902	1
0	22	33501	479	40.76019252	-73.9912551	223	40.73781509	-73.99994661	1
0	22	39590	229	40.72743423	-73.99379025	357	40.73261787	-73.99158043	1
0	22	15834	388	40.749717753	-74.002950346	223	40.73781509	-73.99994661	1
0	22	46517	498	40.74854862	-73.98808416	441	40.756014	-73.967416	1
0	22	9033	509	40.7454973	-74.00197139	293	40.73028666	-73.9907647	1
0	22	8863	223	40.73781509	-73.99994661	355	40.71602118	-73.99974372	1
0	22	2140	475	40.73524276	-73.98758561	528	40.74290902	-73.97706058	1
0	22	14164	341	40.71782143	-73.97628939	350	40.71559509	-73.9870295	1
0	22	21310	2003	40.73416059	-73.98024289	401	40.72019576	-73.98997825	1
0	22	12969	510	40.7606597	-73.98042047	173	40.76064679	-73.98442659	1
0	22	5513	380	40.73401143	-74.00293877	517	40.75149263	-73.97798848	1
0	22	5166	348	40.72490985	-74.00154702	404	40.7405826	-74.00550867	1
0	22	17056	128	40.72710258	-74.00297088	394	40.72521311	-73.97768752	1
0	22	10537	466	40.74395411	-73.99144871	446	40.74487634	-73.99529885	1
0	22	13802	428	40.72467721	-73.98783413	325	40.73624527	-73.98473765	1
0	22	34695	490	40.751551	-73.993934	504	40.73221853	-73.98165557	1
0	22	39246	280	40.73331967	-73.99510132	475	40.73524276	-73.98758561	1
0	22	29611	512	40.7500727	-73.99839279	247	40.73535398	-74.00483091	1
0	22	11950	505	40.74901271	-73.98848395	466	40.74395411	-73.99144871	1
0	22	8945	457	40.76695317	-73.98169333	513	40.768254	-73.988639	1
0	22	23224	446	40.74487634	-73.99529885	434	40.74317449	-74.00366443	1
0	22	10706	161	40.72917025	-73.99810231	483	40.73223272	-73.98889957	2
0	22	12573	528	40.74290902	-73.97706058	504	40.73221853	-73.98165557	1
0	22	13642	482	40.73935542	-73.99931783	490	40.751551	-73.993934	1
0	22	36772	472	40.7457121	-73.98194829	334	40.74238787	-73.99726235	1
0	22	4927	442	40.746647	-73.993915	489	40.75066386	-74.00176802	1
0	22	35297	486	40.7462009	-73.98855723	546	40.74444921	-73.98303529	1
0	22	24000	540	40.74147286	-73.98320928	465	40.75513557	-73.98658032	1
0	22	10769	336	40.73047747	-73.99906065	2010	40.72165481	-74.00234737	2
0	22	24422	152	40.71473993	-74.00910627	490	40.751551	-73.993934	1
0	22	2394	368	40.73038599	-74.00214988	435	40.74173969	-73.99415556	1
0	22	2185	495	40.76269882	-73.99301222	465	40.75513557	-73.98658032	1
0	22	41918	250	40.72456089	-73.99565293	334	40.74238787	-73.99726235	1
0	22	1003	441	40.756014	-73.967416	510	40.7606597	-73.98042047	1
0	22	51272	410	40.72066442	-73.98517977	442	40.746647	-73.993915	1
0	22	19648	167	40.7489006	-73.97604882	174	40.7381765	-73.97738662	1
0	22	9312	336	40.73047747	-73.99906065	404	40.7405826	-74.00550867	1
0	22	21823	314	40.69424674	-73.99215922	406	40.69512845	-73.99595065	1
0	22	279	417	40.71291224	-74.01020234	306	40.70823502	-74.00530063	1
0	22	7894	497	40.73704984	-73.99009296	465	40.75513557	-73.98658032	2
0	22	9032	253	40.73543934	-73.99453948	405	40.739323	-74.008119	1
0	22	28552	457	40.76695317	-73.98169333	470	40.74345335	-74.00004031	1
0	22	31074	325	40.73624527	-73.98473765	433	40.72955361	-73.98057249	1
0	22	14165	479	40.76019252	-73.9912551	488	40.75645824	-73.99372222	1
0	22	27952	359	40.75510267	-73.97498696	505	40.74901271	-73.98848395	1
0	22	3436	494	40.74734825	-73.99723551	523	40.75466591	-73.99138152	1
0	22	14396	401	40.72019576	-73.98997825	79	40.71911552	-74.00666661	1
0	22	8673	2006	40.76590936	-73.97634151	457	40.76695317	-73.98169333	1
0	22	26977	152	40.71473993	-74.00910627	472	40.7457121	-73.98194829	1
0	22	40753	290	40.76020258	-73.96478473	297	40.734232	-73.986923	1
0	22	6576	507	40.73912601	-73.97973776	518	40.74780373	-73.9734419	1
0	22	57824	361	40.71605866	-73.99190759	237	40.73047309	-73.98672378	2
0	22	37517	484	40.75500254	-73.98014437	485	40.75038009	-73.98338988	1
0	22	18117	493	40.7568001	-73.98291153	382	40.73492695	-73.99200509	2
0	22	10336	483	40.73223272	-73.98889957	161	40.72917025	-73.99810231	1
0	22	2043	383	40.735238	-74.000271	402	40.7403432	-73.98955109	1
0	22	20941	435	40.74173969	-73.99415556	470	40.74345335	-74.00004031	1
0	22	29484	357	40.73261787	-73.99158043	383	40.735238	-74.000271	1
0	22	873	521	40.75044999	-73.99481051	482	40.73935542	-73.99931783	2
0	22	16634	349	40.71850211	-73.98329859	428	40.72467721	-73.98783413	1
0	22	15173	403	40.72502876	-73.99069656	150	40.7208736	-73.98085795	1
0	22	28667	504	40.73221853	-73.98165557	528	40.74290902	-73.97706058	1
0	22	4355	435	40.74173969	-73.99415556	380	40.73401143	-74.00293877	1
0	22	11174	380	40.73401143	-74.00293877	470	40.74345335	-74.00004031	4
0	22	23447	494	40.74734825	-73.99723551	546	40.74444921	-73.98303529	1
0	22	57466	290	40.76020258	-73.96478473	513	40.768254	-73.988639	2
0	22	20391	318	40.75320159	-73.9779874	480	40.76669671	-73.99061728	1
0	22	12275	521	40.75044999	-73.99481051	2021	40.75929124	-73.98859651	2
0	22	41073	383	40.735238	-74.000271	439	40.7262807	-73.98978041	1
0	22	930	82	40.71117416	-74.00016545	306	40.70823502	-74.00530063	1
0	22	19271	446	40.74487634	-73.99529885	466	40.74395411	-73.99144871	1
0	22	4253	462	40.74691959	-74.00451887	453	40.74475148	-73.99915362	1
0	22	70592	524	40.75527307	-73.98316936	297	40.734232	-73.986923	2
0	22	22725	467	40.68312489	-73.97895137	262	40.69178232	-73.97372989	1
0	22	15548	295	40.71406667	-73.99293911	341	40.71782143	-73.97628939	1
0	22	11144	313	40.69610226	-73.96751037	313	40.69610226	-73.96751037	2
0	22	23125	284	40.7390169121	-74.0026376103	380	40.73401143	-74.00293877	1
0	22	16509	382	40.73492695	-73.99200509	428	40.72467721	-73.98783413	1
0	22	32879	486	40.7462009	-73.98855723	466	40.74395411	-73.99144871	1
0	22	70595	408	40.71076228	-73.99400398	336	40.73047747	-73.99906065	1
0	22	17112	515	40.76009437	-73.99461843	480	40.76669671	-73.99061728	1
0	22	30269	173	40.76064679	-73.98442659	440	40.75255434	-73.97282625	1
0	22	3666	462	40.74691959	-74.00451887	546	40.74444921	-73.98303529	1
0	22	6785	540	40.74147286	-73.98320928	472	40.7457121	-73.98194829	1
0	22	3482	326	40.72953837	-73.98426726	403	40.72502876	-73.99069656	1
0	22	4480	380	40.73401143	-74.00293877	380	40.73401143	-74.00293877	2
0	22	38743	257	40.71939226	-74.00247214	438	40.72779126	-73.98564945	1
0	22	20983	446	40.74487634	-73.99529885	450	40.76227205	-73.98788205	1
0	22	36240	388	40.749717753	-74.002950346	470	40.74345335	-74.00004031	1
0	22	27169	462	40.74691959	-74.00451887	152	40.71473993	-74.00910627	1
0	22	9420	442	40.746647	-73.993915	482	40.73935542	-73.99931783	1
0	22	17102	472	40.7457121	-73.98194829	438	40.72779126	-73.98564945	1
0	22	8853	483	40.73223272	-73.98889957	294	40.73049393	-73.9957214	1
0	22	34507	380	40.73401143	-74.00293877	458	40.751396	-74.005226	1
0	22	11605	301	40.72217444	-73.98368779	428	40.72467721	-73.98783413	1
0	22	33592	271	40.68528172	-73.97805813	421	40.69573398	-73.97129668	1
0	22	5995	454	40.75455731	-73.96592976	459	40.746745	-74.007756	1
0	22	381	128	40.72710258	-74.00297088	151	40.7218158	-73.99720307	1
0	22	13387	375	40.72679454	-73.99695094	433	40.72955361	-73.98057249	1
0	22	7284	293	40.73028666	-73.9907647	2003	40.73416059	-73.98024289	1
0	22	20236	502	40.714215	-73.981346	332	40.71219906	-73.97948148	1
0	22	6693	236	40.7284186	-73.98713956	251	40.72317958	-73.99480012	1
0	22	5020	395	40.68807003	-73.98410637	467	40.68312489	-73.97895137	1
0	22	20487	265	40.72229346	-73.99147535	308	40.71307916	-73.99851193	1
0	22	5253	284	40.7390169121	-74.0026376103	388	40.749717753	-74.002950346	1
0	22	32200	405	40.739323	-74.008119	161	40.72917025	-73.99810231	1
0	22	17028	483	40.73223272	-73.98889957	317	40.72453734	-73.98185424	1
0	22	49670	517	40.75149263	-73.97798848	480	40.76669671	-73.99061728	1
0	22	1552	448	40.75660359	-73.9979009	521	40.75044999	-73.99481051	1
0	22	50223	79	40.71911552	-74.00666661	312	40.722055	-73.989111	1
0	22	1948	486	40.7462009	-73.98855723	497	40.73704984	-73.99009296	1
0	22	17809	368	40.73038599	-74.00214988	531	40.71893904	-73.99266288	1
0	22	17351	253	40.73543934	-73.99453948	416	40.68753406	-73.97265183	1
0	22	11674	489	40.75066386	-74.00176802	521	40.75044999	-73.99481051	1
0	22	2366	509	40.7454973	-74.00197139	497	40.73704984	-73.99009296	1
0	22	31948	446	40.74487634	-73.99529885	2004	40.724399	-74.004704	1
0	22	30894	297	40.734232	-73.986923	504	40.73221853	-73.98165557	1
0	22	9293	545	40.736502	-73.97809472	528	40.74290902	-73.97706058	1
0	22	8194	435	40.74173969	-73.99415556	523	40.75466591	-73.99138152	1
0	22	44895	362	40.75172632	-73.98753523	83	40.68382604	-73.97632328	1
0	22	14883	470	40.74345335	-74.00004031	523	40.75466591	-73.99138152	1
0	22	26044	330	40.71450451	-74.00562789	415	40.7047177	-74.00926027	1
0	22	22214	297	40.734232	-73.986923	402	40.7403432	-73.98955109	1
0	22	7997	446	40.74487634	-73.99529885	489	40.75066386	-74.00176802	1
0	22	15578	173	40.76064679	-73.98442659	529	40.7575699	-73.99098507	1
0	22	9821	477	40.75640548	-73.9900262	509	40.7454973	-74.00197139	1
0	22	10776	345	40.73649403	-73.99704374	223	40.73781509	-73.99994661	1
0	22	27426	325	40.73624527	-73.98473765	439	40.7262807	-73.98978041	1
0	22	6540	290	40.76020258	-73.96478473	164	40.75323098	-73.97032517	1
0	22	7568	465	40.75513557	-73.98658032	515	40.76009437	-73.99461843	1
0	22	6910	442	40.746647	-73.993915	116	40.74177603	-74.00149746	1
0	22	39315	386	40.71494807	-74.00234482	509	40.7454973	-74.00197139	1
0	22	10403	444	40.7423543	-73.98915076	253	40.73543934	-73.99453948	1
0	22	41163	420	40.68764484	-73.96968902	399	40.68851534	-73.9647628	1
0	22	29919	474	40.7451677	-73.98683077	474	40.7451677	-73.98683077	1
0	22	16716	293	40.73028666	-73.9907647	127	40.73172428	-74.00674436	1
0	22	31490	377	40.72243797	-74.00566443	482	40.73935542	-73.99931783	1
0	22	12467	173	40.76064679	-73.98442659	468	40.7652654	-73.98192338	1
0	22	2966	310	40.68926942	-73.98912867	241	40.68981035	-73.97493121	1
0	22	22089	403	40.72502876	-73.99069656	325	40.73624527	-73.98473765	2
0	22	10147	329	40.72043411	-74.01020609	152	40.71473993	-74.00910627	1
0	22	29367	79	40.71911552	-74.00666661	127	40.73172428	-74.00674436	1
0	22	17522	387	40.71273266	-74.0046073	366	40.693261	-73.968896	1
0	22	29401	450	40.76227205	-73.98788205	546	40.74444921	-73.98303529	1
0	22	64953	531	40.71893904	-73.99266288	2022	40.75849116	-73.95920622	1
0	22	51698	317	40.72453734	-73.98185424	302	40.72082834	-73.97793172	1
0	22	13719	488	40.75645824	-73.99372222	509	40.7454973	-74.00197139	2
0	22	7161	528	40.74290902	-73.97706058	472	40.7457121	-73.98194829	1
0	22	32530	325	40.73624527	-73.98473765	317	40.72453734	-73.98185424	2
0	22	307	150	40.7208736	-73.98085795	388	40.749717753	-74.002950346	1
0	22	5067	317	40.72453734	-73.98185424	473	40.72110063	-73.9919254	1
0	22	5802	466	40.74395411	-73.99144871	472	40.7457121	-73.98194829	1
0	22	13368	295	40.71406667	-73.99293911	331	40.71173107	-73.99193043	1
0	22	35437	513	40.768254	-73.988639	458	40.751396	-74.005226	2
0	22	17018	212	40.74334935	-74.00681753	480	40.76669671	-73.99061728	2
0	22	8833	263	40.71729	-73.996375	350	40.71559509	-73.9870295	1
0	22	27819	323	40.69236178	-73.98631746	346	40.73652889	-74.00618026	1
0	22	20291	531	40.71893904	-73.99266288	504	40.73221853	-73.98165557	1
0	22	56994	361	40.71605866	-73.99190759	389	40.71044554	-73.96525063	1
0	22	45281	537	40.74025878	-73.98409214	358	40.73291553	-74.00711384	1
0	22	7091	405	40.739323	-74.008119	329	40.72043411	-74.01020609	1
0	22	25203	426	40.71754834	-74.01322069	151	40.7218158	-73.99720307	1
0	22	1835	426	40.71754834	-74.01322069	284	40.7390169121	-74.0026376103	1
0	22	27158	470	40.74345335	-74.00004031	489	40.75066386	-74.00176802	1
0	22	11200	253	40.73543934	-73.99453948	466	40.74395411	-73.99144871	1
0	22	32719	325	40.73624527	-73.98473765	483	40.73223272	-73.98889957	1
0	22	3951	380	40.73401143	-74.00293877	518	40.74780373	-73.9734419	1
0	22	6597	368	40.73038599	-74.00214988	518	40.74780373	-73.9734419	1
0	22	12032	532	40.710451	-73.960876	539	40.71534825	-73.96024116	2
0	22	9160	268	40.71910537	-73.99973337	128	40.72710258	-74.00297088	1
0	22	4273	528	40.74290902	-73.97706058	459	40.746745	-74.007756	1
0	22	6681	426	40.71754834	-74.01322069	348	40.72490985	-74.00154702	1
0	22	27327	426	40.71754834	-74.01322069	453	40.74475148	-73.99915362	1
0	22	45990	528	40.74290902	-73.97706058	150	40.7208736	-73.98085795	1
0	22	26939	244	40.69196035	-73.96536851	2002	40.716887	-73.963198	1
0	22	21563	444	40.7423543	-73.98915076	466	40.74395411	-73.99144871	1
0	22	48408	438	40.72779126	-73.98564945	251	40.72317958	-73.99480012	1
0	22	68114	458	40.751396	-74.005226	291	40.713126	-73.984844	1
0	22	13495	528	40.74290902	-73.97706058	174	40.7381765	-73.97738662	1
0	22	13098	161	40.72917025	-73.99810231	347	40.72873888	-74.00748842	1
0	22	17758	521	40.75044999	-73.99481051	509	40.7454973	-74.00197139	1
0	22	49797	335	40.72903917	-73.99404649	515	40.76009437	-73.99461843	1
0	22	12336	352	40.76340613	-73.97722479	385	40.75797322	-73.96603308	1
0	22	588	128	40.72710258	-74.00297088	254	40.73532427	-73.99800419	1
0	22	45395	481	40.71260486	-73.96264403	460	40.71285887	-73.96590294	1
0	22	19237	475	40.73524276	-73.98758561	428	40.72467721	-73.98783413	1
0	22	43768	446	40.74487634	-73.99529885	498	40.74854862	-73.98808416	1
0	22	3563	394	40.72521311	-73.97768752	428	40.72467721	-73.98783413	1
0	22	33496	404	40.7405826	-74.00550867	512	40.7500727	-73.99839279	1
0	22	15172	426	40.71754834	-74.01322069	128	40.72710258	-74.00297088	1
0	22	20757	380	40.73401143	-74.00293877	453	40.74475148	-73.99915362	1
0	22	17304	296	40.71413089	-73.9970468	291	40.713126	-73.984844	1
0	22	19030	296	40.71413089	-73.9970468	150	40.7208736	-73.98085795	1
0	22	23390	258	40.68940747	-73.96885458	539	40.71534825	-73.96024116	1
0	22	54588	79	40.71911552	-74.00666661	403	40.72502876	-73.99069656	1
0	22	32360	529	40.7575699	-73.99098507	412	40.7158155	-73.99422366	1
0	22	16095	416	40.68753406	-73.97265183	270	40.69308257	-73.97178913	1
0	22	27701	319	40.71336124	-74.00937622	380	40.73401143	-74.00293877	1
0	22	46799	508	40.76341379	-73.99667444	453	40.74475148	-73.99915362	1
0	22	23342	346	40.73652889	-74.00618026	357	40.73261787	-73.99158043	1
0	22	41843	475	40.73524276	-73.98758561	380	40.73401143	-74.00293877	1
0	22	31820	528	40.74290902	-73.97706058	301	40.72217444	-73.98368779	1
0	22	49859	487	40.73314259	-73.97573881	301	40.72217444	-73.98368779	1
0	22	11725	388	40.749717753	-74.002950346	499	40.76915505	-73.98191841	1
0	22	8684	236	40.7284186	-73.98713956	459	40.746745	-74.007756	1
0	22	34449	326	40.72953837	-73.98426726	454	40.75455731	-73.96592976	1
0	22	15902	499	40.76915505	-73.98191841	479	40.76019252	-73.9912551	2
0	22	6732	265	40.72229346	-73.99147535	483	40.73223272	-73.98889957	1
0	22	20528	212	40.74334935	-74.00681753	375	40.72679454	-73.99695094	1
0	22	3042	357	40.73261787	-73.99158043	357	40.73261787	-73.99158043	1
0	22	41226	507	40.73912601	-73.97973776	312	40.722055	-73.989111	1
0	22	36883	319	40.71336124	-74.00937622	307	40.71427487	-73.98990025	2
0	22	31732	257	40.71939226	-74.00247214	428	40.72467721	-73.98783413	1
0	22	39162	524	40.75527307	-73.98316936	128	40.72710258	-74.00297088	1
0	22	21468	212	40.74334935	-74.00681753	247	40.73535398	-74.00483091	1
0	22	12010	505	40.74901271	-73.98848395	444	40.7423543	-73.98915076	1
0	22	5094	327	40.7153379	-74.01658354	2008	40.70569254	-74.01677685	2
0	22	19614	296	40.71413089	-73.9970468	502	40.714215	-73.981346	1
0	22	67076	505	40.74901271	-73.98848395	386	40.71494807	-74.00234482	1
0	22	12499	161	40.72917025	-73.99810231	473	40.72110063	-73.9919254	1
0	22	28393	459	40.746745	-74.007756	445	40.72740794	-73.98142006	1
0	22	18258	342	40.71739973	-73.98016555	341	40.71782143	-73.97628939	1
0	22	8831	495	40.76269882	-73.99301222	457	40.76695317	-73.98169333	1
0	22	70585	251	40.72317958	-73.99480012	157	40.69089272	-73.99612349	1
0	22	19836	494	40.74734825	-73.99723551	540	40.74147286	-73.98320928	1
0	22	22709	483	40.73223272	-73.98889957	223	40.73781509	-73.99994661	1
0	22	31544	483	40.73223272	-73.98889957	394	40.72521311	-73.97768752	1
0	22	3152	537	40.74025878	-73.98409214	435	40.74173969	-73.99415556	1
0	22	14267	537	40.74025878	-73.98409214	253	40.73543934	-73.99453948	1
0	22	23346	528	40.74290902	-73.97706058	236	40.7284186	-73.98713956	1
0	22	9163	251	40.72317958	-73.99480012	301	40.72217444	-73.98368779	1
0	22	22977	302	40.72082834	-73.97793172	325	40.73624527	-73.98473765	1
0	22	56436	127	40.73172428	-74.00674436	538	40.75795248	-73.97787642	2
0	22	19762	116	40.74177603	-74.00149746	518	40.74780373	-73.9734419	1
0	22	21977	252	40.73226398	-73.99852205	347	40.72873888	-74.00748842	1
0	22	60694	276	40.71748752	-74.0104554	2003	40.73416059	-73.98024289	1
0	22	25608	323	40.69236178	-73.98631746	239	40.69196566	-73.9813018	2
0	22	23165	540	40.74147286	-73.98320928	531	40.71893904	-73.99266288	1
0	22	16057	127	40.73172428	-74.00674436	496	40.73726186	-73.99238967	1
0	22	2408	271	40.68528172	-73.97805813	392	40.695065	-73.987167	1
0	22	150	499	40.76915505	-73.98191841	528	40.74290902	-73.97706058	1
0	22	46704	384	40.68317813	-73.9659641	467	40.68312489	-73.97895137	3
0	22	17165	454	40.75455731	-73.96592976	290	40.76020258	-73.96478473	1
0	22	7881	352	40.76340613	-73.97722479	499	40.76915505	-73.98191841	2
0	22	8058	247	40.73535398	-74.00483091	2021	40.75929124	-73.98859651	1
0	22	44472	352	40.76340613	-73.97722479	236	40.7284186	-73.98713956	1
0	22	11947	293	40.73028666	-73.9907647	433	40.72955361	-73.98057249	1
0	22	36574	367	40.75828065	-73.97069431	497	40.73704984	-73.99009296	2
0	22	9235	435	40.74173969	-73.99415556	509	40.7454973	-74.00197139	1
0	22	8970	326	40.72953837	-73.98426726	336	40.73047747	-73.99906065	1
0	22	229	320	40.71743998	-74.00583475	410	40.72066442	-73.98517977	1
0	22	13037	488	40.75645824	-73.99372222	495	40.76269882	-73.99301222	1
0	22	11438	445	40.72740794	-73.98142006	473	40.72110063	-73.9919254	1
0	22	13227	307	40.71427487	-73.98990025	401	40.72019576	-73.98997825	1
0	22	15870	161	40.72917025	-73.99810231	403	40.72502876	-73.99069656	1
0	22	12185	497	40.73704984	-73.99009296	487	40.73314259	-73.97573881	1
0	22	69529	373	40.69331716	-73.95381995	395	40.68807003	-73.98410637	1
0	22	14864	382	40.73492695	-73.99200509	504	40.73221853	-73.98165557	1
0	22	2427	489	40.75066386	-74.00176802	457	40.76695317	-73.98169333	2
0	22	16333	444	40.7423543	-73.98915076	284	40.7390169121	-74.0026376103	1
0	22	3439	329	40.72043411	-74.01020609	147	40.71542197	-74.01121978	1
0	22	8403	441	40.756014	-73.967416	479	40.76019252	-73.9912551	1
0	22	20179	408	40.71076228	-73.99400398	408	40.71076228	-73.99400398	1
0	22	31921	264	40.70706456	-74.00731853	327	40.7153379	-74.01658354	1
0	22	54080	317	40.72453734	-73.98185424	243	40.687979	-73.978474	1
0	22	17228	391	40.69760127	-73.99344559	406	40.69512845	-73.99595065	2
0	22	4878	253	40.73543934	-73.99453948	521	40.75044999	-73.99481051	1
0	22	82	326	40.72953837	-73.98426726	368	40.73038599	-74.00214988	1
0	22	9244	483	40.73223272	-73.98889957	393	40.72299208	-73.97995466	1
0	22	1893	282	40.70827295	-73.96834101	539	40.71534825	-73.96024116	1
0	22	62674	271	40.68528172	-73.97805813	458	40.751396	-74.005226	1
0	22	38039	408	40.71076228	-73.99400398	304	40.70463334	-74.01361706	2
0	22	42174	507	40.73912601	-73.97973776	351	40.70530954	-74.00612572	1
0	22	58	435	40.74173969	-73.99415556	462	40.74691959	-74.00451887	1
0	22	34567	483	40.73223272	-73.98889957	445	40.72740794	-73.98142006	1
0	22	31221	524	40.75527307	-73.98316936	446	40.74487634	-73.99529885	1
0	22	8384	167	40.7489006	-73.97604882	495	40.76269882	-73.99301222	1
0	22	23010	161	40.72917025	-73.99810231	408	40.71076228	-73.99400398	1
0	22	34671	403	40.72502876	-73.99069656	494	40.74734825	-73.99723551	1
0	22	53595	403	40.72502876	-73.99069656	284	40.7390169121	-74.0026376103	1
0	22	23405	128	40.72710258	-74.00297088	2021	40.75929124	-73.98859651	1
0	22	43121	433	40.72955361	-73.98057249	507	40.73912601	-73.97973776	1
0	22	28484	284	40.7390169121	-74.0026376103	497	40.73704984	-73.99009296	1
0	22	38084	161	40.72917025	-73.99810231	311	40.7172274	-73.98802084	1
0	22	59439	404	40.7405826	-74.00550867	335	40.72903917	-73.99404649	1
0	22	14157	168	40.73971301	-73.99456405	438	40.72779126	-73.98564945	1
0	22	35004	410	40.72066442	-73.98517977	174	40.7381765	-73.97738662	1
0	22	5610	417	40.71291224	-74.01020234	308	40.71307916	-73.99851193	1
0	22	38936	462	40.74691959	-74.00451887	464	40.75934501	-73.96759673	1
0	22	23019	361	40.71605866	-73.99190759	295	40.71406667	-73.99293911	1
0	22	18723	375	40.72679454	-73.99695094	511	40.72938685	-73.97772429	1
0	22	24381	529	40.7575699	-73.99098507	526	40.74765947	-73.98490707	1
0	22	27888	237	40.73047309	-73.98672378	504	40.73221853	-73.98165557	1
0	22	38825	263	40.71729	-73.996375	317	40.72453734	-73.98185424	1
0	22	32904	345	40.73649403	-73.99704374	529	40.7575699	-73.99098507	1
0	22	24300	518	40.74780373	-73.9734419	334	40.74238787	-73.99726235	1
0	22	34060	434	40.74317449	-74.00366443	336	40.73047747	-73.99906065	1
0	22	13085	404	40.7405826	-74.00550867	426	40.71754834	-74.01322069	1
0	22	16705	354	40.69363137	-73.96223558	366	40.693261	-73.968896	1
0	22	70586	329	40.72043411	-74.01020609	2000	40.70255088	-73.98940236	1
0	22	70587	2023	40.75968085	-73.97031366	433	40.72955361	-73.98057249	1
0	22	51515	387	40.71273266	-74.0046073	304	40.70463334	-74.01361706	1
0	22	8262	167	40.7489006	-73.97604882	300	40.728145	-73.990214	1
0	22	68026	2022	40.75849116	-73.95920622	127	40.73172428	-74.00674436	1
0	22	21843	301	40.72217444	-73.98368779	268	40.71910537	-73.99973337	1
0	22	9779	458	40.751396	-74.005226	511	40.72938685	-73.97772429	1
0	22	60021	490	40.751551	-73.993934	502	40.714215	-73.981346	1
0	22	15636	294	40.73049393	-73.9957214	545	40.736502	-73.97809472	1
0	22	287	488	40.75645824	-73.99372222	363	40.70834698	-74.01713445	1
0	22	20593	325	40.73624527	-73.98473765	237	40.73047309	-73.98672378	1
0	22	20379	293	40.73028666	-73.9907647	470	40.74345335	-74.00004031	1
0	22	66259	352	40.76340613	-73.97722479	174	40.7381765	-73.97738662	1
0	22	434	239	40.69196566	-73.9813018	526	40.74765947	-73.98490707	1
0	22	4072	247	40.73535398	-74.00483091	447	40.76370739	-73.9851615	1
0	22	30605	489	40.75066386	-74.00176802	449	40.76461837	-73.98789473	1
0	22	26121	387	40.71273266	-74.0046073	376	40.70862144	-74.00722156	1
0	22	1537	515	40.76009437	-73.99461843	173	40.76064679	-73.98442659	1
0	22	50303	445	40.72740794	-73.98142006	368	40.73038599	-74.00214988	1
0	22	22336	151	40.7218158	-73.99720307	473	40.72110063	-73.9919254	1
0	22	54555	317	40.72453734	-73.98185424	314	40.69424674	-73.99215922	1
0	22	23299	368	40.73038599	-74.00214988	264	40.70706456	-74.00731853	1
0	22	35275	300	40.728145	-73.990214	297	40.734232	-73.986923	1
0	22	16539	330	40.71450451	-74.00562789	127	40.73172428	-74.00674436	1
0	22	9654	276	40.71748752	-74.0104554	426	40.71754834	-74.01322069	1
0	22	20995	528	40.74290902	-73.97706058	312	40.722055	-73.989111	1
0	22	30545	545	40.736502	-73.97809472	224	40.71146364	-74.00552427	1
0	22	15361	444	40.7423543	-73.98915076	300	40.728145	-73.990214	1
0	22	2694	380	40.73401143	-74.00293877	466	40.74395411	-73.99144871	1
0	22	3930	459	40.746745	-74.007756	237	40.73047309	-73.98672378	1
0	22	17380	497	40.73704984	-73.99009296	428	40.72467721	-73.98783413	2
0	22	7357	533	40.75299641	-73.98721619	540	40.74147286	-73.98320928	1
0	22	5519	268	40.71910537	-73.99973337	2004	40.724399	-74.004704	1
0	22	18187	309	40.7149787	-74.013012	358	40.73291553	-74.00711384	1
0	22	23227	479	40.76019252	-73.9912551	529	40.7575699	-73.99098507	1
0	22	12087	254	40.73532427	-73.99800419	302	40.72082834	-73.97793172	1
0	22	65407	120	40.68676793	-73.95928168	395	40.68807003	-73.98410637	2
0	22	43003	363	40.70834698	-74.01713445	323	40.69236178	-73.98631746	1
0	22	13776	2023	40.75968085	-73.97031366	529	40.7575699	-73.99098507	1
0	22	12035	515	40.76009437	-73.99461843	529	40.7575699	-73.99098507	1
0	22	19044	512	40.7500727	-73.99839279	528	40.74290902	-73.97706058	1
0	22	154	499	40.76915505	-73.98191841	281	40.7643971	-73.97371465	1
0	22	21082	335	40.72903917	-73.99404649	252	40.73226398	-73.99852205	1
0	22	29935	350	40.71559509	-73.9870295	263	40.71729	-73.996375	1
0	22	32334	493	40.7568001	-73.98291153	523	40.75466591	-73.99138152	1
0	22	22116	2021	40.75929124	-73.98859651	465	40.75513557	-73.98658032	1
0	22	29948	495	40.76269882	-73.99301222	488	40.75645824	-73.99372222	1
0	22	35854	511	40.72938685	-73.97772429	380	40.73401143	-74.00293877	1
0	22	48422	517	40.75149263	-73.97798848	517	40.75149263	-73.97798848	1
0	22	1157	271	40.68528172	-73.97805813	261	40.69474881	-73.98362464	1
0	22	63306	509	40.7454973	-74.00197139	473	40.72110063	-73.9919254	1
0	22	11963	435	40.74173969	-73.99415556	368	40.73038599	-74.00214988	1
0	22	37151	128	40.72710258	-74.00297088	312	40.722055	-73.989111	1
0	22	45344	528	40.74290902	-73.97706058	300	40.728145	-73.990214	1
0	22	47044	464	40.75934501	-73.96759673	512	40.7500727	-73.99839279	1
0	22	920	480	40.76669671	-73.99061728	510	40.7606597	-73.98042047	1
0	22	7192	473	40.72110063	-73.9919254	473	40.72110063	-73.9919254	1
0	22	49968	531	40.71893904	-73.99266288	224	40.71146364	-74.00552427	1
0	22	32545	291	40.713126	-73.984844	316	40.70955958	-74.00653609	1
0	22	22714	359	40.75510267	-73.97498696	251	40.72317958	-73.99480012	1
0	22	19453	507	40.73912601	-73.97973776	504	40.73221853	-73.98165557	1
0	22	2961	173	40.76064679	-73.98442659	228	40.7546011026	-73.971878855	1
0	22	21319	509	40.7454973	-74.00197139	358	40.73291553	-74.00711384	1
0	22	3003	358	40.73291553	-74.00711384	447	40.76370739	-73.9851615	1
0	22	24691	358	40.73291553	-74.00711384	403	40.72502876	-73.99069656	1
0	22	6601	464	40.75934501	-73.96759673	457	40.76695317	-73.98169333	1
0	22	11879	513	40.768254	-73.988639	449	40.76461837	-73.98789473	1
0	22	34112	116	40.74177603	-74.00149746	447	40.76370739	-73.9851615	1
0	22	15607	497	40.73704984	-73.99009296	488	40.75645824	-73.99372222	1
0	22	23792	368	40.73038599	-74.00214988	300	40.728145	-73.990214	1
0	22	43656	486	40.7462009	-73.98855723	528	40.74290902	-73.97706058	1
0	22	13592	346	40.73652889	-74.00618026	483	40.73223272	-73.98889957	1
0	22	17286	536	40.74144387	-73.97536082	237	40.73047309	-73.98672378	1
0	22	29884	251	40.72317958	-73.99480012	271	40.68528172	-73.97805813	2
0	22	28175	459	40.746745	-74.007756	478	40.76030096	-73.99884222	1
0	22	19686	252	40.73226398	-73.99852205	346	40.73652889	-74.00618026	2
0	22	8014	311	40.7172274	-73.98802084	428	40.72467721	-73.98783413	1
0	22	2607	312	40.722055	-73.989111	312	40.722055	-73.989111	1
0	22	11701	515	40.76009437	-73.99461843	458	40.751396	-74.005226	1
0	22	30695	382	40.73492695	-73.99200509	488	40.75645824	-73.99372222	1
0	22	34615	284	40.7390169121	-74.0026376103	482	40.73935542	-73.99931783	1
0	22	11430	474	40.7451677	-73.98683077	521	40.75044999	-73.99481051	1
0	22	20620	151	40.7218158	-73.99720307	317	40.72453734	-73.98185424	1
0	22	35817	536	40.74144387	-73.97536082	455	40.75001986	-73.96905301	1
0	22	10627	414	40.70281858	-73.98765762	391	40.69760127	-73.99344559	1
0	22	52471	377	40.72243797	-74.00566443	486	40.7462009	-73.98855723	1
0	22	11207	387	40.71273266	-74.0046073	312	40.722055	-73.989111	1
0	22	12585	349	40.71850211	-73.98329859	312	40.722055	-73.989111	1
0	22	22675	223	40.73781509	-73.99994661	445	40.72740794	-73.98142006	1
0	22	17096	264	40.70706456	-74.00731853	361	40.71605866	-73.99190759	1
0	22	7456	463	40.74206539	-74.00443172	521	40.75044999	-73.99481051	1
0	22	21413	482	40.73935542	-73.99931783	488	40.75645824	-73.99372222	1
0	22	46818	160	40.748238	-73.978311	293	40.73028666	-73.9907647	1
0	22	56941	2010	40.72165481	-74.00234737	522	40.75714758	-73.97207836	1
0	22	16272	466	40.74395411	-73.99144871	475	40.73524276	-73.98758561	1
0	22	8495	430	40.7014851	-73.98656928	217	40.70277159	-73.99383605	2
0	22	707	462	40.74691959	-74.00451887	521	40.75044999	-73.99481051	1
0	22	11069	257	40.71939226	-74.00247214	368	40.73038599	-74.00214988	1
0	22	716	509	40.7454973	-74.00197139	463	40.74206539	-74.00443172	1
0	22	21399	528	40.74290902	-73.97706058	297	40.734232	-73.986923	2
0	22	39860	336	40.73047747	-73.99906065	502	40.714215	-73.981346	1
0	22	11669	468	40.7652654	-73.98192338	450	40.76227205	-73.98788205	1
0	22	16445	494	40.74734825	-73.99723551	346	40.73652889	-74.00618026	1
0	22	19699	444	40.7423543	-73.98915076	2003	40.73416059	-73.98024289	1
0	22	44405	449	40.76461837	-73.98789473	284	40.7390169121	-74.0026376103	1
0	22	13995	482	40.73935542	-73.99931783	433	40.72955361	-73.98057249	1
0	22	35573	2022	40.75849116	-73.95920622	507	40.73912601	-73.97973776	1
0	22	17159	337	40.7037992	-74.00838676	518	40.74780373	-73.9734419	1
0	22	30906	499	40.76915505	-73.98191841	254	40.73532427	-73.99800419	1
0	22	41445	539	40.71534825	-73.96024116	278	40.69766564	-73.98476437	1
0	22	12543	368	40.73038599	-74.00214988	380	40.73401143	-74.00293877	1
0	22	15371	310	40.68926942	-73.98912867	373	40.69331716	-73.95381995	1
0	22	18884	528	40.74290902	-73.97706058	237	40.73047309	-73.98672378	1
0	22	33416	528	40.74290902	-73.97706058	537	40.74025878	-73.98409214	1
0	22	26799	481	40.71260486	-73.96264403	161	40.72917025	-73.99810231	1
0	22	70588	481	40.71260486	-73.96264403	422	40.770513	-73.988038	1
0	22	20044	524	40.75527307	-73.98316936	352	40.76340613	-73.97722479	2
0	22	3394	382	40.73492695	-73.99200509	128	40.72710258	-74.00297088	1
0	22	20679	173	40.76064679	-73.98442659	505	40.74901271	-73.98848395	1
0	22	22022	466	40.74395411	-73.99144871	345	40.73649403	-73.99704374	1
0	22	17654	326	40.72953837	-73.98426726	2012	40.739445	-73.976806	1
0	22	10219	229	40.72743423	-73.99379025	380	40.73401143	-74.00293877	1
0	22	470	284	40.7390169121	-74.0026376103	470	40.74345335	-74.00004031	1
0	22	4103	293	40.73028666	-73.9907647	254	40.73532427	-73.99800419	2
0	22	25181	489	40.75066386	-74.00176802	485	40.75038009	-73.98338988	1
0	22	12819	546	40.74444921	-73.98303529	518	40.74780373	-73.9734419	1
0	22	27661	382	40.73492695	-73.99200509	311	40.7172274	-73.98802084	1
0	22	24387	387	40.71273266	-74.0046073	406	40.69512845	-73.99595065	2
0	22	9145	361	40.71605866	-73.99190759	368	40.73038599	-74.00214988	1
0	22	36228	2017	40.75022392	-73.97121414	285	40.73454567	-73.99074142	1
0	22	8933	410	40.72066442	-73.98517977	295	40.71406667	-73.99293911	1
0	22	59803	120	40.68676793	-73.95928168	244	40.69196035	-73.96536851	1
0	22	18051	466	40.74395411	-73.99144871	223	40.73781509	-73.99994661	1
0	22	13412	151	40.7218158	-73.99720307	410	40.72066442	-73.98517977	1
0	22	2677	507	40.73912601	-73.97973776	444	40.7423543	-73.98915076	1
0	22	3966	504	40.73221853	-73.98165557	394	40.72521311	-73.97768752	1
0	22	7617	465	40.75513557	-73.98658032	540	40.74147286	-73.98320928	1
0	22	53079	324	40.689888	-73.981013	406	40.69512845	-73.99595065	1
0	22	17549	499	40.76915505	-73.98191841	290	40.76020258	-73.96478473	1
0	22	46226	498	40.74854862	-73.98808416	2022	40.75849116	-73.95920622	1
0	22	46151	348	40.72490985	-74.00154702	401	40.72019576	-73.98997825	1
0	22	10056	474	40.7451677	-73.98683077	433	40.72955361	-73.98057249	1
0	22	3797	382	40.73492695	-73.99200509	345	40.73649403	-73.99704374	1
0	22	70589	2003	40.73416059	-73.98024289	480	40.76669671	-73.99061728	1
0	22	5395	264	40.70706456	-74.00731853	151	40.7218158	-73.99720307	1
0	22	47079	445	40.72740794	-73.98142006	507	40.73912601	-73.97973776	1
0	22	10553	497	40.73704984	-73.99009296	435	40.74173969	-73.99415556	1
0	22	34794	161	40.72917025	-73.99810231	340	40.71269042	-73.98776323	1
0	22	70590	350	40.71559509	-73.9870295	243	40.687979	-73.978474	1
0	22	23620	224	40.71146364	-74.00552427	417	40.71291224	-74.01020234	1
0	22	19752	368	40.73038599	-74.00214988	243	40.687979	-73.978474	1
0	22	18400	296	40.71413089	-73.9970468	531	40.71893904	-73.99266288	1
0	22	66477	422	40.770513	-73.988038	248	40.72185379	-74.00771779	1
0	22	32974	412	40.7158155	-73.99422366	473	40.72110063	-73.9919254	1
0	22	21570	151	40.7218158	-73.99720307	296	40.71413089	-73.9970468	1
0	22	3500	521	40.75044999	-73.99481051	546	40.74444921	-73.98303529	1
0	22	49649	532	40.710451	-73.960876	317	40.72453734	-73.98185424	1
0	22	48849	515	40.76009437	-73.99461843	468	40.7652654	-73.98192338	1
0	22	20628	521	40.75044999	-73.99481051	489	40.75066386	-74.00176802	1
0	22	29828	229	40.72743423	-73.99379025	350	40.71559509	-73.9870295	1
0	22	17340	128	40.72710258	-74.00297088	539	40.71534825	-73.96024116	1
0	22	12695	229	40.72743423	-73.99379025	405	40.739323	-74.008119	1
0	22	12565	2006	40.76590936	-73.97634151	499	40.76915505	-73.98191841	2
0	22	4718	518	40.74780373	-73.9734419	237	40.73047309	-73.98672378	1
0	22	47334	239	40.69196566	-73.9813018	390	40.69221589	-73.9842844	1
0	22	11061	472	40.7457121	-73.98194829	477	40.75640548	-73.9900262	1
0	22	7610	300	40.728145	-73.990214	531	40.71893904	-73.99266288	3
0	22	24564	463	40.74206539	-74.00443172	482	40.73935542	-73.99931783	1
0	22	7276	2017	40.75022392	-73.97121414	540	40.74147286	-73.98320928	1
0	22	11830	157	40.69089272	-73.99612349	420	40.68764484	-73.96968902	1
0	22	33501	479	40.76019252	-73.9912551	223	40.73781509	-73.99994661	1
0	22	39590	229	40.72743423	-73.99379025	357	40.73261787	-73.99158043	1
0	22	15834	388	40.749717753	-74.002950346	223	40.73781509	-73.99994661	1
0	22	46517	498	40.74854862	-73.98808416	441	40.756014	-73.967416	1
0	22	9033	509	40.7454973	-74.00197139	293	40.73028666	-73.9907647	1
0	22	8863	223	40.73781509	-73.99994661	355	40.71602118	-73.99974372	1
0	22	2140	475	40.73524276	-73.98758561	528	40.74290902	-73.97706058	1
0	22	14164	341	40.71782143	-73.97628939	350	40.71559509	-73.9870295	1
0	22	21310	2003	40.73416059	-73.98024289	401	40.72019576	-73.98997825	1
0	22	12969	510	40.7606597	-73.98042047	173	40.76064679	-73.98442659	1
0	22	5513	380	40.73401143	-74.00293877	517	40.75149263	-73.97798848	1
0	22	5166	348	40.72490985	-74.00154702	404	40.7405826	-74.00550867	1
0	22	17056	128	40.72710258	-74.00297088	394	40.72521311	-73.97768752	1
0	22	10537	466	40.74395411	-73.99144871	446	40.74487634	-73.99529885	1
0	22	13802	428	40.72467721	-73.98783413	325	40.73624527	-73.98473765	1
0	22	34695	490	40.751551	-73.993934	504	40.73221853	-73.98165557	1
0	22	39246	280	40.73331967	-73.99510132	475	40.73524276	-73.98758561	1
0	22	29611	512	40.7500727	-73.99839279	247	40.73535398	-74.00483091	1
0	22	11950	505	40.74901271	-73.98848395	466	40.74395411	-73.99144871	1
0	22	8945	457	40.76695317	-73.98169333	513	40.768254	-73.988639	1
0	22	23224	446	40.74487634	-73.99529885	434	40.74317449	-74.00366443	1
0	22	10706	161	40.72917025	-73.99810231	483	40.73223272	-73.98889957	2
0	22	12573	528	40.74290902	-73.97706058	504	40.73221853	-73.98165557	1
0	22	13642	482	40.73935542	-73.99931783	490	40.751551	-73.993934	1
0	22	36772	472	40.7457121	-73.98194829	334	40.74238787	-73.99726235	1
0	22	29967	404	40.7405826	-74.00550867	422	40.770513	-73.988038	1
0	22	4927	442	40.746647	-73.993915	489	40.75066386	-74.00176802	1
0	22	13686	521	40.75044999	-73.99481051	521	40.75044999	-73.99481051	1
0	22	35297	486	40.7462009	-73.98855723	546	40.74444921	-73.98303529	1
0	22	24000	540	40.74147286	-73.98320928	465	40.75513557	-73.98658032	1
0	22	63595	483	40.73223272	-73.98889957	421	40.69573398	-73.97129668	1
0	22	10769	336	40.73047747	-73.99906065	2010	40.72165481	-74.00234737	2
0	22	24422	152	40.71473993	-74.00910627	490	40.751551	-73.993934	1
0	22	2394	368	40.73038599	-74.00214988	435	40.74173969	-73.99415556	1
0	22	2185	495	40.76269882	-73.99301222	465	40.75513557	-73.98658032	1
0	22	41918	250	40.72456089	-73.99565293	334	40.74238787	-73.99726235	1
0	22	1003	441	40.756014	-73.967416	510	40.7606597	-73.98042047	1
0	22	51272	410	40.72066442	-73.98517977	442	40.746647	-73.993915	1
0	22	19648	167	40.7489006	-73.97604882	174	40.7381765	-73.97738662	1
0	22	70591	349	40.71850211	-73.98329859	262	40.69178232	-73.97372989	1
0	22	9312	336	40.73047747	-73.99906065	404	40.7405826	-74.00550867	1
0	22	21823	314	40.69424674	-73.99215922	406	40.69512845	-73.99595065	1
0	22	279	417	40.71291224	-74.01020234	306	40.70823502	-74.00530063	1
0	22	7894	497	40.73704984	-73.99009296	465	40.75513557	-73.98658032	2
0	22	9032	253	40.73543934	-73.99453948	405	40.739323	-74.008119	1
0	22	28552	457	40.76695317	-73.98169333	470	40.74345335	-74.00004031	1
0	22	31074	325	40.73624527	-73.98473765	433	40.72955361	-73.98057249	1
0	22	62295	247	40.73535398	-74.00483091	315	40.70355377	-74.00670227	1
0	22	14165	479	40.76019252	-73.9912551	488	40.75645824	-73.99372222	1
0	22	27952	359	40.75510267	-73.97498696	505	40.74901271	-73.98848395	1
0	22	3436	494	40.74734825	-73.99723551	523	40.75466591	-73.99138152	1
0	22	14396	401	40.72019576	-73.98997825	79	40.71911552	-74.00666661	1
0	22	8673	2006	40.76590936	-73.97634151	457	40.76695317	-73.98169333	1
0	22	26977	152	40.71473993	-74.00910627	472	40.7457121	-73.98194829	1
0	22	40753	290	40.76020258	-73.96478473	297	40.734232	-73.986923	1
0	22	6576	507	40.73912601	-73.97973776	518	40.74780373	-73.9734419	1
0	22	57824	361	40.71605866	-73.99190759	237	40.73047309	-73.98672378	2
0	22	37517	484	40.75500254	-73.98014437	485	40.75038009	-73.98338988	1
0	22	18117	493	40.7568001	-73.98291153	382	40.73492695	-73.99200509	2
0	22	10336	483	40.73223272	-73.98889957	161	40.72917025	-73.99810231	1
0	22	2043	383	40.735238	-74.000271	402	40.7403432	-73.98955109	1
0	22	20941	435	40.74173969	-73.99415556	470	40.74345335	-74.00004031	1
0	22	29484	357	40.73261787	-73.99158043	383	40.735238	-74.000271	1
0	22	873	521	40.75044999	-73.99481051	482	40.73935542	-73.99931783	2
0	22	26713	72	40.76727216	-73.99392888	325	40.73624527	-73.98473765	1
0	22	16634	349	40.71850211	-73.98329859	428	40.72467721	-73.98783413	1
0	22	15173	403	40.72502876	-73.99069656	150	40.7208736	-73.98085795	1
0	22	28667	504	40.73221853	-73.98165557	528	40.74290902	-73.97706058	1
0	22	4355	435	40.74173969	-73.99415556	380	40.73401143	-74.00293877	1
0	22	11174	380	40.73401143	-74.00293877	470	40.74345335	-74.00004031	4
0	22	23447	494	40.74734825	-73.99723551	546	40.74444921	-73.98303529	1
0	22	57466	290	40.76020258	-73.96478473	513	40.768254	-73.988639	2
0	22	20391	318	40.75320159	-73.9779874	480	40.76669671	-73.99061728	1
0	22	12275	521	40.75044999	-73.99481051	2021	40.75929124	-73.98859651	2
0	22	41073	383	40.735238	-74.000271	439	40.7262807	-73.98978041	1
0	22	930	82	40.71117416	-74.00016545	306	40.70823502	-74.00530063	1
0	22	11447	462	40.74691959	-74.00451887	375	40.72679454	-73.99695094	1
0	22	19271	446	40.74487634	-73.99529885	466	40.74395411	-73.99144871	1
0	22	4253	462	40.74691959	-74.00451887	453	40.74475148	-73.99915362	1
0	22	70592	524	40.75527307	-73.98316936	297	40.734232	-73.986923	2
0	22	22725	467	40.68312489	-73.97895137	262	40.69178232	-73.97372989	1
0	22	15548	295	40.71406667	-73.99293911	341	40.71782143	-73.97628939	1
0	22	11144	313	40.69610226	-73.96751037	313	40.69610226	-73.96751037	2
0	22	12466	251	40.72317958	-73.99480012	151	40.7218158	-73.99720307	1
0	22	23125	284	40.7390169121	-74.0026376103	380	40.73401143	-74.00293877	1
0	22	70593	2004	40.724399	-74.004704	411	40.72228087	-73.97668709	1
0	22	5764	293	40.73028666	-73.9907647	345	40.73649403	-73.99704374	1
0	22	16509	382	40.73492695	-73.99200509	428	40.72467721	-73.98783413	1
0	22	32879	486	40.7462009	-73.98855723	466	40.74395411	-73.99144871	1
0	22	70594	372	40.694528	-73.958089	217	40.70277159	-73.99383605	1
0	22	70595	408	40.71076228	-73.99400398	336	40.73047747	-73.99906065	1
0	22	17112	515	40.76009437	-73.99461843	480	40.76669671	-73.99061728	1
0	22	30269	173	40.76064679	-73.98442659	440	40.75255434	-73.97282625	1
0	22	3666	462	40.74691959	-74.00451887	546	40.74444921	-73.98303529	1
0	22	6785	540	40.74147286	-73.98320928	472	40.7457121	-73.98194829	1
0	22	32594	490	40.751551	-73.993934	428	40.72467721	-73.98783413	1
0	22	3482	326	40.72953837	-73.98426726	403	40.72502876	-73.99069656	1
0	22	4480	380	40.73401143	-74.00293877	380	40.73401143	-74.00293877	2
0	22	38743	257	40.71939226	-74.00247214	438	40.72779126	-73.98564945	1
0	22	60723	296	40.71413089	-73.9970468	454	40.75455731	-73.96592976	1
0	22	20983	446	40.74487634	-73.99529885	450	40.76227205	-73.98788205	1
0	22	36240	388	40.749717753	-74.002950346	470	40.74345335	-74.00004031	1
0	22	27169	462	40.74691959	-74.00451887	152	40.71473993	-74.00910627	1
0	22	9420	442	40.746647	-73.993915	482	40.73935542	-73.99931783	1
0	22	8338	152	40.71473993	-74.00910627	284	40.7390169121	-74.0026376103	1
0	22	17102	472	40.7457121	-73.98194829	438	40.72779126	-73.98564945	1
0	22	8853	483	40.73223272	-73.98889957	294	40.73049393	-73.9957214	1
0	22	34507	380	40.73401143	-74.00293877	458	40.751396	-74.005226	1
0	22	11605	301	40.72217444	-73.98368779	428	40.72467721	-73.98783413	1
0	22	55842	495	40.76269882	-73.99301222	284	40.7390169121	-74.0026376103	1
0	22	33592	271	40.68528172	-73.97805813	421	40.69573398	-73.97129668	1
0	22	5995	454	40.75455731	-73.96592976	459	40.746745	-74.007756	1
0	22	381	128	40.72710258	-74.00297088	151	40.7218158	-73.99720307	1
0	22	13387	375	40.72679454	-73.99695094	433	40.72955361	-73.98057249	1
0	22	7284	293	40.73028666	-73.9907647	2003	40.73416059	-73.98024289	1
0	22	20236	502	40.714215	-73.981346	332	40.71219906	-73.97948148	1
0	22	6693	236	40.7284186	-73.98713956	251	40.72317958	-73.99480012	1
0	22	5020	395	40.68807003	-73.98410637	467	40.68312489	-73.97895137	1
0	22	20487	265	40.72229346	-73.99147535	308	40.71307916	-73.99851193	1
0	22	5253	284	40.7390169121	-74.0026376103	388	40.749717753	-74.002950346	1
0	22	21897	499	40.76915505	-73.98191841	160	40.748238	-73.978311	1
0	22	32200	405	40.739323	-74.008119	161	40.72917025	-73.99810231	1
0	22	17028	483	40.73223272	-73.98889957	317	40.72453734	-73.98185424	1
0	22	49670	517	40.75149263	-73.97798848	480	40.76669671	-73.99061728	1
0	22	1552	448	40.75660359	-73.9979009	521	40.75044999	-73.99481051	1
0	22	50223	79	40.71911552	-74.00666661	312	40.722055	-73.989111	1
0	22	1948	486	40.7462009	-73.98855723	497	40.73704984	-73.99009296	1
0	22	52955	331	40.71173107	-73.99193043	465	40.75513557	-73.98658032	1
0	22	40535	331	40.71173107	-73.99193043	363	40.70834698	-74.01713445	1
0	22	17809	368	40.73038599	-74.00214988	531	40.71893904	-73.99266288	1
0	22	17351	253	40.73543934	-73.99453948	416	40.68753406	-73.97265183	1
0	22	39665	417	40.71291224	-74.01020234	422	40.770513	-73.988038	1
0	22	46369	490	40.751551	-73.993934	487	40.73314259	-73.97573881	1
0	22	11674	489	40.75066386	-74.00176802	521	40.75044999	-73.99481051	1
0	22	62492	389	40.71044554	-73.96525063	437	40.6809833854	-73.9500479759	1
0	22	2366	509	40.7454973	-74.00197139	497	40.73704984	-73.99009296	1
0	22	13689	388	40.749717753	-74.002950346	368	40.73038599	-74.00214988	2
0	22	31948	446	40.74487634	-73.99529885	2004	40.724399	-74.004704	1
0	22	30894	297	40.734232	-73.986923	504	40.73221853	-73.98165557	1
0	22	9293	545	40.736502	-73.97809472	528	40.74290902	-73.97706058	1
0	22	8194	435	40.74173969	-73.99415556	523	40.75466591	-73.99138152	1
0	22	63713	471	40.71286844	-73.95698119	344	40.6851443	-73.95380904	1
0	22	44895	362	40.75172632	-73.98753523	83	40.68382604	-73.97632328	1
0	22	14883	470	40.74345335	-74.00004031	523	40.75466591	-73.99138152	1
0	22	26044	330	40.71450451	-74.00562789	415	40.7047177	-74.00926027	1
0	22	22214	297	40.734232	-73.986923	402	40.7403432	-73.98955109	1
0	22	31032	517	40.75149263	-73.97798848	487	40.73314259	-73.97573881	1
0	22	18163	479	40.76019252	-73.9912551	474	40.7451677	-73.98683077	1
0	22	33556	280	40.73331967	-73.99510132	301	40.72217444	-73.98368779	1
0	22	7997	446	40.74487634	-73.99529885	489	40.75066386	-74.00176802	1
0	22	15578	173	40.76064679	-73.98442659	529	40.7575699	-73.99098507	1
0	22	981	173	40.76064679	-73.98442659	450	40.76227205	-73.98788205	1
0	22	14697	536	40.74144387	-73.97536082	498	40.74854862	-73.98808416	1
0	22	58945	359	40.75510267	-73.97498696	2003	40.73416059	-73.98024289	1
0	22	9821	477	40.75640548	-73.9900262	509	40.7454973	-74.00197139	1
0	22	7709	459	40.746745	-74.007756	224	40.71146364	-74.00552427	1
0	22	10776	345	40.73649403	-73.99704374	223	40.73781509	-73.99994661	1
0	22	19070	528	40.74290902	-73.97706058	393	40.72299208	-73.97995466	1
0	22	27426	325	40.73624527	-73.98473765	439	40.7262807	-73.98978041	1
0	22	23286	368	40.73038599	-74.00214988	361	40.71605866	-73.99190759	1
0	22	47662	482	40.73935542	-73.99931783	492	40.75019995	-73.99093085	1
0	22	43777	296	40.71413089	-73.9970468	410	40.72066442	-73.98517977	1
0	22	6540	290	40.76020258	-73.96478473	164	40.75323098	-73.97032517	1
0	22	31936	540	40.74147286	-73.98320928	257	40.71939226	-74.00247214	1
0	22	7568	465	40.75513557	-73.98658032	515	40.76009437	-73.99461843	1
0	22	21783	2002	40.716887	-73.963198	354	40.69363137	-73.96223558	1
0	22	37026	351	40.70530954	-74.00612572	224	40.71146364	-74.00552427	1
0	22	6910	442	40.746647	-73.993915	116	40.74177603	-74.00149746	1
0	22	44538	475	40.73524276	-73.98758561	164	40.75323098	-73.97032517	1
0	22	39315	386	40.71494807	-74.00234482	509	40.7454973	-74.00197139	1
0	22	40656	358	40.73291553	-74.00711384	300	40.728145	-73.990214	2
0	22	22545	116	40.74177603	-74.00149746	423	40.76584941	-73.98690506	1
0	22	10403	444	40.7423543	-73.98915076	253	40.73543934	-73.99453948	1
0	22	70141	471	40.71286844	-73.95698119	372	40.694528	-73.958089	1
0	22	8693	497	40.73704984	-73.99009296	477	40.75640548	-73.9900262	1
0	22	41163	420	40.68764484	-73.96968902	399	40.68851534	-73.9647628	1
0	22	14106	72	40.76727216	-73.99392888	465	40.75513557	-73.98658032	1
0	22	60666	435	40.74173969	-73.99415556	250	40.72456089	-73.99565293	1
0	22	29919	474	40.7451677	-73.98683077	474	40.7451677	-73.98683077	1
0	22	15657	456	40.7597108	-73.97402311	465	40.75513557	-73.98658032	1
0	22	43051	217	40.70277159	-73.99383605	430	40.7014851	-73.98656928	2
0	22	70596	243	40.687979	-73.978474	347	40.72873888	-74.00748842	1
0	22	11788	521	40.75044999	-73.99481051	435	40.74173969	-73.99415556	1
0	22	4246	450	40.76227205	-73.98788205	521	40.75044999	-73.99481051	1
0	22	28861	128	40.72710258	-74.00297088	458	40.751396	-74.005226	1
0	22	14096	368	40.73038599	-74.00214988	294	40.73049393	-73.9957214	1
0	22	12775	128	40.72710258	-74.00297088	284	40.7390169121	-74.0026376103	1
0	22	46347	127	40.73172428	-74.00674436	83	40.68382604	-73.97632328	1
0	22	2491	2003	40.73416059	-73.98024289	518	40.74780373	-73.9734419	1
0	22	35502	359	40.75510267	-73.97498696	334	40.74238787	-73.99726235	1
0	22	18146	514	40.76087502	-74.00277668	448	40.75660359	-73.9979009	1
0	22	5471	521	40.75044999	-73.99481051	488	40.75645824	-73.99372222	1
0	22	28373	347	40.72873888	-74.00748842	497	40.73704984	-73.99009296	1
0	22	6280	336	40.73047747	-73.99906065	382	40.73492695	-73.99200509	1
0	22	8345	540	40.74147286	-73.98320928	518	40.74780373	-73.9734419	1
0	22	14835	474	40.7451677	-73.98683077	488	40.75645824	-73.99372222	2
0	22	28555	510	40.7606597	-73.98042047	522	40.75714758	-73.97207836	1
0	22	49354	546	40.74444921	-73.98303529	446	40.74487634	-73.99529885	1
0	22	7554	509	40.7454973	-74.00197139	509	40.7454973	-74.00197139	1
0	22	8999	307	40.71427487	-73.98990025	412	40.7158155	-73.99422366	1
0	22	12812	312	40.722055	-73.989111	297	40.734232	-73.986923	1
0	22	18107	161	40.72917025	-73.99810231	360	40.70717936	-74.00887308	1
0	22	41288	383	40.735238	-74.000271	236	40.7284186	-73.98713956	1
0	22	9213	401	40.72019576	-73.98997825	345	40.73649403	-73.99704374	1
0	22	28708	439	40.7262807	-73.98978041	336	40.73047747	-73.99906065	1
0	22	70597	465	40.75513557	-73.98658032	245	40.69327018	-73.97703874	2
0	22	56853	285	40.73454567	-73.99074142	310	40.68926942	-73.98912867	1
0	22	45144	426	40.71754834	-74.01322069	467	40.68312489	-73.97895137	1
0	22	44195	505	40.74901271	-73.98848395	479	40.76019252	-73.9912551	1
0	22	13090	523	40.75466591	-73.99138152	512	40.7500727	-73.99839279	1
0	22	8759	319	40.71336124	-74.00937622	327	40.7153379	-74.01658354	1
