0	0	20266	459	40.746745	-74.007756	475	40.73524276	-73.98758561	1
0	0	34268	510	40.7606597	-73.98042047	446	40.74487634	-73.99529885	1
0	0	2721	439	40.7262807	-73.98978041	426	40.71754834	-74.01322069	1
0	0	40947	466	40.74395411	-73.99144871	453	40.74475148	-73.99915362	1
0	0	61814	468	40.7652654	-73.98192338	151	40.7218158	-73.99720307	1
0	0	73524	350	40.71559509	-73.9870295	120	40.68676793	-73.95928168	1
0	0	51070	475	40.73524276	-73.98758561	502	40.714215	-73.981346	1
0	0	10138	499	40.76915505	-73.98191841	405	40.739323	-74.008119	1
0	0	36891	250	40.72456089	-73.99565293	336	40.73047747	-73.99906065	1
0	0	23221	309	40.7149787	-74.013012	405	40.739323	-74.008119	1
0	0	38084	161	40.72917025	-73.99810231	311	40.7172274	-73.98802084	2
0	0	15859	412	40.7158155	-73.99422366	324	40.689888	-73.981013	1
0	0	55545	439	40.7262807	-73.98978041	478	40.76030096	-73.99884222	1
0	0	40744	462	40.74691959	-74.00451887	403	40.72502876	-73.99069656	1
0	0	36778	478	40.76030096	-73.99884222	297	40.734232	-73.986923	1
0	0	33419	490	40.751551	-73.993934	174	40.7381765	-73.97738662	1
0	0	69894	238	40.7361967	-74.00859207	356	40.71622644	-73.98261206	1
0	0	197	285	40.73454567	-73.99074142	393	40.72299208	-73.97995466	2
0	0	44199	294	40.73049393	-73.9957214	248	40.72185379	-74.00771779	1
0	0	33366	216	40.70037867	-73.99548059	217	40.70277159	-73.99383605	1
0	0	16665	417	40.71291224	-74.01020234	340	40.71269042	-73.98776323	1
0	0	34784	434	40.74317449	-74.00366443	312	40.722055	-73.989111	1
0	0	23148	157	40.69089272	-73.99612349	384	40.68317813	-73.9659641	1
0	0	27629	402	40.7403432	-73.98955109	448	40.75660359	-73.9979009	2
0	0	37512	247	40.73535398	-74.00483091	325	40.73624527	-73.98473765	1
0	0	64853	468	40.7652654	-73.98192338	501	40.744219	-73.97121214	1
0	0	34320	253	40.73543934	-73.99453948	428	40.72467721	-73.98783413	1
0	0	39617	468	40.7652654	-73.98192338	528	40.74290902	-73.97706058	1
0	0	20900	328	40.72405549	-74.00965965	348	40.72490985	-74.00154702	1
0	0	694	432	40.72621788	-73.98379855	285	40.73454567	-73.99074142	1
0	0	26170	404	40.7405826	-74.00550867	485	40.75038009	-73.98338988	1
0	0	15003	462	40.74691959	-74.00451887	438	40.72779126	-73.98564945	1
0	0	22205	304	40.70463334	-74.01361706	147	40.71542197	-74.01121978	1
0	0	23550	428	40.72467721	-73.98783413	331	40.71173107	-73.99193043	1
0	0	46982	545	40.736502	-73.97809472	369	40.73224119	-74.00026394	1
0	0	24706	545	40.736502	-73.97809472	440	40.75255434	-73.97282625	1
0	0	18746	152	40.71473993	-74.00910627	264	40.70706456	-74.00731853	1
0	0	23893	312	40.722055	-73.989111	174	40.7381765	-73.97738662	1
0	0	61700	401	40.72019576	-73.98997825	261	40.69474881	-73.98362464	1
0	0	35123	471	40.71286844	-73.95698119	368	40.73038599	-74.00214988	1
0	0	32308	382	40.73492695	-73.99200509	275	40.68650065	-73.96563307	2
0	0	31884	447	40.76370739	-73.9851615	492	40.75019995	-73.99093085	1
0	0	38253	334	40.74238787	-73.99726235	212	40.74334935	-74.00681753	1
0	0	25672	307	40.71427487	-73.98990025	260	40.70365182	-74.01167797	1
0	0	25131	349	40.71850211	-73.98329859	531	40.71893904	-73.99266288	1
0	0	33509	312	40.722055	-73.989111	458	40.751396	-74.005226	1
0	0	1444	116	40.74177603	-74.00149746	247	40.73535398	-74.00483091	1
0	0	9832	195	40.70905623	-74.01043382	348	40.72490985	-74.00154702	1
0	0	23283	453	40.74475148	-73.99915362	325	40.73624527	-73.98473765	1
0	0	73525	241	40.68981035	-73.97493121	278	40.69766564	-73.98476437	2
0	0	37033	229	40.72743423	-73.99379025	446	40.74487634	-73.99529885	1
0	0	15902	499	40.76915505	-73.98191841	479	40.76019252	-73.9912551	1
0	0	1714	507	40.73912601	-73.97973776	524	40.75527307	-73.98316936	1
0	0	5160	285	40.73454567	-73.99074142	444	40.7423543	-73.98915076	1
0	0	22022	466	40.74395411	-73.99144871	345	40.73649403	-73.99704374	1
0	0	2946	295	40.71406667	-73.99293911	410	40.72066442	-73.98517977	1
0	0	39728	328	40.72405549	-74.00965965	401	40.72019576	-73.98997825	1
0	0	32758	383	40.735238	-74.000271	410	40.72066442	-73.98517977	2
0	0	15229	382	40.73492695	-73.99200509	265	40.72229346	-73.99147535	1
0	0	46108	420	40.68764484	-73.96968902	395	40.68807003	-73.98410637	1
0	0	20416	511	40.72938685	-73.97772429	334	40.74238787	-73.99726235	1
0	0	44209	2006	40.76590936	-73.97634151	2022	40.75849116	-73.95920622	1
0	0	8904	300	40.728145	-73.990214	2010	40.72165481	-74.00234737	1
0	0	31074	325	40.73624527	-73.98473765	433	40.72955361	-73.98057249	1
0	0	23374	383	40.735238	-74.000271	403	40.72502876	-73.99069656	1
0	0	59606	284	40.7390169121	-74.0026376103	502	40.714215	-73.981346	1
0	0	20464	318	40.75320159	-73.9779874	361	40.71605866	-73.99190759	1
0	0	16095	416	40.68753406	-73.97265183	270	40.69308257	-73.97178913	1
0	0	13629	345	40.73649403	-73.99704374	470	40.74345335	-74.00004031	1
0	0	12392	423	40.76584941	-73.98690506	479	40.76019252	-73.9912551	1
0	0	33638	244	40.69196035	-73.96536851	416	40.68753406	-73.97265183	1
0	0	32987	195	40.70905623	-74.01043382	326	40.72953837	-73.98426726	1
0	0	22504	483	40.73223272	-73.98889957	348	40.72490985	-74.00154702	1
0	0	13131	524	40.75527307	-73.98316936	470	40.74345335	-74.00004031	2
0	0	44855	465	40.75513557	-73.98658032	388	40.749717753	-74.002950346	1
0	0	24542	410	40.72066442	-73.98517977	317	40.72453734	-73.98185424	1
0	0	63630	128	40.72710258	-74.00297088	407	40.700469	-73.991454	1
0	0	11680	512	40.7500727	-73.99839279	458	40.751396	-74.005226	1
0	0	41801	439	40.7262807	-73.98978041	2009	40.71117444	-73.99682619	1
0	0	72456	423	40.76584941	-73.98690506	376	40.70862144	-74.00722156	1
0	0	13024	439	40.7262807	-73.98978041	380	40.73401143	-74.00293877	1
0	0	13784	293	40.73028666	-73.9907647	505	40.74901271	-73.98848395	1
0	0	4798	470	40.74345335	-74.00004031	312	40.722055	-73.989111	1
0	0	798	459	40.746745	-74.007756	357	40.73261787	-73.99158043	1
0	0	12716	497	40.73704984	-73.99009296	475	40.73524276	-73.98758561	1
0	0	72443	353	40.68539567	-73.97431458	390	40.69221589	-73.9842844	1
0	0	12466	251	40.72317958	-73.99480012	151	40.7218158	-73.99720307	1
0	0	19962	468	40.7652654	-73.98192338	499	40.76915505	-73.98191841	1
0	0	10945	217	40.70277159	-73.99383605	217	40.70277159	-73.99383605	1
0	0	52383	312	40.722055	-73.989111	445	40.72740794	-73.98142006	1
0	0	20736	311	40.7172274	-73.98802084	460	40.71285887	-73.96590294	2
0	0	52761	325	40.73624527	-73.98473765	147	40.71542197	-74.01121978	1
0	0	8791	265	40.72229346	-73.99147535	293	40.73028666	-73.9907647	1
0	0	13982	326	40.72953837	-73.98426726	507	40.73912601	-73.97973776	1
0	0	5526	500	40.76228826	-73.98336183	477	40.75640548	-73.9900262	1
0	0	13258	146	40.71625008	-74.0091059	329	40.72043411	-74.01020609	1
0	0	21294	432	40.72621788	-73.98379855	382	40.73492695	-73.99200509	1
0	0	46662	383	40.735238	-74.000271	473	40.72110063	-73.9919254	1
0	0	52111	473	40.72110063	-73.9919254	375	40.72679454	-73.99695094	2
0	0	8220	458	40.751396	-74.005226	444	40.7423543	-73.98915076	1
0	0	478	504	40.73221853	-73.98165557	532	40.710451	-73.960876	1
0	0	21373	253	40.73543934	-73.99453948	247	40.73535398	-74.00483091	1
0	0	25721	459	40.746745	-74.007756	415	40.7047177	-74.00926027	1
0	0	1650	448	40.75660359	-73.9979009	490	40.751551	-73.993934	1
0	0	15339	517	40.75149263	-73.97798848	453	40.74475148	-73.99915362	1
0	0	20481	306	40.70823502	-74.00530063	410	40.72066442	-73.98517977	1
0	0	28176	360	40.70717936	-74.00887308	360	40.70717936	-74.00887308	1
0	0	27917	520	40.75992262	-73.97648516	2006	40.76590936	-73.97634151	1
0	0	31769	447	40.76370739	-73.9851615	290	40.76020258	-73.96478473	1
0	0	48668	247	40.73535398	-74.00483091	479	40.76019252	-73.9912551	1
0	0	46600	236	40.7284186	-73.98713956	252	40.73226398	-73.99852205	2
0	0	53103	268	40.71910537	-73.99973337	317	40.72453734	-73.98185424	1
0	0	39882	440	40.75255434	-73.97282625	499	40.76915505	-73.98191841	1
0	0	1948	486	40.7462009	-73.98855723	497	40.73704984	-73.99009296	1
0	0	18513	463	40.74206539	-74.00443172	439	40.7262807	-73.98978041	2
0	0	35233	523	40.75466591	-73.99138152	267	40.75097711	-73.98765428	1
0	0	28558	366	40.693261	-73.968896	289	40.6845683	-73.95881081	1
0	0	29017	439	40.7262807	-73.98978041	376	40.70862144	-74.00722156	1
0	0	27158	470	40.74345335	-74.00004031	489	40.75066386	-74.00176802	3
0	0	33767	120	40.68676793	-73.95928168	366	40.693261	-73.968896	1
0	0	8238	472	40.7457121	-73.98194829	284	40.7390169121	-74.0026376103	1
0	0	1261	380	40.73401143	-74.00293877	212	40.74334935	-74.00681753	2
0	0	13878	359	40.75510267	-73.97498696	477	40.75640548	-73.9900262	1
0	0	1438	445	40.72740794	-73.98142006	285	40.73454567	-73.99074142	1
0	0	27594	301	40.72217444	-73.98368779	433	40.72955361	-73.98057249	1
0	0	23923	500	40.76228826	-73.98336183	345	40.73649403	-73.99704374	1
0	0	73526	393	40.72299208	-73.97995466	523	40.75466591	-73.99138152	1
0	0	23284	297	40.734232	-73.986923	540	40.74147286	-73.98320928	1
0	0	10912	498	40.74854862	-73.98808416	325	40.73624527	-73.98473765	2
0	0	37038	433	40.72955361	-73.98057249	445	40.72740794	-73.98142006	1
0	0	19922	459	40.746745	-74.007756	293	40.73028666	-73.9907647	1
0	0	11130	307	40.71427487	-73.98990025	502	40.714215	-73.981346	2
0	0	5477	319	40.71336124	-74.00937622	3002	40.711512	-74.015756	1
0	0	12091	382	40.73492695	-73.99200509	439	40.7262807	-73.98978041	1
0	0	24776	317	40.72453734	-73.98185424	545	40.736502	-73.97809472	1
0	0	18967	368	40.73038599	-74.00214988	403	40.72502876	-73.99069656	1
0	0	8613	435	40.74173969	-73.99415556	490	40.751551	-73.993934	1
0	0	32799	285	40.73454567	-73.99074142	312	40.722055	-73.989111	1
0	0	40931	482	40.73935542	-73.99931783	300	40.728145	-73.990214	1
0	0	44659	348	40.72490985	-74.00154702	349	40.71850211	-73.98329859	1
0	0	34981	326	40.72953837	-73.98426726	295	40.71406667	-73.99293911	1
0	0	12577	2021	40.75929124	-73.98859651	334	40.74238787	-73.99726235	1
0	0	23876	326	40.72953837	-73.98426726	291	40.713126	-73.984844	1
0	0	3182	116	40.74177603	-74.00149746	494	40.74734825	-73.99723551	1
0	0	73527	428	40.72467721	-73.98783413	479	40.76019252	-73.9912551	1
0	0	25959	153	40.752062307	-73.9816324043	462	40.74691959	-74.00451887	1
0	0	13495	528	40.74290902	-73.97706058	174	40.7381765	-73.97738662	3
0	0	22610	403	40.72502876	-73.99069656	2003	40.73416059	-73.98024289	1
0	0	14742	355	40.71602118	-73.99974372	291	40.713126	-73.984844	1
0	0	44035	441	40.756014	-73.967416	500	40.76228826	-73.98336183	1
0	0	11343	450	40.76227205	-73.98788205	515	40.76009437	-73.99461843	1
0	0	16290	161	40.72917025	-73.99810231	284	40.7390169121	-74.0026376103	4
0	0	28504	336	40.73047747	-73.99906065	328	40.72405549	-74.00965965	2
0	0	25632	254	40.73532427	-73.99800419	294	40.73049393	-73.9957214	1
0	0	55312	300	40.728145	-73.990214	316	40.70955958	-74.00653609	1
0	0	43962	280	40.73331967	-73.99510132	415	40.7047177	-74.00926027	1
0	0	71963	463	40.74206539	-74.00443172	248	40.72185379	-74.00771779	1
0	0	573	301	40.72217444	-73.98368779	323	40.69236178	-73.98631746	1
0	0	19486	79	40.71911552	-74.00666661	229	40.72743423	-73.99379025	1
0	0	8180	357	40.73261787	-73.99158043	223	40.73781509	-73.99994661	1
0	0	41654	354	40.69363137	-73.96223558	289	40.6845683	-73.95881081	1
0	0	37016	401	40.72019576	-73.98997825	373	40.69331716	-73.95381995	1
0	0	15275	454	40.75455731	-73.96592976	305	40.76095756	-73.96724467	1
0	0	7775	368	40.73038599	-74.00214988	404	40.7405826	-74.00550867	2
0	0	28706	432	40.72621788	-73.98379855	265	40.72229346	-73.99147535	1
0	0	46480	393	40.72299208	-73.97995466	349	40.71850211	-73.98329859	1
0	0	3884	293	40.73028666	-73.9907647	462	40.74691959	-74.00451887	1
0	0	5546	383	40.735238	-74.000271	325	40.73624527	-73.98473765	1
0	0	40648	475	40.73524276	-73.98758561	488	40.75645824	-73.99372222	1
0	0	13093	422	40.770513	-73.988038	284	40.7390169121	-74.0026376103	1
0	0	8887	161	40.72917025	-73.99810231	410	40.72066442	-73.98517977	1
0	0	18825	237	40.73047309	-73.98672378	411	40.72228087	-73.97668709	1
0	0	17393	173	40.76064679	-73.98442659	116	40.74177603	-74.00149746	1
0	0	859	521	40.75044999	-73.99481051	486	40.7462009	-73.98855723	1
0	0	51999	239	40.69196566	-73.9813018	157	40.69089272	-73.99612349	1
0	0	69888	385	40.75797322	-73.96603308	284	40.7390169121	-74.0026376103	1
0	0	1661	347	40.72873888	-74.00748842	128	40.72710258	-74.00297088	1
0	0	23206	475	40.73524276	-73.98758561	2012	40.739445	-73.976806	1
0	0	42644	438	40.72779126	-73.98564945	483	40.73223272	-73.98889957	1
0	0	35647	320	40.71743998	-74.00583475	225	40.74195138	-74.00803013	1
0	0	1165	504	40.73221853	-73.98165557	507	40.73912601	-73.97973776	1
0	0	21167	500	40.76228826	-73.98336183	229	40.72743423	-73.99379025	1
0	0	35016	447	40.76370739	-73.9851615	294	40.73049393	-73.9957214	1
0	0	24562	482	40.73935542	-73.99931783	276	40.71748752	-74.0104554	1
0	0	47402	515	40.76009437	-73.99461843	466	40.74395411	-73.99144871	1
0	0	3507	375	40.72679454	-73.99695094	312	40.722055	-73.989111	1
0	0	13030	505	40.74901271	-73.98848395	426	40.71754834	-74.01322069	1
0	0	28142	334	40.74238787	-73.99726235	540	40.74147286	-73.98320928	2
0	0	530	490	40.751551	-73.993934	478	40.76030096	-73.99884222	2
0	0	25671	499	40.76915505	-73.98191841	417	40.71291224	-74.01020234	1
0	0	6393	319	40.71336124	-74.00937622	306	40.70823502	-74.00530063	2
0	0	29576	469	40.76344058	-73.98268129	334	40.74238787	-73.99726235	1
0	0	67443	390	40.69221589	-73.9842844	368	40.73038599	-74.00214988	1
0	0	7924	432	40.72621788	-73.98379855	483	40.73223272	-73.98889957	2
0	0	12067	312	40.722055	-73.989111	293	40.73028666	-73.9907647	1
0	0	50394	470	40.74345335	-74.00004031	325	40.73624527	-73.98473765	2
0	0	274	368	40.73038599	-74.00214988	254	40.73532427	-73.99800419	1
0	0	3127	303	40.72362738	-73.99949601	116	40.74177603	-74.00149746	1
0	0	47911	264	40.70706456	-74.00731853	497	40.73704984	-73.99009296	1
0	0	30887	366	40.693261	-73.968896	271	40.68528172	-73.97805813	1
0	0	22475	312	40.722055	-73.989111	432	40.72621788	-73.98379855	1
0	0	17374	479	40.76019252	-73.9912551	426	40.71754834	-74.01322069	1
0	0	1021	445	40.72740794	-73.98142006	293	40.73028666	-73.9907647	1
0	0	14525	280	40.73331967	-73.99510132	438	40.72779126	-73.98564945	2
0	0	22551	483	40.73223272	-73.98889957	472	40.7457121	-73.98194829	2
0	0	4730	383	40.735238	-74.000271	168	40.73971301	-73.99456405	1
0	0	7232	492	40.75019995	-73.99093085	253	40.73543934	-73.99453948	1
0	0	18545	438	40.72779126	-73.98564945	528	40.74290902	-73.97706058	2
0	0	13202	500	40.76228826	-73.98336183	444	40.7423543	-73.98915076	1
0	0	10078	402	40.7403432	-73.98955109	490	40.751551	-73.993934	1
0	0	14735	368	40.73038599	-74.00214988	237	40.73047309	-73.98672378	1
0	0	15152	446	40.74487634	-73.99529885	546	40.74444921	-73.98303529	1
0	0	17656	2010	40.72165481	-74.00234737	393	40.72299208	-73.97995466	1
0	0	14061	284	40.7390169121	-74.0026376103	462	40.74691959	-74.00451887	2
0	0	18999	533	40.75299641	-73.98721619	505	40.74901271	-73.98848395	1
0	0	27370	361	40.71605866	-73.99190759	473	40.72110063	-73.9919254	1
0	0	17218	335	40.72903917	-73.99404649	346	40.73652889	-74.00618026	1
0	0	140	325	40.73624527	-73.98473765	531	40.71893904	-73.99266288	1
0	0	17310	340	40.71269042	-73.98776323	311	40.7172274	-73.98802084	1
0	0	32772	258	40.68940747	-73.96885458	353	40.68539567	-73.97431458	1
0	0	39665	417	40.71291224	-74.01020234	422	40.770513	-73.988038	1
0	0	44103	401	40.72019576	-73.98997825	528	40.74290902	-73.97706058	2
0	0	63153	434	40.74317449	-74.00366443	295	40.71406667	-73.99293911	1
0	0	73528	479	40.76019252	-73.9912551	254	40.73532427	-73.99800419	2
0	0	6275	499	40.76915505	-73.98191841	480	40.76669671	-73.99061728	1
0	0	46909	528	40.74290902	-73.97706058	345	40.73649403	-73.99704374	1
0	0	33025	229	40.72743423	-73.99379025	472	40.7457121	-73.98194829	1
0	0	20485	492	40.75019995	-73.99093085	499	40.76915505	-73.98191841	1
0	0	32694	433	40.72955361	-73.98057249	438	40.72779126	-73.98564945	1
0	0	23525	310	40.68926942	-73.98912867	274	40.68691865	-73.976682	1
0	0	22181	521	40.75044999	-73.99481051	453	40.74475148	-73.99915362	1
0	0	28805	151	40.7218158	-73.99720307	453	40.74475148	-73.99915362	1
0	0	1907	254	40.73532427	-73.99800419	486	40.7462009	-73.98855723	1
0	0	329	453	40.74475148	-73.99915362	450	40.76227205	-73.98788205	1
0	0	9498	335	40.72903917	-73.99404649	511	40.72938685	-73.97772429	1
0	0	14990	507	40.73912601	-73.97973776	334	40.74238787	-73.99726235	1
0	0	63355	335	40.72903917	-73.99404649	430	40.7014851	-73.98656928	1
0	0	39757	369	40.73224119	-74.00026394	504	40.73221853	-73.98165557	2
0	0	20467	531	40.71893904	-73.99266288	341	40.71782143	-73.97628939	1
0	0	11776	380	40.73401143	-74.00293877	368	40.73038599	-74.00214988	3
0	0	23670	311	40.7172274	-73.98802084	282	40.70827295	-73.96834101	1
0	0	51689	416	40.68753406	-73.97265183	354	40.69363137	-73.96223558	1
0	0	16802	323	40.69236178	-73.98631746	502	40.714215	-73.981346	1
0	0	2731	358	40.73291553	-74.00711384	328	40.72405549	-74.00965965	1
0	0	3557	449	40.76461837	-73.98789473	482	40.73935542	-73.99931783	2
0	0	18868	401	40.72019576	-73.98997825	356	40.71622644	-73.98261206	2
0	0	20568	212	40.74334935	-74.00681753	448	40.75660359	-73.9979009	2
0	0	13100	430	40.7014851	-73.98656928	414	40.70281858	-73.98765762	1
0	0	31522	523	40.75466591	-73.99138152	380	40.73401143	-74.00293877	1
0	0	1743	307	40.71427487	-73.98990025	445	40.72740794	-73.98142006	1
0	0	8353	492	40.75019995	-73.99093085	151	40.7218158	-73.99720307	1
0	0	28533	368	40.73038599	-74.00214988	439	40.7262807	-73.98978041	1
0	0	34307	403	40.72502876	-73.99069656	312	40.722055	-73.989111	1
0	0	2798	2008	40.70569254	-74.01677685	329	40.72043411	-74.01020609	1
0	0	63156	252	40.73226398	-73.99852205	366	40.693261	-73.968896	1
0	0	11037	449	40.76461837	-73.98789473	470	40.74345335	-74.00004031	1
0	0	24083	347	40.72873888	-74.00748842	79	40.71911552	-74.00666661	1
0	0	55329	366	40.693261	-73.968896	2002	40.716887	-73.963198	1
0	0	24703	401	40.72019576	-73.98997825	224	40.71146364	-74.00552427	1
0	0	32768	312	40.722055	-73.989111	501	40.744219	-73.97121214	1
0	0	36756	479	40.76019252	-73.9912551	468	40.7652654	-73.98192338	1
0	0	32206	444	40.7423543	-73.98915076	297	40.734232	-73.986923	1
0	0	38964	471	40.71286844	-73.95698119	313	40.69610226	-73.96751037	1
0	0	8242	488	40.75645824	-73.99372222	243	40.687979	-73.978474	1
0	0	40173	147	40.71542197	-74.01121978	474	40.7451677	-73.98683077	1
0	0	7811	305	40.76095756	-73.96724467	441	40.756014	-73.967416	1
0	0	41151	346	40.73652889	-74.00618026	212	40.74334935	-74.00681753	1
0	0	6532	293	40.73028666	-73.9907647	483	40.73223272	-73.98889957	1
0	0	39999	348	40.72490985	-74.00154702	433	40.72955361	-73.98057249	1
0	0	12086	526	40.74765947	-73.98490707	540	40.74147286	-73.98320928	1
0	0	60050	513	40.768254	-73.988639	483	40.73223272	-73.98889957	1
0	0	40900	174	40.7381765	-73.97738662	504	40.73221853	-73.98165557	1
0	0	55202	312	40.722055	-73.989111	417	40.71291224	-74.01020234	1
0	0	8912	334	40.74238787	-73.99726235	334	40.74238787	-73.99726235	1
0	0	61721	511	40.72938685	-73.97772429	223	40.73781509	-73.99994661	1
0	0	55380	225	40.74195138	-74.00803013	435	40.74173969	-73.99415556	1
0	0	5147	174	40.7381765	-73.97738662	540	40.74147286	-73.98320928	1
0	0	16413	399	40.68851534	-73.9647628	365	40.68223166	-73.9614583	1
0	0	15890	439	40.7262807	-73.98978041	368	40.73038599	-74.00214988	1
0	0	20244	375	40.72679454	-73.99695094	2010	40.72165481	-74.00234737	1
0	0	58593	254	40.73532427	-73.99800419	174	40.7381765	-73.97738662	1
0	0	14133	438	40.72779126	-73.98564945	459	40.746745	-74.007756	1
0	0	4472	350	40.71559509	-73.9870295	401	40.72019576	-73.98997825	1
0	0	2436	264	40.70706456	-74.00731853	260	40.70365182	-74.01167797	1
0	0	18298	2003	40.73416059	-73.98024289	458	40.751396	-74.005226	1
0	0	39499	389	40.71044554	-73.96525063	401	40.72019576	-73.98997825	2
0	0	39501	83	40.68382604	-73.97632328	2022	40.75849116	-73.95920622	1
0	0	22585	127	40.73172428	-74.00674436	499	40.76915505	-73.98191841	1
0	0	52218	445	40.72740794	-73.98142006	531	40.71893904	-73.99266288	1
0	0	55162	265	40.72229346	-73.99147535	545	40.736502	-73.97809472	1
0	0	10403	444	40.7423543	-73.98915076	253	40.73543934	-73.99453948	1
0	0	41280	445	40.72740794	-73.98142006	266	40.72368361	-73.97574813	1
0	0	31353	294	40.73049393	-73.9957214	383	40.735238	-74.000271	1
0	0	17261	351	40.70530954	-74.00612572	307	40.71427487	-73.98990025	1
0	0	7202	368	40.73038599	-74.00214988	368	40.73038599	-74.00214988	1
0	0	15046	293	40.73028666	-73.9907647	293	40.73028666	-73.9907647	1
0	0	35173	312	40.722055	-73.989111	345	40.73649403	-73.99704374	1
0	0	1	239	40.69196566	-73.9813018	366	40.693261	-73.968896	1
0	0	19509	444	40.7423543	-73.98915076	340	40.71269042	-73.98776323	1
0	0	28576	284	40.7390169121	-74.0026376103	445	40.72740794	-73.98142006	1
0	0	10439	2022	40.75849116	-73.95920622	466	40.74395411	-73.99144871	1
0	0	27518	357	40.73261787	-73.99158043	151	40.7218158	-73.99720307	1
0	0	38280	430	40.7014851	-73.98656928	421	40.69573398	-73.97129668	1
0	0	73530	546	40.74444921	-73.98303529	355	40.71602118	-73.99974372	1
0	0	31071	528	40.74290902	-73.97706058	526	40.74765947	-73.98490707	1
0	0	42193	475	40.73524276	-73.98758561	472	40.7457121	-73.98194829	1
0	0	50182	212	40.74334935	-74.00681753	355	40.71602118	-73.99974372	1
0	0	6885	380	40.73401143	-74.00293877	128	40.72710258	-74.00297088	1
0	0	24491	511	40.72938685	-73.97772429	151	40.7218158	-73.99720307	1
0	0	23588	326	40.72953837	-73.98426726	251	40.72317958	-73.99480012	1
0	0	21584	325	40.73624527	-73.98473765	401	40.72019576	-73.98997825	1
0	0	25977	438	40.72779126	-73.98564945	403	40.72502876	-73.99069656	1
0	0	36366	433	40.72955361	-73.98057249	151	40.7218158	-73.99720307	1
0	0	63454	403	40.72502876	-73.99069656	406	40.69512845	-73.99595065	1
0	0	31411	412	40.7158155	-73.99422366	340	40.71269042	-73.98776323	1
0	0	50172	270	40.69308257	-73.97178913	437	40.6809833854	-73.9500479759	1
0	0	37637	173	40.76064679	-73.98442659	513	40.768254	-73.988639	1
0	0	45816	418	40.70224	-73.982578	398	40.69165183	-73.9999786	1
0	0	31335	486	40.7462009	-73.98855723	375	40.72679454	-73.99695094	1
0	0	8267	2021	40.75929124	-73.98859651	264	40.70706456	-74.00731853	1
0	0	376	504	40.73221853	-73.98165557	545	40.736502	-73.97809472	1
0	0	50	334	40.74238787	-73.99726235	439	40.7262807	-73.98978041	1
0	0	20968	285	40.73454567	-73.99074142	403	40.72502876	-73.99069656	1
0	0	30744	459	40.746745	-74.007756	466	40.74395411	-73.99144871	1
0	0	18657	72	40.76727216	-73.99392888	529	40.7575699	-73.99098507	1
0	0	15404	387	40.71273266	-74.0046073	391	40.69760127	-73.99344559	1
0	0	4030	504	40.73221853	-73.98165557	174	40.7381765	-73.97738662	2
0	0	18628	257	40.71939226	-74.00247214	293	40.73028666	-73.9907647	1
0	0	29216	151	40.7218158	-73.99720307	195	40.70905623	-74.01043382	1
0	0	1734	497	40.73704984	-73.99009296	167	40.7489006	-73.97604882	1
0	0	10449	458	40.751396	-74.005226	236	40.7284186	-73.98713956	1
0	0	10028	345	40.73649403	-73.99704374	116	40.74177603	-74.00149746	1
0	0	25532	401	40.72019576	-73.98997825	507	40.73912601	-73.97973776	1
0	0	2616	293	40.73028666	-73.9907647	497	40.73704984	-73.99009296	1
0	0	3759	432	40.72621788	-73.98379855	161	40.72917025	-73.99810231	1
0	0	27460	79	40.71911552	-74.00666661	346	40.73652889	-74.00618026	1
0	0	24554	537	40.74025878	-73.98409214	160	40.748238	-73.978311	1
0	0	4487	462	40.74691959	-74.00451887	475	40.73524276	-73.98758561	1
0	0	28422	380	40.73401143	-74.00293877	369	40.73224119	-74.00026394	1
0	0	4260	346	40.73652889	-74.00618026	521	40.75044999	-73.99481051	1
0	0	23942	416	40.68753406	-73.97265183	384	40.68317813	-73.9659641	1
0	0	226	274	40.68691865	-73.976682	420	40.68764484	-73.96968902	1
0	0	10314	526	40.74765947	-73.98490707	137	40.761628	-73.972924	1
0	0	12808	324	40.689888	-73.981013	366	40.693261	-73.968896	1
0	0	11915	224	40.71146364	-74.00552427	415	40.7047177	-74.00926027	2
0	0	13836	326	40.72953837	-73.98426726	394	40.72521311	-73.97768752	1
0	0	15445	293	40.73028666	-73.9907647	348	40.72490985	-74.00154702	1
0	0	23129	479	40.76019252	-73.9912551	160	40.748238	-73.978311	1
0	0	23417	229	40.72743423	-73.99379025	475	40.73524276	-73.98758561	1
0	0	7456	463	40.74206539	-74.00443172	521	40.75044999	-73.99481051	1
0	0	24348	492	40.75019995	-73.99093085	284	40.7390169121	-74.0026376103	1
0	0	3740	294	40.73049393	-73.9957214	293	40.73028666	-73.9907647	1
0	0	9074	428	40.72467721	-73.98783413	161	40.72917025	-73.99810231	1
0	0	19897	2000	40.70255088	-73.98940236	420	40.68764484	-73.96968902	1
0	0	8337	320	40.71743998	-74.00583475	128	40.72710258	-74.00297088	1
0	0	15536	285	40.73454567	-73.99074142	512	40.7500727	-73.99839279	1
0	0	66631	412	40.7158155	-73.99422366	152	40.71473993	-74.00910627	1
0	0	43987	326	40.72953837	-73.98426726	312	40.722055	-73.989111	2
0	0	48195	218	40.69028437	-73.98707105	365	40.68223166	-73.9614583	1
0	0	23573	404	40.7405826	-74.00550867	466	40.74395411	-73.99144871	1
0	0	30556	146	40.71625008	-74.0091059	308	40.71307916	-73.99851193	1
0	0	51909	438	40.72779126	-73.98564945	521	40.75044999	-73.99481051	1
0	0	30964	428	40.72467721	-73.98783413	393	40.72299208	-73.97995466	1
0	0	14923	280	40.73331967	-73.99510132	445	40.72740794	-73.98142006	1
0	0	32267	252	40.73226398	-73.99852205	223	40.73781509	-73.99994661	1
0	0	46269	518	40.74780373	-73.9734419	393	40.72299208	-73.97995466	1
0	0	7564	229	40.72743423	-73.99379025	254	40.73532427	-73.99800419	1
0	0	69	529	40.7575699	-73.99098507	478	40.76030096	-73.99884222	1
0	0	40783	164	40.75323098	-73.97032517	516	40.75206862	-73.96784384	1
0	0	73532	368	40.73038599	-74.00214988	244	40.69196035	-73.96536851	1
0	0	2894	377	40.72243797	-74.00566443	151	40.7218158	-73.99720307	1
0	0	55724	477	40.75640548	-73.9900262	388	40.749717753	-74.002950346	1
0	0	32535	237	40.73047309	-73.98672378	325	40.73624527	-73.98473765	1
0	0	20199	494	40.74734825	-73.99723551	470	40.74345335	-74.00004031	1
0	0	16500	324	40.689888	-73.981013	270	40.69308257	-73.97178913	1
0	0	17048	479	40.76019252	-73.9912551	448	40.75660359	-73.9979009	1
0	0	14450	539	40.71534825	-73.96024116	471	40.71286844	-73.95698119	1
0	0	18303	401	40.72019576	-73.98997825	265	40.72229346	-73.99147535	1
0	0	12742	404	40.7405826	-74.00550867	116	40.74177603	-74.00149746	1
0	0	7472	334	40.74238787	-73.99726235	434	40.74317449	-74.00366443	1
0	0	27386	472	40.7457121	-73.98194829	472	40.7457121	-73.98194829	1
0	0	33638	244	40.69196035	-73.96536851	416	40.68753406	-73.97265183	1
0	0	32987	195	40.70905623	-74.01043382	326	40.72953837	-73.98426726	1
0	0	22504	483	40.73223272	-73.98889957	348	40.72490985	-74.00154702	1
0	0	13131	524	40.75527307	-73.98316936	470	40.74345335	-74.00004031	2
0	0	44855	465	40.75513557	-73.98658032	388	40.749717753	-74.002950346	1
0	0	24542	410	40.72066442	-73.98517977	317	40.72453734	-73.98185424	1
0	0	63630	128	40.72710258	-74.00297088	407	40.700469	-73.991454	1
0	0	11680	512	40.7500727	-73.99839279	458	40.751396	-74.005226	1
0	0	41801	439	40.7262807	-73.98978041	2009	40.71117444	-73.99682619	1
0	0	72456	423	40.76584941	-73.98690506	376	40.70862144	-74.00722156	1
0	0	13024	439	40.7262807	-73.98978041	380	40.73401143	-74.00293877	1
0	0	13784	293	40.73028666	-73.9907647	505	40.74901271	-73.98848395	1
0	0	4798	470	40.74345335	-74.00004031	312	40.722055	-73.989111	1
0	0	798	459	40.746745	-74.007756	357	40.73261787	-73.99158043	1
0	0	12716	497	40.73704984	-73.99009296	475	40.73524276	-73.98758561	1
0	0	72443	353	40.68539567	-73.97431458	390	40.69221589	-73.9842844	1
0	0	12466	251	40.72317958	-73.99480012	151	40.7218158	-73.99720307	1
0	0	19962	468	40.7652654	-73.98192338	499	40.76915505	-73.98191841	1
0	0	10945	217	40.70277159	-73.99383605	217	40.70277159	-73.99383605	1
0	0	52383	312	40.722055	-73.989111	445	40.72740794	-73.98142006	1
0	0	20736	311	40.7172274	-73.98802084	460	40.71285887	-73.96590294	2
0	0	52761	325	40.73624527	-73.98473765	147	40.71542197	-74.01121978	1
0	0	8791	265	40.72229346	-73.99147535	293	40.73028666	-73.9907647	1
0	0	13982	326	40.72953837	-73.98426726	507	40.73912601	-73.97973776	1
0	0	5526	500	40.76228826	-73.98336183	477	40.75640548	-73.9900262	1
0	0	13258	146	40.71625008	-74.0091059	329	40.72043411	-74.01020609	1
0	0	21294	432	40.72621788	-73.98379855	382	40.73492695	-73.99200509	1
0	0	46662	383	40.735238	-74.000271	473	40.72110063	-73.9919254	1
0	0	52111	473	40.72110063	-73.9919254	375	40.72679454	-73.99695094	2
0	0	8220	458	40.751396	-74.005226	444	40.7423543	-73.98915076	1
0	0	478	504	40.73221853	-73.98165557	532	40.710451	-73.960876	1
0	0	21373	253	40.73543934	-73.99453948	247	40.73535398	-74.00483091	1
0	0	25721	459	40.746745	-74.007756	415	40.7047177	-74.00926027	1
0	0	1650	448	40.75660359	-73.9979009	490	40.751551	-73.993934	1
0	0	15339	517	40.75149263	-73.97798848	453	40.74475148	-73.99915362	1
0	0	20481	306	40.70823502	-74.00530063	410	40.72066442	-73.98517977	1
0	0	28176	360	40.70717936	-74.00887308	360	40.70717936	-74.00887308	1
0	0	27917	520	40.75992262	-73.97648516	2006	40.76590936	-73.97634151	1
0	0	31769	447	40.76370739	-73.9851615	290	40.76020258	-73.96478473	1
0	0	48668	247	40.73535398	-74.00483091	479	40.76019252	-73.9912551	1
0	0	46600	236	40.7284186	-73.98713956	252	40.73226398	-73.99852205	2
0	0	53103	268	40.71910537	-73.99973337	317	40.72453734	-73.98185424	1
0	0	39882	440	40.75255434	-73.97282625	499	40.76915505	-73.98191841	1
0	0	1948	486	40.7462009	-73.98855723	497	40.73704984	-73.99009296	1
0	0	18513	463	40.74206539	-74.00443172	439	40.7262807	-73.98978041	2
0	0	35233	523	40.75466591	-73.99138152	267	40.75097711	-73.98765428	1
0	0	28558	366	40.693261	-73.968896	289	40.6845683	-73.95881081	1
0	0	29017	439	40.7262807	-73.98978041	376	40.70862144	-74.00722156	1
0	0	27158	470	40.74345335	-74.00004031	489	40.75066386	-74.00176802	3
0	0	33767	120	40.68676793	-73.95928168	366	40.693261	-73.968896	1
0	0	8238	472	40.7457121	-73.98194829	284	40.7390169121	-74.0026376103	1
0	0	1261	380	40.73401143	-74.00293877	212	40.74334935	-74.00681753	2
0	0	13878	359	40.75510267	-73.97498696	477	40.75640548	-73.9900262	1
0	0	1438	445	40.72740794	-73.98142006	285	40.73454567	-73.99074142	1
0	0	27594	301	40.72217444	-73.98368779	433	40.72955361	-73.98057249	1
0	0	23923	500	40.76228826	-73.98336183	345	40.73649403	-73.99704374	1
0	0	73526	393	40.72299208	-73.97995466	523	40.75466591	-73.99138152	1
0	0	23284	297	40.734232	-73.986923	540	40.74147286	-73.98320928	1
0	0	10912	498	40.74854862	-73.98808416	325	40.73624527	-73.98473765	2
0	0	37038	433	40.72955361	-73.98057249	445	40.72740794	-73.98142006	1
0	0	19922	459	40.746745	-74.007756	293	40.73028666	-73.9907647	1
0	0	11130	307	40.71427487	-73.98990025	502	40.714215	-73.981346	2
0	0	5477	319	40.71336124	-74.00937622	3002	40.711512	-74.015756	1
0	0	12091	382	40.73492695	-73.99200509	439	40.7262807	-73.98978041	1
0	0	24776	317	40.72453734	-73.98185424	545	40.736502	-73.97809472	1
0	0	18967	368	40.73038599	-74.00214988	403	40.72502876	-73.99069656	1
0	0	8613	435	40.74173969	-73.99415556	490	40.751551	-73.993934	1
0	0	32799	285	40.73454567	-73.99074142	312	40.722055	-73.989111	1
0	0	40931	482	40.73935542	-73.99931783	300	40.728145	-73.990214	1
0	0	44659	348	40.72490985	-74.00154702	349	40.71850211	-73.98329859	1
0	0	34981	326	40.72953837	-73.98426726	295	40.71406667	-73.99293911	1
0	0	12577	2021	40.75929124	-73.98859651	334	40.74238787	-73.99726235	1
0	0	23876	326	40.72953837	-73.98426726	291	40.713126	-73.984844	1
0	0	3182	116	40.74177603	-74.00149746	494	40.74734825	-73.99723551	1
0	0	73527	428	40.72467721	-73.98783413	479	40.76019252	-73.9912551	1
0	0	25959	153	40.752062307	-73.9816324043	462	40.74691959	-74.00451887	1
0	0	13495	528	40.74290902	-73.97706058	174	40.7381765	-73.97738662	3
0	0	22610	403	40.72502876	-73.99069656	2003	40.73416059	-73.98024289	1
0	0	14742	355	40.71602118	-73.99974372	291	40.713126	-73.984844	1
0	0	44035	441	40.756014	-73.967416	500	40.76228826	-73.98336183	1
0	0	11343	450	40.76227205	-73.98788205	515	40.76009437	-73.99461843	1
0	0	16290	161	40.72917025	-73.99810231	284	40.7390169121	-74.0026376103	4
0	0	28504	336	40.73047747	-73.99906065	328	40.72405549	-74.00965965	2
0	0	25632	254	40.73532427	-73.99800419	294	40.73049393	-73.9957214	1
0	0	55312	300	40.728145	-73.990214	316	40.70955958	-74.00653609	1
0	0	43962	280	40.73331967	-73.99510132	415	40.7047177	-74.00926027	1
0	0	71963	463	40.74206539	-74.00443172	248	40.72185379	-74.00771779	1
0	0	573	301	40.72217444	-73.98368779	323	40.69236178	-73.98631746	1
0	0	19486	79	40.71911552	-74.00666661	229	40.72743423	-73.99379025	1
0	0	8180	357	40.73261787	-73.99158043	223	40.73781509	-73.99994661	1
0	0	41654	354	40.69363137	-73.96223558	289	40.6845683	-73.95881081	1
0	0	37016	401	40.72019576	-73.98997825	373	40.69331716	-73.95381995	1
0	0	15275	454	40.75455731	-73.96592976	305	40.76095756	-73.96724467	1
0	0	7775	368	40.73038599	-74.00214988	404	40.7405826	-74.00550867	2
0	0	28706	432	40.72621788	-73.98379855	265	40.72229346	-73.99147535	1
0	0	46480	393	40.72299208	-73.97995466	349	40.71850211	-73.98329859	1
0	0	3884	293	40.73028666	-73.9907647	462	40.74691959	-74.00451887	1
0	0	5546	383	40.735238	-74.000271	325	40.73624527	-73.98473765	1
0	0	40648	475	40.73524276	-73.98758561	488	40.75645824	-73.99372222	1
0	0	13093	422	40.770513	-73.988038	284	40.7390169121	-74.0026376103	1
0	0	8887	161	40.72917025	-73.99810231	410	40.72066442	-73.98517977	1
0	0	18825	237	40.73047309	-73.98672378	411	40.72228087	-73.97668709	1
0	0	17393	173	40.76064679	-73.98442659	116	40.74177603	-74.00149746	1
0	0	859	521	40.75044999	-73.99481051	486	40.7462009	-73.98855723	1
0	0	51999	239	40.69196566	-73.9813018	157	40.69089272	-73.99612349	1
0	0	69888	385	40.75797322	-73.96603308	284	40.7390169121	-74.0026376103	1
0	0	1661	347	40.72873888	-74.00748842	128	40.72710258	-74.00297088	1
0	0	23206	475	40.73524276	-73.98758561	2012	40.739445	-73.976806	1
0	0	42644	438	40.72779126	-73.98564945	483	40.73223272	-73.98889957	1
0	0	35647	320	40.71743998	-74.00583475	225	40.74195138	-74.00803013	1
0	0	1165	504	40.73221853	-73.98165557	507	40.73912601	-73.97973776	1
0	0	21167	500	40.76228826	-73.98336183	229	40.72743423	-73.99379025	1
0	0	35016	447	40.76370739	-73.9851615	294	40.73049393	-73.9957214	1
0	0	24562	482	40.73935542	-73.99931783	276	40.71748752	-74.0104554	1
0	0	47402	515	40.76009437	-73.99461843	466	40.74395411	-73.99144871	1
0	0	3507	375	40.72679454	-73.99695094	312	40.722055	-73.989111	1
0	0	13030	505	40.74901271	-73.98848395	426	40.71754834	-74.01322069	1
0	0	28142	334	40.74238787	-73.99726235	540	40.74147286	-73.98320928	2
0	0	530	490	40.751551	-73.993934	478	40.76030096	-73.99884222	2
0	0	25671	499	40.76915505	-73.98191841	417	40.71291224	-74.01020234	1
0	0	6393	319	40.71336124	-74.00937622	306	40.70823502	-74.00530063	2
0	0	29576	469	40.76344058	-73.98268129	334	40.74238787	-73.99726235	1
0	0	67443	390	40.69221589	-73.9842844	368	40.73038599	-74.00214988	1
0	0	7924	432	40.72621788	-73.98379855	483	40.73223272	-73.98889957	2
0	0	12067	312	40.722055	-73.989111	293	40.73028666	-73.9907647	1
0	0	35893	453	40.74475148	-73.99915362	385	40.75797322	-73.96603308	1
0	0	50394	470	40.74345335	-74.00004031	325	40.73624527	-73.98473765	2
0	0	274	368	40.73038599	-74.00214988	254	40.73532427	-73.99800419	1
0	0	3127	303	40.72362738	-73.99949601	116	40.74177603	-74.00149746	1
0	0	47911	264	40.70706456	-74.00731853	497	40.73704984	-73.99009296	1
0	0	30887	366	40.693261	-73.968896	271	40.68528172	-73.97805813	1
0	0	22475	312	40.722055	-73.989111	432	40.72621788	-73.98379855	1
0	0	17374	479	40.76019252	-73.9912551	426	40.71754834	-74.01322069	1
0	0	1021	445	40.72740794	-73.98142006	293	40.73028666	-73.9907647	1
0	0	14525	280	40.73331967	-73.99510132	438	40.72779126	-73.98564945	2
0	0	22551	483	40.73223272	-73.98889957	472	40.7457121	-73.98194829	2
0	0	4730	383	40.735238	-74.000271	168	40.73971301	-73.99456405	1
0	0	7232	492	40.75019995	-73.99093085	253	40.73543934	-73.99453948	1
0	0	18545	438	40.72779126	-73.98564945	528	40.74290902	-73.97706058	2
0	0	13202	500	40.76228826	-73.98336183	444	40.7423543	-73.98915076	1
0	0	10078	402	40.7403432	-73.98955109	490	40.751551	-73.993934	1
0	0	14735	368	40.73038599	-74.00214988	237	40.73047309	-73.98672378	1
0	0	15152	446	40.74487634	-73.99529885	546	40.74444921	-73.98303529	1
0	0	17656	2010	40.72165481	-74.00234737	393	40.72299208	-73.97995466	1
0	0	14061	284	40.7390169121	-74.0026376103	462	40.74691959	-74.00451887	2
0	0	18999	533	40.75299641	-73.98721619	505	40.74901271	-73.98848395	1
0	0	27370	361	40.71605866	-73.99190759	473	40.72110063	-73.9919254	1
0	0	17218	335	40.72903917	-73.99404649	346	40.73652889	-74.00618026	1
0	0	140	325	40.73624527	-73.98473765	531	40.71893904	-73.99266288	1
0	0	17310	340	40.71269042	-73.98776323	311	40.7172274	-73.98802084	1
0	0	32772	258	40.68940747	-73.96885458	353	40.68539567	-73.97431458	1
0	0	39665	417	40.71291224	-74.01020234	422	40.770513	-73.988038	1
0	0	44103	401	40.72019576	-73.98997825	528	40.74290902	-73.97706058	2
0	0	63153	434	40.74317449	-74.00366443	295	40.71406667	-73.99293911	1
0	0	73528	479	40.76019252	-73.9912551	254	40.73532427	-73.99800419	2
0	0	6275	499	40.76915505	-73.98191841	480	40.76669671	-73.99061728	1
0	0	46909	528	40.74290902	-73.97706058	345	40.73649403	-73.99704374	1
0	0	33025	229	40.72743423	-73.99379025	472	40.7457121	-73.98194829	1
0	0	20485	492	40.75019995	-73.99093085	499	40.76915505	-73.98191841	1
0	0	32694	433	40.72955361	-73.98057249	438	40.72779126	-73.98564945	1
0	0	23525	310	40.68926942	-73.98912867	274	40.68691865	-73.976682	1
0	0	22181	521	40.75044999	-73.99481051	453	40.74475148	-73.99915362	1
0	0	28805	151	40.7218158	-73.99720307	453	40.74475148	-73.99915362	1
0	0	1907	254	40.73532427	-73.99800419	486	40.7462009	-73.98855723	1
0	0	329	453	40.74475148	-73.99915362	450	40.76227205	-73.98788205	1
0	0	9498	335	40.72903917	-73.99404649	511	40.72938685	-73.97772429	1
0	0	14990	507	40.73912601	-73.97973776	334	40.74238787	-73.99726235	1
0	0	63355	335	40.72903917	-73.99404649	430	40.7014851	-73.98656928	1
0	0	39757	369	40.73224119	-74.00026394	504	40.73221853	-73.98165557	2
0	0	20467	531	40.71893904	-73.99266288	341	40.71782143	-73.97628939	1
0	0	11776	380	40.73401143	-74.00293877	368	40.73038599	-74.00214988	3
0	0	23670	311	40.7172274	-73.98802084	282	40.70827295	-73.96834101	1
0	0	51689	416	40.68753406	-73.97265183	354	40.69363137	-73.96223558	1
0	0	16802	323	40.69236178	-73.98631746	502	40.714215	-73.981346	1
0	0	2731	358	40.73291553	-74.00711384	328	40.72405549	-74.00965965	1
0	0	73529	498	40.74854862	-73.98808416	262	40.69178232	-73.97372989	1
0	0	3557	449	40.76461837	-73.98789473	482	40.73935542	-73.99931783	2
0	0	18868	401	40.72019576	-73.98997825	356	40.71622644	-73.98261206	2
0	0	20568	212	40.74334935	-74.00681753	448	40.75660359	-73.9979009	2
0	0	13100	430	40.7014851	-73.98656928	414	40.70281858	-73.98765762	1
0	0	31522	523	40.75466591	-73.99138152	380	40.73401143	-74.00293877	1
0	0	1743	307	40.71427487	-73.98990025	445	40.72740794	-73.98142006	1
0	0	8353	492	40.75019995	-73.99093085	151	40.7218158	-73.99720307	1
0	0	28533	368	40.73038599	-74.00214988	439	40.7262807	-73.98978041	1
0	0	34307	403	40.72502876	-73.99069656	312	40.722055	-73.989111	1
0	0	2798	2008	40.70569254	-74.01677685	329	40.72043411	-74.01020609	1
0	0	63156	252	40.73226398	-73.99852205	366	40.693261	-73.968896	1
0	0	11037	449	40.76461837	-73.98789473	470	40.74345335	-74.00004031	1
0	0	24083	347	40.72873888	-74.00748842	79	40.71911552	-74.00666661	1
0	0	55329	366	40.693261	-73.968896	2002	40.716887	-73.963198	1
0	0	24703	401	40.72019576	-73.98997825	224	40.71146364	-74.00552427	1
0	0	32768	312	40.722055	-73.989111	501	40.744219	-73.97121214	1
0	0	36756	479	40.76019252	-73.9912551	468	40.7652654	-73.98192338	1
0	0	32206	444	40.7423543	-73.98915076	297	40.734232	-73.986923	1
0	0	38964	471	40.71286844	-73.95698119	313	40.69610226	-73.96751037	1
0	0	8242	488	40.75645824	-73.99372222	243	40.687979	-73.978474	1
0	0	40173	147	40.71542197	-74.01121978	474	40.7451677	-73.98683077	1
0	0	7811	305	40.76095756	-73.96724467	441	40.756014	-73.967416	1
0	0	41151	346	40.73652889	-74.00618026	212	40.74334935	-74.00681753	1
0	0	6532	293	40.73028666	-73.9907647	483	40.73223272	-73.98889957	1
0	0	39999	348	40.72490985	-74.00154702	433	40.72955361	-73.98057249	1
0	0	12086	526	40.74765947	-73.98490707	540	40.74147286	-73.98320928	1
0	0	60050	513	40.768254	-73.988639	483	40.73223272	-73.98889957	1
0	0	40900	174	40.7381765	-73.97738662	504	40.73221853	-73.98165557	1
0	0	55202	312	40.722055	-73.989111	417	40.71291224	-74.01020234	1
0	0	8912	334	40.74238787	-73.99726235	334	40.74238787	-73.99726235	1
0	0	61721	511	40.72938685	-73.97772429	223	40.73781509	-73.99994661	1
0	0	55380	225	40.74195138	-74.00803013	435	40.74173969	-73.99415556	1
0	0	5147	174	40.7381765	-73.97738662	540	40.74147286	-73.98320928	1
0	0	16413	399	40.68851534	-73.9647628	365	40.68223166	-73.9614583	1
0	0	15890	439	40.7262807	-73.98978041	368	40.73038599	-74.00214988	1
0	0	20244	375	40.72679454	-73.99695094	2010	40.72165481	-74.00234737	1
0	0	58593	254	40.73532427	-73.99800419	174	40.7381765	-73.97738662	1
0	0	14133	438	40.72779126	-73.98564945	459	40.746745	-74.007756	1
0	0	4472	350	40.71559509	-73.9870295	401	40.72019576	-73.98997825	1
0	0	2436	264	40.70706456	-74.00731853	260	40.70365182	-74.01167797	1
0	0	18298	2003	40.73416059	-73.98024289	458	40.751396	-74.005226	1
0	0	39499	389	40.71044554	-73.96525063	401	40.72019576	-73.98997825	2
0	0	39501	83	40.68382604	-73.97632328	2022	40.75849116	-73.95920622	1
0	0	22585	127	40.73172428	-74.00674436	499	40.76915505	-73.98191841	1
0	0	52218	445	40.72740794	-73.98142006	531	40.71893904	-73.99266288	1
0	0	55162	265	40.72229346	-73.99147535	545	40.736502	-73.97809472	1
0	0	10403	444	40.7423543	-73.98915076	253	40.73543934	-73.99453948	1
0	0	41280	445	40.72740794	-73.98142006	266	40.72368361	-73.97574813	1
0	0	31353	294	40.73049393	-73.9957214	383	40.735238	-74.000271	1
0	0	17261	351	40.70530954	-74.00612572	307	40.71427487	-73.98990025	1
0	0	33407	433	40.72955361	-73.98057249	265	40.72229346	-73.99147535	1
0	0	7202	368	40.73038599	-74.00214988	368	40.73038599	-74.00214988	1
0	0	15046	293	40.73028666	-73.9907647	293	40.73028666	-73.9907647	1
0	0	35173	312	40.722055	-73.989111	345	40.73649403	-73.99704374	1
0	0	1	239	40.69196566	-73.9813018	366	40.693261	-73.968896	1
0	0	19509	444	40.7423543	-73.98915076	340	40.71269042	-73.98776323	1
0	0	28576	284	40.7390169121	-74.0026376103	445	40.72740794	-73.98142006	1
0	0	10439	2022	40.75849116	-73.95920622	466	40.74395411	-73.99144871	1
0	0	27518	357	40.73261787	-73.99158043	151	40.7218158	-73.99720307	1
0	0	38280	430	40.7014851	-73.98656928	421	40.69573398	-73.97129668	1
0	0	73530	546	40.74444921	-73.98303529	355	40.71602118	-73.99974372	1
0	0	31071	528	40.74290902	-73.97706058	526	40.74765947	-73.98490707	1
0	0	42193	475	40.73524276	-73.98758561	472	40.7457121	-73.98194829	1
0	0	50182	212	40.74334935	-74.00681753	355	40.71602118	-73.99974372	1
0	0	6885	380	40.73401143	-74.00293877	128	40.72710258	-74.00297088	1
0	0	24491	511	40.72938685	-73.97772429	151	40.7218158	-73.99720307	1
0	0	23588	326	40.72953837	-73.98426726	251	40.72317958	-73.99480012	1
0	0	21584	325	40.73624527	-73.98473765	401	40.72019576	-73.98997825	1
0	0	25977	438	40.72779126	-73.98564945	403	40.72502876	-73.99069656	1
0	0	19321	526	40.74765947	-73.98490707	457	40.76695317	-73.98169333	2
0	0	36366	433	40.72955361	-73.98057249	151	40.7218158	-73.99720307	1
0	0	63454	403	40.72502876	-73.99069656	406	40.69512845	-73.99595065	1
0	0	25784	546	40.74444921	-73.98303529	360	40.70717936	-74.00887308	1
0	0	31411	412	40.7158155	-73.99422366	340	40.71269042	-73.98776323	1
0	0	39334	458	40.751396	-74.005226	467	40.68312489	-73.97895137	1
0	0	50172	270	40.69308257	-73.97178913	437	40.6809833854	-73.9500479759	1
0	0	37637	173	40.76064679	-73.98442659	513	40.768254	-73.988639	1
0	0	45816	418	40.70224	-73.982578	398	40.69165183	-73.9999786	1
0	0	31335	486	40.7462009	-73.98855723	375	40.72679454	-73.99695094	1
0	0	8267	2021	40.75929124	-73.98859651	264	40.70706456	-74.00731853	1
0	0	376	504	40.73221853	-73.98165557	545	40.736502	-73.97809472	1
0	0	50	334	40.74238787	-73.99726235	439	40.7262807	-73.98978041	1
0	0	20968	285	40.73454567	-73.99074142	403	40.72502876	-73.99069656	1
0	0	30744	459	40.746745	-74.007756	466	40.74395411	-73.99144871	1
0	0	18657	72	40.76727216	-73.99392888	529	40.7575699	-73.99098507	1
0	0	15404	387	40.71273266	-74.0046073	391	40.69760127	-73.99344559	1
0	0	34318	499	40.76915505	-73.98191841	301	40.72217444	-73.98368779	1
0	0	4030	504	40.73221853	-73.98165557	174	40.7381765	-73.97738662	2
0	0	18628	257	40.71939226	-74.00247214	293	40.73028666	-73.9907647	1
0	0	29216	151	40.7218158	-73.99720307	195	40.70905623	-74.01043382	1
0	0	1734	497	40.73704984	-73.99009296	167	40.7489006	-73.97604882	1
0	0	10449	458	40.751396	-74.005226	236	40.7284186	-73.98713956	1
0	0	10028	345	40.73649403	-73.99704374	116	40.74177603	-74.00149746	1
0	0	53035	395	40.68807003	-73.98410637	128	40.72710258	-74.00297088	1
0	0	25532	401	40.72019576	-73.98997825	507	40.73912601	-73.97973776	1
0	0	2616	293	40.73028666	-73.9907647	497	40.73704984	-73.99009296	1
0	0	3759	432	40.72621788	-73.98379855	161	40.72917025	-73.99810231	1
0	0	27460	79	40.71911552	-74.00666661	346	40.73652889	-74.00618026	1
0	0	24554	537	40.74025878	-73.98409214	160	40.748238	-73.978311	1
0	0	4487	462	40.74691959	-74.00451887	475	40.73524276	-73.98758561	1
0	0	28422	380	40.73401143	-74.00293877	369	40.73224119	-74.00026394	1
0	0	4260	346	40.73652889	-74.00618026	521	40.75044999	-73.99481051	1
0	0	23942	416	40.68753406	-73.97265183	384	40.68317813	-73.9659641	1
0	0	226	274	40.68691865	-73.976682	420	40.68764484	-73.96968902	1
0	0	18936	441	40.756014	-73.967416	401	40.72019576	-73.98997825	1
0	0	10314	526	40.74765947	-73.98490707	137	40.761628	-73.972924	1
0	0	53997	446	40.74487634	-73.99529885	308	40.71307916	-73.99851193	1
0	0	12808	324	40.689888	-73.981013	366	40.693261	-73.968896	1
0	0	11915	224	40.71146364	-74.00552427	415	40.7047177	-74.00926027	2
0	0	13836	326	40.72953837	-73.98426726	394	40.72521311	-73.97768752	1
0	0	15445	293	40.73028666	-73.9907647	348	40.72490985	-74.00154702	1
0	0	23129	479	40.76019252	-73.9912551	160	40.748238	-73.978311	1
0	0	20841	428	40.72467721	-73.98783413	438	40.72779126	-73.98564945	1
0	0	23417	229	40.72743423	-73.99379025	475	40.73524276	-73.98758561	1
0	0	7456	463	40.74206539	-74.00443172	521	40.75044999	-73.99481051	1
0	0	24348	492	40.75019995	-73.99093085	284	40.7390169121	-74.0026376103	1
0	0	3740	294	40.73049393	-73.9957214	293	40.73028666	-73.9907647	1
0	0	9074	428	40.72467721	-73.98783413	161	40.72917025	-73.99810231	1
0	0	19897	2000	40.70255088	-73.98940236	420	40.68764484	-73.96968902	1
0	0	8337	320	40.71743998	-74.00583475	128	40.72710258	-74.00297088	1
0	0	27107	391	40.69760127	-73.99344559	387	40.71273266	-74.0046073	2
0	0	38819	238	40.7361967	-74.00859207	529	40.7575699	-73.99098507	1
0	0	73531	369	40.73224119	-74.00026394	2023	40.75968085	-73.97031366	1
0	0	15536	285	40.73454567	-73.99074142	512	40.7500727	-73.99839279	1
0	0	66631	412	40.7158155	-73.99422366	152	40.71473993	-74.00910627	1
0	0	43987	326	40.72953837	-73.98426726	312	40.722055	-73.989111	2
0	0	56682	463	40.74206539	-74.00443172	307	40.71427487	-73.98990025	1
0	0	34346	504	40.73221853	-73.98165557	472	40.7457121	-73.98194829	1
0	0	48195	218	40.69028437	-73.98707105	365	40.68223166	-73.9614583	1
0	0	23573	404	40.7405826	-74.00550867	466	40.74395411	-73.99144871	1
0	0	38084	161	40.72917025	-73.99810231	311	40.7172274	-73.98802084	1
0	0	30556	146	40.71625008	-74.0091059	308	40.71307916	-73.99851193	1
0	0	51909	438	40.72779126	-73.98564945	521	40.75044999	-73.99481051	1
0	0	12605	263	40.71729	-73.996375	329	40.72043411	-74.01020609	1
0	0	27103	285	40.73454567	-73.99074142	127	40.73172428	-74.00674436	2
0	0	30964	428	40.72467721	-73.98783413	393	40.72299208	-73.97995466	1
0	0	22035	212	40.74334935	-74.00681753	320	40.71743998	-74.00583475	1
0	0	14923	280	40.73331967	-73.99510132	445	40.72740794	-73.98142006	1
0	0	16385	293	40.73028666	-73.9907647	323	40.69236178	-73.98631746	1
0	0	32267	252	40.73226398	-73.99852205	223	40.73781509	-73.99994661	1
0	0	46269	518	40.74780373	-73.9734419	393	40.72299208	-73.97995466	1
0	0	7564	229	40.72743423	-73.99379025	254	40.73532427	-73.99800419	1
0	0	69	529	40.7575699	-73.99098507	478	40.76030096	-73.99884222	1
0	0	40783	164	40.75323098	-73.97032517	516	40.75206862	-73.96784384	1
0	0	73532	368	40.73038599	-74.00214988	244	40.69196035	-73.96536851	1
0	0	2894	377	40.72243797	-74.00566443	151	40.7218158	-73.99720307	1
0	0	66359	271	40.68528172	-73.97805813	372	40.694528	-73.958089	1
0	0	55724	477	40.75640548	-73.9900262	388	40.749717753	-74.002950346	1
0	0	32535	237	40.73047309	-73.98672378	325	40.73624527	-73.98473765	3
0	0	20199	494	40.74734825	-73.99723551	470	40.74345335	-74.00004031	1
0	0	32636	430	40.7014851	-73.98656928	373	40.69331716	-73.95381995	1
0	0	8315	293	40.73028666	-73.9907647	404	40.7405826	-74.00550867	1
0	0	10049	402	40.7403432	-73.98955109	428	40.72467721	-73.98783413	1
0	0	27699	268	40.71910537	-73.99973337	483	40.73223272	-73.98889957	1
0	0	16500	324	40.689888	-73.981013	270	40.69308257	-73.97178913	1
0	0	73533	358	40.73291553	-74.00711384	354	40.69363137	-73.96223558	1
0	0	32715	309	40.7149787	-74.013012	309	40.7149787	-74.013012	1
0	0	18555	297	40.734232	-73.986923	514	40.76087502	-74.00277668	1
0	0	11093	401	40.72019576	-73.98997825	532	40.710451	-73.960876	1
0	0	34206	479	40.76019252	-73.9912551	518	40.74780373	-73.9734419	1
0	0	58511	297	40.734232	-73.986923	368	40.73038599	-74.00214988	1
0	0	41878	290	40.76020258	-73.96478473	423	40.76584941	-73.98690506	1
0	0	17048	479	40.76019252	-73.9912551	448	40.75660359	-73.9979009	1
0	0	14450	539	40.71534825	-73.96024116	471	40.71286844	-73.95698119	1
0	0	54861	499	40.76915505	-73.98191841	433	40.72955361	-73.98057249	1
0	0	8695	143	40.69239502	-73.99337909	467	40.68312489	-73.97895137	1
0	0	4325	528	40.74290902	-73.97706058	477	40.75640548	-73.9900262	1
0	0	7824	293	40.73028666	-73.9907647	463	40.74206539	-74.00443172	1
0	0	18303	401	40.72019576	-73.98997825	265	40.72229346	-73.99147535	1
0	0	12507	475	40.73524276	-73.98758561	237	40.73047309	-73.98672378	1
0	0	12742	404	40.7405826	-74.00550867	116	40.74177603	-74.00149746	1
0	0	7472	334	40.74238787	-73.99726235	434	40.74317449	-74.00366443	1
0	0	33803	380	40.73401143	-74.00293877	160	40.748238	-73.978311	1
0	0	37116	439	40.7262807	-73.98978041	545	40.736502	-73.97809472	1
0	0	22627	439	40.7262807	-73.98978041	540	40.74147286	-73.98320928	1
0	0	14598	465	40.75513557	-73.98658032	334	40.74238787	-73.99726235	1
0	0	42061	545	40.736502	-73.97809472	475	40.73524276	-73.98758561	1
0	0	30311	539	40.71534825	-73.96024116	311	40.7172274	-73.98802084	1
0	0	22521	365	40.68223166	-73.9614583	354	40.69363137	-73.96223558	1
0	0	24041	449	40.76461837	-73.98789473	521	40.75044999	-73.99481051	1
0	0	27386	472	40.7457121	-73.98194829	472	40.7457121	-73.98194829	1
0	0	6854	537	40.74025878	-73.98409214	137	40.761628	-73.972924	1
0	0	23888	479	40.76019252	-73.9912551	334	40.74238787	-73.99726235	2
0	0	14493	438	40.72779126	-73.98564945	383	40.735238	-74.000271	1
0	0	21697	151	40.7218158	-73.99720307	127	40.73172428	-74.00674436	1
0	0	45117	386	40.71494807	-74.00234482	403	40.72502876	-73.99069656	1
0	0	12126	472	40.7457121	-73.98194829	326	40.72953837	-73.98426726	1
0	0	17228	391	40.69760127	-73.99344559	406	40.69512845	-73.99595065	1
0	0	17713	323	40.69236178	-73.98631746	421	40.69573398	-73.97129668	1
0	0	11047	472	40.7457121	-73.98194829	2021	40.75929124	-73.98859651	1
0	0	9757	435	40.74173969	-73.99415556	334	40.74238787	-73.99726235	1
0	0	17785	498	40.74854862	-73.98808416	334	40.74238787	-73.99726235	1
0	0	50891	317	40.72453734	-73.98185424	157	40.69089272	-73.99612349	1
0	0	38457	382	40.73492695	-73.99200509	469	40.76344058	-73.98268129	1
0	0	10386	237	40.73047309	-73.98672378	293	40.73028666	-73.9907647	1
0	0	14804	468	40.7652654	-73.98192338	477	40.75640548	-73.9900262	1
0	0	8166	280	40.73331967	-73.99510132	293	40.73028666	-73.9907647	1
0	0	51080	116	40.74177603	-74.00149746	238	40.7361967	-74.00859207	1
0	0	30274	453	40.74475148	-73.99915362	497	40.73704984	-73.99009296	1
0	0	24175	394	40.72521311	-73.97768752	307	40.71427487	-73.98990025	1
0	0	40168	265	40.72229346	-73.99147535	405	40.739323	-74.008119	1
0	0	44071	483	40.73223272	-73.98889957	2012	40.739445	-73.976806	1
0	0	35924	369	40.73224119	-74.00026394	369	40.73224119	-74.00026394	1
