0	22	7625	244	40.69196035	-73.96536851	253	40.73543934	-73.99453948	1
0	22	10363	212	40.74334935	-74.00681753	212	40.74334935	-74.00681753	1
0	22	16048	382	40.73492695	-73.99200509	497	40.73704984	-73.99009296	1
0	22	29492	2021	40.75929124	-73.98859651	229	40.72743423	-73.99379025	1
0	22	38184	346	40.73652889	-74.00618026	317	40.72453734	-73.98185424	1
0	22	73109	120	40.68676793	-73.95928168	317	40.72453734	-73.98185424	1
0	22	73110	430	40.7014851	-73.98656928	479	40.76019252	-73.9912551	1
0	22	326	412	40.7158155	-73.99422366	412	40.7158155	-73.99422366	1
0	22	2452	317	40.72453734	-73.98185424	507	40.73912601	-73.97973776	1
0	22	7514	375	40.72679454	-73.99695094	293	40.73028666	-73.9907647	1
0	22	8069	519	40.75188406	-73.97770164	127	40.73172428	-74.00674436	1
0	22	24561	79	40.71911552	-74.00666661	326	40.72953837	-73.98426726	1
0	22	73113	173	40.76064679	-73.98442659	342	40.71739973	-73.98016555	1
0	22	61577	546	40.74444921	-73.98303529	340	40.71269042	-73.98776323	1
0	22	30547	469	40.76344058	-73.98268129	317	40.72453734	-73.98185424	1
0	22	12791	427	40.70251526	-74.01427023	327	40.7153379	-74.01658354	1
0	22	25396	487	40.73314259	-73.97573881	293	40.73028666	-73.9907647	1
0	22	44191	454	40.75455731	-73.96592976	280	40.73331967	-73.99510132	1
0	22	35498	376	40.70862144	-74.00722156	150	40.7208736	-73.98085795	1
0	22	37753	195	40.70905623	-74.01043382	285	40.73454567	-73.99074142	1
0	22	19776	468	40.7652654	-73.98192338	83	40.68382604	-73.97632328	1
0	22	65992	212	40.74334935	-74.00681753	391	40.69760127	-73.99344559	1
0	22	3245	499	40.76915505	-73.98191841	2006	40.76590936	-73.97634151	1
0	22	53430	349	40.71850211	-73.98329859	521	40.75044999	-73.99481051	1
0	22	73115	481	40.71260486	-73.96264403	407	40.700469	-73.991454	1
0	22	42928	225	40.74195138	-74.00803013	306	40.70823502	-74.00530063	1
0	22	5279	212	40.74334935	-74.00681753	519	40.75188406	-73.97770164	1
0	22	14278	410	40.72066442	-73.98517977	375	40.72679454	-73.99695094	1
0	22	62781	365	40.68223166	-73.9614583	229	40.72743423	-73.99379025	1
0	22	72065	295	40.71406667	-73.99293911	539	40.71534825	-73.96024116	1
0	22	13717	128	40.72710258	-74.00297088	472	40.7457121	-73.98194829	1
0	22	36621	486	40.7462009	-73.98855723	453	40.74475148	-73.99915362	1
0	22	50300	217	40.70277159	-73.99383605	386	40.71494807	-74.00234482	2
0	22	19008	174	40.7381765	-73.97738662	352	40.76340613	-73.97722479	1
0	22	15717	307	40.71427487	-73.98990025	237	40.73047309	-73.98672378	1
0	22	7884	267	40.75097711	-73.98765428	267	40.75097711	-73.98765428	1
0	22	48536	146	40.71625008	-74.0091059	423	40.76584941	-73.98690506	1
0	22	73116	257	40.71939226	-74.00247214	400	40.71926081	-73.98178024	1
0	22	18008	507	40.73912601	-73.97973776	300	40.728145	-73.990214	1
0	22	73117	470	40.74345335	-74.00004031	340	40.71269042	-73.98776323	1
0	22	73118	449	40.76461837	-73.98789473	511	40.72938685	-73.97772429	1
0	22	37297	441	40.756014	-73.967416	151	40.7218158	-73.99720307	1
0	22	59108	453	40.74475148	-73.99915362	536	40.74144387	-73.97536082	1
0	22	6242	212	40.74334935	-74.00681753	426	40.71754834	-74.01322069	2
0	22	24182	350	40.71559509	-73.9870295	403	40.72502876	-73.99069656	1
0	22	35846	358	40.73291553	-74.00711384	433	40.72955361	-73.98057249	1
0	22	21338	410	40.72066442	-73.98517977	326	40.72953837	-73.98426726	1
0	22	23755	410	40.72066442	-73.98517977	237	40.73047309	-73.98672378	1
0	22	51423	253	40.73543934	-73.99453948	433	40.72955361	-73.98057249	1
0	22	42662	285	40.73454567	-73.99074142	351	40.70530954	-74.00612572	1
0	22	8108	276	40.71748752	-74.0104554	276	40.71748752	-74.0104554	4
0	22	38416	444	40.7423543	-73.98915076	529	40.7575699	-73.99098507	1
0	22	13256	363	40.70834698	-74.01713445	459	40.746745	-74.007756	1
0	22	30704	488	40.75645824	-73.99372222	531	40.71893904	-73.99266288	2
0	22	3960	426	40.71754834	-74.01322069	405	40.739323	-74.008119	1
0	22	36397	401	40.72019576	-73.98997825	195	40.70905623	-74.01043382	1
0	22	29602	249	40.71870987	-74.0090009	294	40.73049393	-73.9957214	2
0	22	41665	404	40.7405826	-74.00550867	195	40.70905623	-74.01043382	1
0	22	46935	401	40.72019576	-73.98997825	380	40.73401143	-74.00293877	1
0	22	58665	345	40.73649403	-73.99704374	495	40.76269882	-73.99301222	1
0	22	29174	263	40.71729	-73.996375	300	40.728145	-73.990214	1
0	22	27093	454	40.75455731	-73.96592976	253	40.73543934	-73.99453948	1
0	22	19253	285	40.73454567	-73.99074142	416	40.68753406	-73.97265183	1
0	22	46251	324	40.689888	-73.981013	365	40.68223166	-73.9614583	1
0	22	2788	480	40.76669671	-73.99061728	293	40.73028666	-73.9907647	1
0	22	47602	2009	40.71117444	-73.99682619	504	40.73221853	-73.98165557	1
0	22	30900	380	40.73401143	-74.00293877	297	40.734232	-73.986923	1
0	22	3431	383	40.735238	-74.000271	433	40.72955361	-73.98057249	1
0	22	22660	249	40.71870987	-74.0090009	251	40.72317958	-73.99480012	1
0	22	12992	479	40.76019252	-73.9912551	167	40.7489006	-73.97604882	1
0	22	1826	296	40.71413089	-73.9970468	417	40.71291224	-74.01020234	2
0	22	8741	293	40.73028666	-73.9907647	499	40.76915505	-73.98191841	1
0	22	73119	83	40.68382604	-73.97632328	525	40.75594159	-74.0021163	1
0	22	34916	499	40.76915505	-73.98191841	492	40.75019995	-73.99093085	1
0	22	60176	457	40.76695317	-73.98169333	494	40.74734825	-73.99723551	1
0	22	7345	444	40.7423543	-73.98915076	348	40.72490985	-74.00154702	1
0	22	24401	498	40.74854862	-73.98808416	153	40.752062307	-73.9816324043	1
0	22	59623	487	40.73314259	-73.97573881	152	40.71473993	-74.00910627	1
0	22	8297	508	40.76341379	-73.99667444	116	40.74177603	-74.00149746	1
0	22	12737	468	40.7652654	-73.98192338	529	40.7575699	-73.99098507	1
0	22	3265	474	40.7451677	-73.98683077	497	40.73704984	-73.99009296	2
0	22	5493	469	40.76344058	-73.98268129	519	40.75188406	-73.97770164	1
0	22	7211	263	40.71729	-73.996375	502	40.714215	-73.981346	1
0	22	3061	237	40.73047309	-73.98672378	284	40.7390169121	-74.0026376103	1
0	22	58813	393	40.72299208	-73.97995466	380	40.73401143	-74.00293877	1
0	22	37120	313	40.69610226	-73.96751037	271	40.68528172	-73.97805813	1
0	22	2046	401	40.72019576	-73.98997825	504	40.73221853	-73.98165557	1
0	22	27963	323	40.69236178	-73.98631746	426	40.71754834	-74.01322069	1
0	22	9973	253	40.73543934	-73.99453948	537	40.74025878	-73.98409214	1
0	22	26304	404	40.7405826	-74.00550867	525	40.75594159	-74.0021163	1
0	22	20472	285	40.73454567	-73.99074142	401	40.72019576	-73.98997825	1
0	22	20834	147	40.71542197	-74.01121978	415	40.7047177	-74.00926027	1
0	22	14436	318	40.75320159	-73.9779874	228	40.7546011026	-73.971878855	1
0	22	32479	449	40.76461837	-73.98789473	2021	40.75929124	-73.98859651	1
0	22	2009	518	40.74780373	-73.9734419	510	40.7606597	-73.98042047	1
0	22	365	346	40.73652889	-74.00618026	470	40.74345335	-74.00004031	1
0	22	21770	244	40.69196035	-73.96536851	344	40.6851443	-73.95380904	1
0	22	5154	499	40.76915505	-73.98191841	422	40.770513	-73.988038	2
0	22	22944	388	40.749717753	-74.002950346	434	40.74317449	-74.00366443	1
0	22	17839	254	40.73532427	-73.99800419	168	40.73971301	-73.99456405	1
0	22	4753	518	40.74780373	-73.9734419	477	40.75640548	-73.9900262	1
0	22	40515	505	40.74901271	-73.98848395	403	40.72502876	-73.99069656	1
0	22	697	317	40.72453734	-73.98185424	285	40.73454567	-73.99074142	1
0	22	27823	531	40.71893904	-73.99266288	444	40.7423543	-73.98915076	1
0	22	12035	515	40.76009437	-73.99461843	529	40.7575699	-73.99098507	1
0	22	4339	238	40.7361967	-74.00859207	523	40.75466591	-73.99138152	1
0	22	22	285	40.73454567	-73.99074142	251	40.72317958	-73.99480012	1
0	22	2632	369	40.73224119	-74.00026394	380	40.73401143	-74.00293877	2
0	22	22208	2003	40.73416059	-73.98024289	285	40.73454567	-73.99074142	1
0	22	6445	2021	40.75929124	-73.98859651	469	40.76344058	-73.98268129	1
0	22	27695	251	40.72317958	-73.99480012	482	40.73935542	-73.99931783	1
0	22	8056	474	40.7451677	-73.98683077	293	40.73028666	-73.9907647	1
0	22	43277	174	40.7381765	-73.97738662	479	40.76019252	-73.9912551	1
0	22	13898	423	40.76584941	-73.98690506	521	40.75044999	-73.99481051	1
0	22	1250	459	40.746745	-74.007756	519	40.75188406	-73.97770164	1
0	22	37576	410	40.72066442	-73.98517977	433	40.72955361	-73.98057249	1
0	22	35225	511	40.72938685	-73.97772429	403	40.72502876	-73.99069656	1
0	22	14847	212	40.74334935	-74.00681753	495	40.76269882	-73.99301222	1
0	22	26457	346	40.73652889	-74.00618026	472	40.7457121	-73.98194829	1
0	22	31036	164	40.75323098	-73.97032517	450	40.76227205	-73.98788205	2
0	22	54309	489	40.75066386	-74.00176802	355	40.71602118	-73.99974372	1
0	22	26203	465	40.75513557	-73.98658032	509	40.7454973	-74.00197139	1
0	22	14336	502	40.714215	-73.981346	531	40.71893904	-73.99266288	1
0	22	15950	528	40.74290902	-73.97706058	450	40.76227205	-73.98788205	1
0	22	40917	482	40.73935542	-73.99931783	511	40.72938685	-73.97772429	1
0	22	38944	515	40.76009437	-73.99461843	346	40.73652889	-74.00618026	1
0	22	14522	237	40.73047309	-73.98672378	377	40.72243797	-74.00566443	2
0	22	2760	316	40.70955958	-74.00653609	534	40.70255065	-74.0127234	1
0	22	11107	468	40.7652654	-73.98192338	479	40.76019252	-73.9912551	1
0	22	53524	385	40.75797322	-73.96603308	524	40.75527307	-73.98316936	1
0	22	15837	294	40.73049393	-73.9957214	505	40.74901271	-73.98848395	1
0	22	16582	412	40.7158155	-73.99422366	401	40.72019576	-73.98997825	1
0	22	19574	297	40.734232	-73.986923	401	40.72019576	-73.98997825	1
0	22	19217	348	40.72490985	-74.00154702	383	40.735238	-74.000271	1
0	22	61661	439	40.7262807	-73.98978041	498	40.74854862	-73.98808416	1
0	22	20611	412	40.7158155	-73.99422366	502	40.714215	-73.981346	1
0	22	483	380	40.73401143	-74.00293877	323	40.69236178	-73.98631746	2
0	22	391	308	40.71307916	-73.99851193	307	40.71427487	-73.98990025	1
0	22	668	410	40.72066442	-73.98517977	229	40.72743423	-73.99379025	1
0	22	947	521	40.75044999	-73.99481051	116	40.74177603	-74.00149746	1
0	22	22299	224	40.71146364	-74.00552427	224	40.71146364	-74.00552427	1
0	22	33641	401	40.72019576	-73.98997825	271	40.68528172	-73.97805813	1
0	22	31409	362	40.75172632	-73.98753523	223	40.73781509	-73.99994661	1
0	22	41885	291	40.713126	-73.984844	401	40.72019576	-73.98997825	1
0	22	1039	320	40.71743998	-74.00583475	2004	40.724399	-74.004704	1
0	22	59084	453	40.74475148	-73.99915362	304	40.70463334	-74.01361706	1
0	22	2376	511	40.72938685	-73.97772429	504	40.73221853	-73.98165557	1
0	22	34811	450	40.76227205	-73.98788205	312	40.722055	-73.989111	1
0	22	34239	368	40.73038599	-74.00214988	410	40.72066442	-73.98517977	1
0	22	71333	116	40.74177603	-74.00149746	356	40.71622644	-73.98261206	1
0	22	35924	369	40.73224119	-74.00026394	369	40.73224119	-74.00026394	2
0	22	3618	382	40.73492695	-73.99200509	404	40.7405826	-74.00550867	1
0	22	509	116	40.74177603	-74.00149746	466	40.74395411	-73.99144871	1
0	22	17323	361	40.71605866	-73.99190759	300	40.728145	-73.990214	1
0	22	39506	531	40.71893904	-73.99266288	392	40.695065	-73.987167	1
0	22	18919	488	40.75645824	-73.99372222	515	40.76009437	-73.99461843	1
0	22	40803	490	40.751551	-73.993934	297	40.734232	-73.986923	1
0	22	9527	509	40.7454973	-74.00197139	116	40.74177603	-74.00149746	1
0	22	15316	509	40.7454973	-74.00197139	470	40.74345335	-74.00004031	1
0	22	21882	458	40.751396	-74.005226	325	40.73624527	-73.98473765	1
0	22	6385	442	40.746647	-73.993915	521	40.75044999	-73.99481051	1
0	22	43900	455	40.75001986	-73.96905301	402	40.7403432	-73.98955109	1
0	22	10958	470	40.74345335	-74.00004031	450	40.76227205	-73.98788205	1
0	22	73120	368	40.73038599	-74.00214988	359	40.75510267	-73.97498696	1
0	22	23387	2021	40.75929124	-73.98859651	494	40.74734825	-73.99723551	1
0	22	23165	540	40.74147286	-73.98320928	531	40.71893904	-73.99266288	1
0	22	25718	446	40.74487634	-73.99529885	174	40.7381765	-73.97738662	1
0	22	7685	229	40.72743423	-73.99379025	150	40.7208736	-73.98085795	2
0	22	6418	382	40.73492695	-73.99200509	509	40.7454973	-74.00197139	1
0	22	27478	509	40.7454973	-74.00197139	2010	40.72165481	-74.00234737	1
0	22	3744	326	40.72953837	-73.98426726	357	40.73261787	-73.99158043	1
0	22	36492	444	40.7423543	-73.98915076	525	40.75594159	-74.0021163	1
0	22	11126	468	40.7652654	-73.98192338	515	40.76009437	-73.99461843	1
0	22	10911	483	40.73223272	-73.98889957	336	40.73047747	-73.99906065	1
0	22	10165	450	40.76227205	-73.98788205	488	40.75645824	-73.99372222	1
0	22	20277	504	40.73221853	-73.98165557	311	40.7172274	-73.98802084	1
0	22	20818	372	40.694528	-73.958089	354	40.69363137	-73.96223558	1
0	22	17522	387	40.71273266	-74.0046073	366	40.693261	-73.968896	1
0	22	666	519	40.75188406	-73.97770164	546	40.74444921	-73.98303529	1
0	22	61516	327	40.7153379	-74.01658354	412	40.7158155	-73.99422366	1
0	22	21108	415	40.7047177	-74.00926027	355	40.71602118	-73.99974372	1
0	22	452	384	40.68317813	-73.9659641	120	40.68676793	-73.95928168	1
0	22	14110	529	40.7575699	-73.99098507	444	40.7423543	-73.98915076	2
0	22	20685	456	40.7597108	-73.97402311	336	40.73047747	-73.99906065	1
0	22	8194	435	40.74173969	-73.99415556	523	40.75466591	-73.99138152	1
0	22	34768	72	40.76727216	-73.99392888	380	40.73401143	-74.00293877	2
0	22	48160	444	40.7423543	-73.98915076	350	40.71559509	-73.9870295	1
0	22	8191	468	40.7652654	-73.98192338	2021	40.75929124	-73.98859651	1
0	22	1030	380	40.73401143	-74.00293877	284	40.7390169121	-74.0026376103	1
0	22	65190	471	40.71286844	-73.95698119	354	40.69363137	-73.96223558	2
0	22	1685	515	40.76009437	-73.99461843	513	40.768254	-73.988639	1
0	22	9540	462	40.74691959	-74.00451887	446	40.74487634	-73.99529885	1
0	22	20657	466	40.74395411	-73.99144871	528	40.74290902	-73.97706058	1
0	22	5538	375	40.72679454	-73.99695094	347	40.72873888	-74.00748842	1
0	22	19715	518	40.74780373	-73.9734419	326	40.72953837	-73.98426726	1
0	22	23604	402	40.7403432	-73.98955109	439	40.7262807	-73.98978041	1
0	22	8437	472	40.7457121	-73.98194829	528	40.74290902	-73.97706058	1
0	22	14480	168	40.73971301	-73.99456405	479	40.76019252	-73.9912551	1
0	22	19959	463	40.74206539	-74.00443172	345	40.73649403	-73.99704374	1
0	22	68644	328	40.72405549	-74.00965965	450	40.76227205	-73.98788205	1
0	22	4971	293	40.73028666	-73.9907647	285	40.73454567	-73.99074142	1
0	22	24105	529	40.7575699	-73.99098507	293	40.73028666	-73.9907647	1
0	22	6724	237	40.73047309	-73.98672378	496	40.73726186	-73.99238967	1
0	22	39830	302	40.72082834	-73.97793172	302	40.72082834	-73.97793172	1
0	22	34443	301	40.72217444	-73.98368779	528	40.74290902	-73.97706058	1
0	22	11680	512	40.7500727	-73.99839279	458	40.751396	-74.005226	1
0	22	25546	417	40.71291224	-74.01020234	417	40.71291224	-74.01020234	1
0	22	30026	442	40.746647	-73.993915	284	40.7390169121	-74.0026376103	1
0	22	17101	444	40.7423543	-73.98915076	369	40.73224119	-74.00026394	1
0	22	53765	300	40.728145	-73.990214	334	40.74238787	-73.99726235	1
0	22	7876	453	40.74475148	-73.99915362	521	40.75044999	-73.99481051	1
0	22	17107	150	40.7208736	-73.98085795	504	40.73221853	-73.98165557	1
0	22	2146	327	40.7153379	-74.01658354	363	40.70834698	-74.01713445	1
0	22	17	307	40.71427487	-73.98990025	291	40.713126	-73.984844	1
0	22	23757	2003	40.73416059	-73.98024289	422	40.770513	-73.988038	1
0	22	55355	431	40.68864636	-73.98263429	324	40.689888	-73.981013	1
0	22	13698	434	40.74317449	-74.00366443	116	40.74177603	-74.00149746	1
0	22	32271	128	40.72710258	-74.00297088	349	40.71850211	-73.98329859	1
0	22	43088	284	40.7390169121	-74.0026376103	72	40.76727216	-73.99392888	1
0	22	35000	161	40.72917025	-73.99810231	536	40.74144387	-73.97536082	2
0	22	56675	414	40.70281858	-73.98765762	157	40.69089272	-73.99612349	3
0	22	8204	128	40.72710258	-74.00297088	355	40.71602118	-73.99974372	1
0	22	23184	405	40.739323	-74.008119	252	40.73226398	-73.99852205	1
0	22	27721	312	40.722055	-73.989111	356	40.71622644	-73.98261206	1
0	22	4717	2022	40.75849116	-73.95920622	2012	40.739445	-73.976806	1
0	22	9257	382	40.73492695	-73.99200509	472	40.7457121	-73.98194829	1
0	22	44588	402	40.7403432	-73.98955109	238	40.7361967	-74.00859207	1
0	22	2814	266	40.72368361	-73.97574813	293	40.73028666	-73.9907647	1
0	22	8415	251	40.72317958	-73.99480012	531	40.71893904	-73.99266288	1
0	22	25137	487	40.73314259	-73.97573881	164	40.75323098	-73.97032517	2
0	22	20744	303	40.72362738	-73.99949601	383	40.735238	-74.000271	1
0	22	4405	228	40.7546011026	-73.971878855	538	40.75795248	-73.97787642	1
0	22	12010	505	40.74901271	-73.98848395	444	40.7423543	-73.98915076	2
0	22	14077	263	40.71729	-73.996375	335	40.72903917	-73.99404649	1
0	22	57274	328	40.72405549	-74.00965965	174	40.7381765	-73.97738662	1
0	22	9937	348	40.72490985	-74.00154702	537	40.74025878	-73.98409214	1
0	22	11907	521	40.75044999	-73.99481051	297	40.734232	-73.986923	1
0	22	40889	453	40.74475148	-73.99915362	252	40.73226398	-73.99852205	1
0	22	30798	334	40.74238787	-73.99726235	512	40.7500727	-73.99839279	1
0	22	8613	435	40.74173969	-73.99415556	490	40.751551	-73.993934	1
0	22	19271	446	40.74487634	-73.99529885	466	40.74395411	-73.99144871	1
0	22	38141	403	40.72502876	-73.99069656	266	40.72368361	-73.97574813	1
0	22	25024	317	40.72453734	-73.98185424	311	40.7172274	-73.98802084	1
0	22	68677	474	40.7451677	-73.98683077	417	40.71291224	-74.01020234	1
0	22	23276	383	40.735238	-74.000271	326	40.72953837	-73.98426726	1
0	22	4624	440	40.75255434	-73.97282625	441	40.756014	-73.967416	1
0	22	10893	426	40.71754834	-74.01322069	427	40.70251526	-74.01427023	2
0	22	42704	236	40.7284186	-73.98713956	433	40.72955361	-73.98057249	1
0	22	44260	439	40.7262807	-73.98978041	82	40.71117416	-74.00016545	1
0	22	23480	284	40.7390169121	-74.0026376103	507	40.73912601	-73.97973776	1
0	22	21456	492	40.75019995	-73.99093085	480	40.76669671	-73.99061728	1
0	22	40822	458	40.751396	-74.005226	479	40.76019252	-73.9912551	1
0	22	16434	498	40.74854862	-73.98808416	440	40.75255434	-73.97282625	1
0	22	61607	160	40.748238	-73.978311	463	40.74206539	-74.00443172	1
0	22	9898	375	40.72679454	-73.99695094	383	40.735238	-74.000271	1
0	22	37058	449	40.76461837	-73.98789473	446	40.74487634	-73.99529885	1
0	22	57058	263	40.71729	-73.996375	507	40.73912601	-73.97973776	1
0	22	30370	521	40.75044999	-73.99481051	518	40.74780373	-73.9734419	1
0	22	51934	422	40.770513	-73.988038	311	40.7172274	-73.98802084	1
0	22	19067	276	40.71748752	-74.0104554	521	40.75044999	-73.99481051	1
0	22	2221	497	40.73704984	-73.99009296	518	40.74780373	-73.9734419	1
0	22	6528	293	40.73028666	-73.9907647	347	40.72873888	-74.00748842	1
0	22	18967	368	40.73038599	-74.00214988	403	40.72502876	-73.99069656	1
0	22	4912	382	40.73492695	-73.99200509	294	40.73049393	-73.9957214	2
0	22	56551	366	40.693261	-73.968896	467	40.68312489	-73.97895137	1
0	22	7670	422	40.770513	-73.988038	523	40.75466591	-73.99138152	1
0	22	9438	161	40.72917025	-73.99810231	295	40.71406667	-73.99293911	1
0	22	19915	345	40.73649403	-73.99704374	432	40.72621788	-73.98379855	1
0	22	14214	79	40.71911552	-74.00666661	151	40.7218158	-73.99720307	1
0	22	73121	330	40.71450451	-74.00562789	174	40.7381765	-73.97738662	1
0	22	5167	308	40.71307916	-73.99851193	264	40.70706456	-74.00731853	1
0	22	22742	410	40.72066442	-73.98517977	539	40.71534825	-73.96024116	1
0	22	28120	472	40.7457121	-73.98194829	2023	40.75968085	-73.97031366	1
0	22	26528	494	40.74734825	-73.99723551	281	40.7643971	-73.97371465	1
0	22	49343	412	40.7158155	-73.99422366	82	40.71117416	-74.00016545	1
0	22	22880	401	40.72019576	-73.98997825	285	40.73454567	-73.99074142	1
0	22	19409	326	40.72953837	-73.98426726	536	40.74144387	-73.97536082	1
0	22	31159	293	40.73028666	-73.9907647	265	40.72229346	-73.99147535	1
0	22	23159	316	40.70955958	-74.00653609	387	40.71273266	-74.0046073	1
0	22	38099	538	40.75795248	-73.97787642	422	40.770513	-73.988038	1
0	22	21647	284	40.7390169121	-74.0026376103	369	40.73224119	-74.00026394	3
0	22	10206	402	40.7403432	-73.98955109	434	40.74317449	-74.00366443	1
0	22	10440	382	40.73492695	-73.99200509	2003	40.73416059	-73.98024289	2
0	22	14726	265	40.72229346	-73.99147535	340	40.71269042	-73.98776323	1
0	22	21010	336	40.73047747	-73.99906065	473	40.72110063	-73.9919254	1
0	22	9132	282	40.70827295	-73.96834101	531	40.71893904	-73.99266288	1
0	22	61393	509	40.7454973	-74.00197139	150	40.7208736	-73.98085795	1
0	22	62855	359	40.75510267	-73.97498696	317	40.72453734	-73.98185424	1
0	22	272	334	40.74238787	-73.99726235	284	40.7390169121	-74.0026376103	1
0	22	2616	293	40.73028666	-73.9907647	497	40.73704984	-73.99009296	1
0	22	6664	362	40.75172632	-73.98753523	490	40.751551	-73.993934	1
0	22	7952	285	40.73454567	-73.99074142	128	40.72710258	-74.00297088	1
0	22	31356	323	40.69236178	-73.98631746	311	40.7172274	-73.98802084	1
0	22	22486	284	40.7390169121	-74.0026376103	83	40.68382604	-73.97632328	1
0	22	2875	422	40.770513	-73.988038	515	40.76009437	-73.99461843	1
0	22	41021	317	40.72453734	-73.98185424	356	40.71622644	-73.98261206	1
0	22	17077	524	40.75527307	-73.98316936	528	40.74290902	-73.97706058	1
0	22	46505	479	40.76019252	-73.9912551	454	40.75455731	-73.96592976	1
0	22	71894	403	40.72502876	-73.99069656	329	40.72043411	-74.01020609	2
0	22	9831	430	40.7014851	-73.98656928	313	40.69610226	-73.96751037	1
0	22	12950	463	40.74206539	-74.00443172	368	40.73038599	-74.00214988	1
0	22	16515	474	40.7451677	-73.98683077	465	40.75513557	-73.98658032	1
0	22	11396	444	40.7423543	-73.98915076	446	40.74487634	-73.99529885	1
0	22	43603	519	40.75188406	-73.97770164	516	40.75206862	-73.96784384	1
0	22	2273	459	40.746745	-74.007756	426	40.71754834	-74.01322069	1
0	22	9396	465	40.75513557	-73.98658032	440	40.75255434	-73.97282625	1
0	22	16117	249	40.71870987	-74.0090009	147	40.71542197	-74.01121978	1
0	22	7979	521	40.75044999	-73.99481051	519	40.75188406	-73.97770164	1
0	22	1337	389	40.71044554	-73.96525063	539	40.71534825	-73.96024116	1
0	22	9931	386	40.71494807	-74.00234482	284	40.7390169121	-74.0026376103	1
0	22	7858	435	40.74173969	-73.99415556	345	40.73649403	-73.99704374	1
0	22	54123	238	40.7361967	-74.00859207	439	40.7262807	-73.98978041	1
0	22	46799	508	40.76341379	-73.99667444	453	40.74475148	-73.99915362	1
0	22	13075	505	40.74901271	-73.98848395	490	40.751551	-73.993934	1
0	22	9305	116	40.74177603	-74.00149746	521	40.75044999	-73.99481051	1
0	22	27400	280	40.73331967	-73.99510132	336	40.73047747	-73.99906065	1
0	22	2854	293	40.73028666	-73.9907647	386	40.71494807	-74.00234482	2
0	22	9279	509	40.7454973	-74.00197139	428	40.72467721	-73.98783413	1
0	22	12292	348	40.72490985	-74.00154702	377	40.72243797	-74.00566443	1
0	22	42577	507	40.73912601	-73.97973776	415	40.7047177	-74.00926027	2
0	22	10954	510	40.7606597	-73.98042047	468	40.7652654	-73.98192338	1
0	22	6495	519	40.75188406	-73.97770164	257	40.71939226	-74.00247214	1
0	22	11740	499	40.76915505	-73.98191841	518	40.74780373	-73.9734419	1
0	22	31483	2010	40.72165481	-74.00234737	355	40.71602118	-73.99974372	1
0	22	17093	267	40.75097711	-73.98765428	325	40.73624527	-73.98473765	1
0	22	13472	528	40.74290902	-73.97706058	323	40.69236178	-73.98631746	2
0	22	25046	249	40.71870987	-74.0090009	257	40.71939226	-74.00247214	1
0	22	6576	507	40.73912601	-73.97973776	518	40.74780373	-73.9734419	1
0	22	21201	228	40.7546011026	-73.971878855	477	40.75640548	-73.9900262	1
0	22	51758	528	40.74290902	-73.97706058	463	40.74206539	-74.00443172	1
0	22	10786	528	40.74290902	-73.97706058	161	40.72917025	-73.99810231	1
0	22	50178	341	40.71782143	-73.97628939	394	40.72521311	-73.97768752	2
0	22	18984	229	40.72743423	-73.99379025	280	40.73331967	-73.99510132	1
0	22	48518	352	40.76340613	-73.97722479	284	40.7390169121	-74.0026376103	1
0	22	57775	212	40.74334935	-74.00681753	533	40.75299641	-73.98721619	1
0	22	4475	470	40.74345335	-74.00004031	447	40.76370739	-73.9851615	1
0	22	3971	167	40.7489006	-73.97604882	477	40.75640548	-73.9900262	1
0	22	55266	341	40.71782143	-73.97628939	229	40.72743423	-73.99379025	1
0	22	6696	479	40.76019252	-73.9912551	388	40.749717753	-74.002950346	1
0	22	41679	253	40.73543934	-73.99453948	383	40.735238	-74.000271	1
0	22	14468	341	40.71782143	-73.97628939	326	40.72953837	-73.98426726	1
0	22	21916	290	40.76020258	-73.96478473	412	40.7158155	-73.99422366	1
0	22	18420	375	40.72679454	-73.99695094	483	40.73223272	-73.98889957	1
0	22	17758	521	40.75044999	-73.99481051	509	40.7454973	-74.00197139	1
0	22	29279	355	40.71602118	-73.99974372	306	40.70823502	-74.00530063	1
0	22	1379	515	40.76009437	-73.99461843	490	40.751551	-73.993934	1
0	22	30264	509	40.7454973	-74.00197139	488	40.75645824	-73.99372222	1
0	22	26824	297	40.734232	-73.986923	477	40.75640548	-73.9900262	1
0	22	22730	432	40.72621788	-73.98379855	375	40.72679454	-73.99695094	1
0	22	66179	454	40.75455731	-73.96592976	473	40.72110063	-73.9919254	1
0	22	3149	285	40.73454567	-73.99074142	345	40.73649403	-73.99704374	1
0	22	1006	521	40.75044999	-73.99481051	447	40.76370739	-73.9851615	1
0	22	12319	454	40.75455731	-73.96592976	456	40.7597108	-73.97402311	1
0	22	35983	254	40.73532427	-73.99800419	248	40.72185379	-74.00771779	1
0	22	13070	446	40.74487634	-73.99529885	453	40.74475148	-73.99915362	1
0	22	18112	462	40.74691959	-74.00451887	236	40.7284186	-73.98713956	1
0	22	12766	293	40.73028666	-73.9907647	317	40.72453734	-73.98185424	1
0	22	34573	410	40.72066442	-73.98517977	534	40.70255065	-74.0127234	1
0	22	12573	528	40.74290902	-73.97706058	504	40.73221853	-73.98165557	1
0	22	15888	151	40.7218158	-73.99720307	284	40.7390169121	-74.0026376103	1
0	22	48799	274	40.68691865	-73.976682	120	40.68676793	-73.95928168	3
0	22	28725	173	40.76064679	-73.98442659	480	40.76669671	-73.99061728	1
0	22	57314	295	40.71406667	-73.99293911	257	40.71939226	-74.00247214	2
0	22	40291	368	40.73038599	-74.00214988	442	40.746647	-73.993915	1
0	22	26769	445	40.72740794	-73.98142006	410	40.72066442	-73.98517977	1
0	22	60330	469	40.76344058	-73.98268129	341	40.71782143	-73.97628939	1
0	22	4683	161	40.72917025	-73.99810231	382	40.73492695	-73.99200509	1
0	22	34424	488	40.75645824	-73.99372222	472	40.7457121	-73.98194829	1
0	22	40900	174	40.7381765	-73.97738662	504	40.73221853	-73.98165557	1
0	22	16500	324	40.689888	-73.981013	270	40.69308257	-73.97178913	1
0	22	14888	280	40.73331967	-73.99510132	462	40.74691959	-74.00451887	1
0	22	21981	499	40.76915505	-73.98191841	2022	40.75849116	-73.95920622	1
0	22	7288	492	40.75019995	-73.99093085	507	40.73912601	-73.97973776	2
0	22	22615	254	40.73532427	-73.99800419	116	40.74177603	-74.00149746	1
0	22	12040	116	40.74177603	-74.00149746	446	40.74487634	-73.99529885	1
0	22	21527	505	40.74901271	-73.98848395	336	40.73047747	-73.99906065	1
0	22	39760	326	40.72953837	-73.98426726	447	40.76370739	-73.9851615	2
0	22	117	447	40.76370739	-73.9851615	499	40.76915505	-73.98191841	1
0	22	13172	337	40.7037992	-74.00838676	337	40.7037992	-74.00838676	1
0	22	36197	523	40.75466591	-73.99138152	470	40.74345335	-74.00004031	1
0	22	44290	432	40.72621788	-73.98379855	330	40.71450451	-74.00562789	1
0	22	32782	82	40.71117416	-74.00016545	340	40.71269042	-73.98776323	1
0	22	32974	412	40.7158155	-73.99422366	473	40.72110063	-73.9919254	1
0	22	54456	414	40.70281858	-73.98765762	120	40.68676793	-73.95928168	1
0	22	27746	477	40.75640548	-73.9900262	325	40.73624527	-73.98473765	1
0	22	46198	160	40.748238	-73.978311	516	40.75206862	-73.96784384	1
0	22	51925	405	40.739323	-74.008119	263	40.71729	-73.996375	1
0	22	1895	426	40.71754834	-74.01322069	328	40.72405549	-74.00965965	1
0	22	11216	375	40.72679454	-73.99695094	401	40.72019576	-73.98997825	1
0	22	8760	151	40.7218158	-73.99720307	229	40.72743423	-73.99379025	1
0	22	14385	432	40.72621788	-73.98379855	297	40.734232	-73.986923	1
0	22	29257	483	40.73223272	-73.98889957	300	40.728145	-73.990214	1
0	22	14923	280	40.73331967	-73.99510132	445	40.72740794	-73.98142006	1
0	22	16581	249	40.71870987	-74.0090009	482	40.73935542	-73.99931783	1
0	22	17155	474	40.7451677	-73.98683077	487	40.73314259	-73.97573881	1
0	22	73122	2021	40.75929124	-73.98859651	261	40.69474881	-73.98362464	1
0	22	59830	327	40.7153379	-74.01658354	261	40.69474881	-73.98362464	1
0	22	23685	494	40.74734825	-73.99723551	280	40.73331967	-73.99510132	1
0	22	8611	263	40.71729	-73.996375	410	40.72066442	-73.98517977	1
0	22	20682	495	40.76269882	-73.99301222	509	40.7454973	-74.00197139	1
0	22	33416	528	40.74290902	-73.97706058	537	40.74025878	-73.98409214	1
0	22	16623	414	40.70281858	-73.98765762	313	40.69610226	-73.96751037	1
0	22	20696	394	40.72521311	-73.97768752	223	40.73781509	-73.99994661	2
0	22	15551	528	40.74290902	-73.97706058	439	40.7262807	-73.98978041	1
0	22	37245	417	40.71291224	-74.01020234	369	40.73224119	-74.00026394	1
0	22	41382	433	40.72955361	-73.98057249	405	40.739323	-74.008119	1
0	22	45344	528	40.74290902	-73.97706058	300	40.728145	-73.990214	1
0	22	33820	391	40.69760127	-73.99344559	310	40.68926942	-73.98912867	1
0	22	21566	368	40.73038599	-74.00214988	323	40.69236178	-73.98631746	1
0	22	1465	401	40.72019576	-73.98997825	337	40.7037992	-74.00838676	1
0	22	33746	308	40.71307916	-73.99851193	325	40.73624527	-73.98473765	1
0	22	55866	359	40.75510267	-73.97498696	336	40.73047747	-73.99906065	1
0	22	174	460	40.71285887	-73.96590294	539	40.71534825	-73.96024116	1
0	22	2197	507	40.73912601	-73.97973776	382	40.73492695	-73.99200509	1
0	22	17228	391	40.69760127	-73.99344559	406	40.69512845	-73.99595065	1
0	22	2272	293	40.73028666	-73.9907647	223	40.73781509	-73.99994661	1
0	22	1963	362	40.75172632	-73.98753523	2017	40.75022392	-73.97121414	1
0	22	48877	433	40.72955361	-73.98057249	511	40.72938685	-73.97772429	1
0	22	6363	325	40.73624527	-73.98473765	434	40.74317449	-74.00366443	1
0	22	73123	387	40.71273266	-74.0046073	2012	40.739445	-73.976806	1
0	22	30256	2010	40.72165481	-74.00234737	401	40.72019576	-73.98997825	1
0	22	15182	274	40.68691865	-73.976682	354	40.69363137	-73.96223558	3
0	22	17466	300	40.728145	-73.990214	486	40.7462009	-73.98855723	1
0	22	44310	167	40.7489006	-73.97604882	516	40.75206862	-73.96784384	1
0	22	1326	490	40.751551	-73.993934	508	40.76341379	-73.99667444	1
0	22	49593	473	40.72110063	-73.9919254	306	40.70823502	-74.00530063	1
0	22	66348	516	40.75206862	-73.96784384	295	40.71406667	-73.99293911	1
0	22	23634	368	40.73038599	-74.00214988	446	40.74487634	-73.99529885	1
0	22	10106	2010	40.72165481	-74.00234737	531	40.71893904	-73.99266288	1
0	22	31933	546	40.74444921	-73.98303529	478	40.76030096	-73.99884222	1
0	22	7632	2003	40.73416059	-73.98024289	325	40.73624527	-73.98473765	1
0	22	24050	477	40.75640548	-73.9900262	490	40.751551	-73.993934	1
0	22	8756	147	40.71542197	-74.01121978	329	40.72043411	-74.01020609	1
0	22	26674	462	40.74691959	-74.00451887	174	40.7381765	-73.97738662	1
0	22	10891	410	40.72066442	-73.98517977	236	40.7284186	-73.98713956	1
0	22	28153	490	40.751551	-73.993934	449	40.76461837	-73.98789473	1
0	22	15728	407	40.700469	-73.991454	217	40.70277159	-73.99383605	1
0	22	41624	251	40.72317958	-73.99480012	507	40.73912601	-73.97973776	1
0	22	17318	439	40.7262807	-73.98978041	301	40.72217444	-73.98368779	1
0	22	12749	439	40.7262807	-73.98978041	410	40.72066442	-73.98517977	1
0	22	29289	422	40.770513	-73.988038	494	40.74734825	-73.99723551	1
0	22	12754	2003	40.73416059	-73.98024289	229	40.72743423	-73.99379025	1
0	22	37154	427	40.70251526	-74.01427023	351	40.70530954	-74.00612572	2
0	22	44489	444	40.7423543	-73.98915076	257	40.71939226	-74.00247214	1
0	22	34716	2010	40.72165481	-74.00234737	268	40.71910537	-73.99973337	2
0	22	17602	361	40.71605866	-73.99190759	317	40.72453734	-73.98185424	1
0	22	26580	479	40.76019252	-73.9912551	495	40.76269882	-73.99301222	1
0	22	26400	388	40.749717753	-74.002950346	3002	40.711512	-74.015756	1
0	22	8210	2021	40.75929124	-73.98859651	447	40.76370739	-73.9851615	1
0	22	23286	368	40.73038599	-74.00214988	361	40.71605866	-73.99190759	1
0	22	6145	151	40.7218158	-73.99720307	355	40.71602118	-73.99974372	1
0	22	33686	410	40.72066442	-73.98517977	296	40.71413089	-73.9970468	1
0	22	21303	488	40.75645824	-73.99372222	116	40.74177603	-74.00149746	1
0	22	30784	518	40.74780373	-73.9734419	410	40.72066442	-73.98517977	2
0	22	9560	457	40.76695317	-73.98169333	499	40.76915505	-73.98191841	1
0	22	41054	82	40.71117416	-74.00016545	312	40.722055	-73.989111	1
0	22	20298	537	40.74025878	-73.98409214	444	40.7423543	-73.98915076	1
0	22	41076	416	40.68753406	-73.97265183	244	40.69196035	-73.96536851	1
0	22	50744	265	40.72229346	-73.99147535	450	40.76227205	-73.98788205	1
0	22	23335	251	40.72317958	-73.99480012	368	40.73038599	-74.00214988	1
0	22	13476	529	40.7575699	-73.99098507	499	40.76915505	-73.98191841	1
0	22	47766	457	40.76695317	-73.98169333	151	40.7218158	-73.99720307	1
0	22	49744	274	40.68691865	-73.976682	282	40.70827295	-73.96834101	2
0	22	7857	444	40.7423543	-73.98915076	382	40.73492695	-73.99200509	1
0	22	21197	447	40.76370739	-73.9851615	479	40.76019252	-73.9912551	1
0	22	21662	167	40.7489006	-73.97604882	528	40.74290902	-73.97706058	1
0	22	47067	432	40.72621788	-73.98379855	2002	40.716887	-73.963198	1
0	22	47425	280	40.73331967	-73.99510132	531	40.71893904	-73.99266288	1
0	22	36772	472	40.7457121	-73.98194829	334	40.74238787	-73.99726235	1
0	22	39976	498	40.74854862	-73.98808416	2003	40.73416059	-73.98024289	2
0	22	323	459	40.746745	-74.007756	331	40.71173107	-73.99193043	1
0	22	8569	446	40.74487634	-73.99529885	116	40.74177603	-74.00149746	1
0	22	1	239	40.69196566	-73.9813018	366	40.693261	-73.968896	1
0	22	19509	444	40.7423543	-73.98915076	340	40.71269042	-73.98776323	1
0	22	23454	236	40.7284186	-73.98713956	507	40.73912601	-73.97973776	1
0	22	36243	483	40.73223272	-73.98889957	252	40.73226398	-73.99852205	1
0	22	41490	453	40.74475148	-73.99915362	403	40.72502876	-73.99069656	1
0	22	47371	2003	40.73416059	-73.98024289	473	40.72110063	-73.9919254	1
0	22	1165	504	40.73221853	-73.98165557	507	40.73912601	-73.97973776	1
0	22	4246	450	40.76227205	-73.98788205	521	40.75044999	-73.99481051	2
0	22	5313	285	40.73454567	-73.99074142	524	40.75527307	-73.98316936	1
0	22	33631	325	40.73624527	-73.98473765	453	40.74475148	-73.99915362	1
0	22	20069	385	40.75797322	-73.96603308	528	40.74290902	-73.97706058	1
0	22	7022	507	40.73912601	-73.97973776	352	40.76340613	-73.97722479	1
0	22	23117	380	40.73401143	-74.00293877	479	40.76019252	-73.9912551	1
0	22	28266	323	40.69236178	-73.98631746	512	40.7500727	-73.99839279	1
0	22	16577	521	40.75044999	-73.99481051	383	40.735238	-74.000271	1
0	22	30709	497	40.73704984	-73.99009296	422	40.770513	-73.988038	1
0	22	14927	446	40.74487634	-73.99529885	470	40.74345335	-74.00004031	1
0	22	29342	312	40.722055	-73.989111	223	40.73781509	-73.99994661	1
0	22	17146	260	40.70365182	-74.01167797	306	40.70823502	-74.00530063	1
0	22	21850	326	40.72953837	-73.98426726	528	40.74290902	-73.97706058	1
0	22	13880	497	40.73704984	-73.99009296	116	40.74177603	-74.00149746	1
0	22	31480	533	40.75299641	-73.98721619	523	40.75466591	-73.99138152	1
0	22	8255	316	40.70955958	-74.00653609	195	40.70905623	-74.01043382	1
0	22	14396	401	40.72019576	-73.98997825	79	40.71911552	-74.00666661	2
0	22	8081	334	40.74238787	-73.99726235	462	40.74691959	-74.00451887	1
0	22	11853	490	40.751551	-73.993934	515	40.76009437	-73.99461843	1
0	22	39714	357	40.73261787	-73.99158043	494	40.74734825	-73.99723551	1
0	22	66673	313	40.69610226	-73.96751037	416	40.68753406	-73.97265183	2
0	22	47700	402	40.7403432	-73.98955109	466	40.74395411	-73.99144871	1
0	22	38419	450	40.76227205	-73.98788205	428	40.72467721	-73.98783413	1
0	22	48671	428	40.72467721	-73.98783413	487	40.73314259	-73.97573881	1
0	22	7966	317	40.72453734	-73.98185424	161	40.72917025	-73.99810231	1
0	22	33226	433	40.72955361	-73.98057249	325	40.73624527	-73.98473765	1
0	22	30978	507	40.73912601	-73.97973776	394	40.72521311	-73.97768752	1
0	22	1596	513	40.768254	-73.988639	352	40.76340613	-73.97722479	1
0	22	4876	229	40.72743423	-73.99379025	368	40.73038599	-74.00214988	1
0	22	19370	79	40.71911552	-74.00666661	328	40.72405549	-74.00965965	2
0	22	9408	347	40.72873888	-74.00748842	347	40.72873888	-74.00748842	1
0	22	6765	347	40.72873888	-74.00748842	284	40.7390169121	-74.0026376103	1
0	22	15617	146	40.71625008	-74.0091059	426	40.71754834	-74.01322069	1
0	22	35774	453	40.74475148	-73.99915362	458	40.751396	-74.005226	1
0	22	28921	236	40.7284186	-73.98713956	306	40.70823502	-74.00530063	1
0	22	1200	490	40.751551	-73.993934	447	40.76370739	-73.9851615	1
0	22	27862	251	40.72317958	-73.99480012	356	40.71622644	-73.98261206	1
0	22	10956	490	40.751551	-73.993934	519	40.75188406	-73.97770164	1
0	22	9805	463	40.74206539	-74.00443172	528	40.74290902	-73.97706058	1
0	22	42606	394	40.72521311	-73.97768752	511	40.72938685	-73.97772429	1
0	22	7205	528	40.74290902	-73.97706058	507	40.73912601	-73.97973776	1
0	22	7522	462	40.74691959	-74.00451887	369	40.73224119	-74.00026394	1
0	22	27125	305	40.76095756	-73.96724467	352	40.76340613	-73.97722479	1
0	22	29122	403	40.72502876	-73.99069656	236	40.7284186	-73.98713956	1
0	22	6530	393	40.72299208	-73.97995466	312	40.722055	-73.989111	1
0	22	40469	285	40.73454567	-73.99074142	150	40.7208736	-73.98085795	1
0	22	6599	168	40.73971301	-73.99456405	116	40.74177603	-74.00149746	1
0	22	42013	252	40.73226398	-73.99852205	494	40.74734825	-73.99723551	1
0	22	11119	2021	40.75929124	-73.98859651	490	40.751551	-73.993934	1
0	22	5950	540	40.74147286	-73.98320928	442	40.746647	-73.993915	1
0	22	2962	478	40.76030096	-73.99884222	228	40.7546011026	-73.971878855	1
0	22	17286	536	40.74144387	-73.97536082	237	40.73047309	-73.98672378	1
0	22	47731	364	40.68900443	-73.96023854	416	40.68753406	-73.97265183	1
0	22	20706	306	40.70823502	-74.00530063	331	40.71173107	-73.99193043	1
0	22	35762	312	40.722055	-73.989111	311	40.7172274	-73.98802084	1
0	22	13100	430	40.7014851	-73.98656928	414	40.70281858	-73.98765762	1
0	22	13987	433	40.72955361	-73.98057249	326	40.72953837	-73.98426726	1
0	22	4412	285	40.73454567	-73.99074142	459	40.746745	-74.007756	1
0	22	47896	311	40.7172274	-73.98802084	306	40.70823502	-74.00530063	1
0	22	25392	311	40.7172274	-73.98802084	341	40.71782143	-73.97628939	1
0	22	17148	79	40.71911552	-74.00666661	116	40.74177603	-74.00149746	1
0	22	43656	486	40.7462009	-73.98855723	528	40.74290902	-73.97706058	1
0	22	44595	509	40.7454973	-74.00197139	83	40.68382604	-73.97632328	1
0	22	19598	280	40.73331967	-73.99510132	439	40.7262807	-73.98978041	1
0	22	10099	498	40.74854862	-73.98808416	446	40.74487634	-73.99529885	1
0	22	46196	362	40.75172632	-73.98753523	300	40.728145	-73.990214	1
0	22	24834	297	40.734232	-73.986923	487	40.73314259	-73.97573881	1
0	22	18137	2021	40.75929124	-73.98859651	513	40.768254	-73.988639	1
0	22	15341	498	40.74854862	-73.98808416	537	40.74025878	-73.98409214	1
0	22	4409	242	40.69788349	-73.97350332	430	40.7014851	-73.98656928	1
0	22	2782	497	40.73704984	-73.99009296	223	40.73781509	-73.99994661	1
0	22	23912	236	40.7284186	-73.98713956	474	40.7451677	-73.98683077	1
0	22	36717	426	40.71754834	-74.01322069	295	40.71406667	-73.99293911	1
0	22	23650	494	40.74734825	-73.99723551	497	40.73704984	-73.99009296	1
0	22	16639	462	40.74691959	-74.00451887	488	40.75645824	-73.99372222	1
0	22	1114	483	40.73223272	-73.98889957	375	40.72679454	-73.99695094	1
0	22	16235	483	40.73223272	-73.98889957	531	40.71893904	-73.99266288	1
0	22	34281	2021	40.75929124	-73.98859651	228	40.7546011026	-73.971878855	1
0	22	16608	358	40.73291553	-74.00711384	368	40.73038599	-74.00214988	1
0	22	25187	368	40.73038599	-74.00214988	358	40.73291553	-74.00711384	1
0	22	9876	301	40.72217444	-73.98368779	151	40.7218158	-73.99720307	1
0	22	45288	458	40.751396	-74.005226	472	40.7457121	-73.98194829	1
0	22	4748	380	40.73401143	-74.00293877	386	40.71494807	-74.00234482	1
0	22	15278	537	40.74025878	-73.98409214	483	40.73223272	-73.98889957	1
0	22	50286	412	40.7158155	-73.99422366	420	40.68764484	-73.96968902	1
0	22	34120	369	40.73224119	-74.00026394	325	40.73624527	-73.98473765	1
0	22	5070	345	40.73649403	-73.99704374	285	40.73454567	-73.99074142	1
0	22	12994	540	40.74147286	-73.98320928	504	40.73221853	-73.98165557	1
0	22	11944	323	40.69236178	-73.98631746	317	40.72453734	-73.98185424	1
0	22	33315	482	40.73935542	-73.99931783	336	40.73047747	-73.99906065	1
0	22	8107	2008	40.70569254	-74.01677685	417	40.71291224	-74.01020234	1
0	22	2551	459	40.746745	-74.007756	488	40.75645824	-73.99372222	1
0	22	49976	254	40.73532427	-73.99800419	334	40.74238787	-73.99726235	2
0	22	18254	450	40.76227205	-73.98788205	479	40.76019252	-73.9912551	1
0	22	8668	498	40.74854862	-73.98808416	442	40.746647	-73.993915	1
0	22	8912	334	40.74238787	-73.99726235	334	40.74238787	-73.99726235	1
0	22	62048	317	40.72453734	-73.98185424	359	40.75510267	-73.97498696	1
0	22	43121	433	40.72955361	-73.98057249	507	40.73912601	-73.97973776	1
0	22	15667	494	40.74734825	-73.99723551	521	40.75044999	-73.99481051	2
0	22	33559	345	40.73649403	-73.99704374	453	40.74475148	-73.99915362	1
0	22	3507	375	40.72679454	-73.99695094	312	40.722055	-73.989111	1
0	22	72915	481	40.71260486	-73.96264403	266	40.72368361	-73.97574813	1
0	22	15276	168	40.73971301	-73.99456405	439	40.7262807	-73.98978041	1
0	22	19957	446	40.74487634	-73.99529885	243	40.687979	-73.978474	1
0	22	41728	439	40.7262807	-73.98978041	263	40.71729	-73.996375	1
0	22	7447	355	40.71602118	-73.99974372	417	40.71291224	-74.01020234	1
0	22	1881	417	40.71291224	-74.01020234	377	40.72243797	-74.00566443	1
0	22	55301	319	40.71336124	-74.00937622	439	40.7262807	-73.98978041	1
0	22	19060	2021	40.75929124	-73.98859651	453	40.74475148	-73.99915362	1
0	22	15861	329	40.72043411	-74.01020609	328	40.72405549	-74.00965965	1
0	22	55338	284	40.7390169121	-74.0026376103	540	40.74147286	-73.98320928	1
0	22	210	358	40.73291553	-74.00711384	284	40.7390169121	-74.0026376103	1
0	22	761	502	40.714215	-73.981346	311	40.7172274	-73.98802084	1
0	22	36794	494	40.74734825	-73.99723551	472	40.7457121	-73.98194829	1
0	22	8497	329	40.72043411	-74.01020609	2008	40.70569254	-74.01677685	1
0	22	236	237	40.73047309	-73.98672378	531	40.71893904	-73.99266288	1
0	22	13591	442	40.746647	-73.993915	383	40.735238	-74.000271	1
0	22	23191	281	40.7643971	-73.97371465	477	40.75640548	-73.9900262	1
0	22	513	434	40.74317449	-74.00366443	325	40.73624527	-73.98473765	1
0	22	34100	403	40.72502876	-73.99069656	433	40.72955361	-73.98057249	1
0	22	32926	428	40.72467721	-73.98783413	307	40.71427487	-73.98990025	1
0	22	18085	519	40.75188406	-73.97770164	487	40.73314259	-73.97573881	1
0	22	17425	434	40.74317449	-74.00366443	345	40.73649403	-73.99704374	1
0	22	25277	531	40.71893904	-73.99266288	264	40.70706456	-74.00731853	1
0	22	5866	151	40.7218158	-73.99720307	79	40.71911552	-74.00666661	1
0	22	44886	408	40.71076228	-73.99400398	307	40.71427487	-73.98990025	1
0	22	1855	488	40.75645824	-73.99372222	524	40.75527307	-73.98316936	1
0	22	9967	519	40.75188406	-73.97770164	505	40.74901271	-73.98848395	1
0	22	3448	458	40.751396	-74.005226	494	40.74734825	-73.99723551	1
0	22	54630	330	40.71450451	-74.00562789	331	40.71173107	-73.99193043	1
0	22	56385	524	40.75527307	-73.98316936	546	40.74444921	-73.98303529	1
0	22	28261	444	40.7423543	-73.98915076	267	40.75097711	-73.98765428	1
0	22	33451	498	40.74854862	-73.98808416	386	40.71494807	-74.00234482	1
0	22	50228	289	40.6845683	-73.95881081	344	40.6851443	-73.95380904	1
0	22	27884	531	40.71893904	-73.99266288	263	40.71729	-73.996375	1
0	22	53209	478	40.76030096	-73.99884222	513	40.768254	-73.988639	1
0	22	18533	268	40.71910537	-73.99973337	475	40.73524276	-73.98758561	1
0	22	1768	174	40.7381765	-73.97738662	546	40.74444921	-73.98303529	1
0	22	176	294	40.73049393	-73.9957214	459	40.746745	-74.007756	1
0	22	26533	402	40.7403432	-73.98955109	161	40.72917025	-73.99810231	1
0	22	21799	494	40.74734825	-73.99723551	368	40.73038599	-74.00214988	1
0	22	28131	518	40.74780373	-73.9734419	2022	40.75849116	-73.95920622	1
0	22	51440	278	40.69766564	-73.98476437	414	40.70281858	-73.98765762	2
0	22	13905	499	40.76915505	-73.98191841	529	40.7575699	-73.99098507	1
0	22	19076	470	40.74345335	-74.00004031	285	40.73454567	-73.99074142	1
0	22	17882	479	40.76019252	-73.9912551	509	40.7454973	-74.00197139	1
0	22	24596	494	40.74734825	-73.99723551	494	40.74734825	-73.99723551	1
0	22	22574	284	40.7390169121	-74.0026376103	252	40.73226398	-73.99852205	1
0	22	2469	539	40.71534825	-73.96024116	460	40.71285887	-73.96590294	1
0	22	39053	239	40.69196566	-73.9813018	343	40.69794	-73.96986848	1
0	22	59829	271	40.68528172	-73.97805813	436	40.68216564	-73.95399026	1
0	22	8580	404	40.7405826	-74.00550867	458	40.751396	-74.005226	1
0	22	34043	399	40.68851534	-73.9647628	275	40.68650065	-73.96563307	1
0	22	9949	236	40.7284186	-73.98713956	432	40.72621788	-73.98379855	1
0	22	24402	161	40.72917025	-73.99810231	2012	40.739445	-73.976806	1
0	22	12215	450	40.76227205	-73.98788205	490	40.751551	-73.993934	1
0	22	5272	323	40.69236178	-73.98631746	268	40.71910537	-73.99973337	1
0	22	9924	285	40.73454567	-73.99074142	336	40.73047747	-73.99906065	1
0	22	13982	326	40.72953837	-73.98426726	507	40.73912601	-73.97973776	1
0	22	18806	402	40.7403432	-73.98955109	2003	40.73416059	-73.98024289	1
0	22	926	540	40.74147286	-73.98320928	466	40.74395411	-73.99144871	1
0	22	22627	439	40.7262807	-73.98978041	540	40.74147286	-73.98320928	1
0	22	54261	470	40.74345335	-74.00004031	346	40.73652889	-74.00618026	2
0	22	34342	488	40.75645824	-73.99372222	447	40.76370739	-73.9851615	1
0	22	24681	487	40.73314259	-73.97573881	540	40.74147286	-73.98320928	1
0	22	12890	249	40.71870987	-74.0090009	238	40.7361967	-74.00859207	2
0	22	28667	504	40.73221853	-73.98165557	528	40.74290902	-73.97706058	1
0	22	14399	383	40.735238	-74.000271	151	40.7218158	-73.99720307	1
0	22	12622	479	40.76019252	-73.9912551	2021	40.75929124	-73.98859651	1
0	22	23675	432	40.72621788	-73.98379855	410	40.72066442	-73.98517977	1
0	22	23019	361	40.71605866	-73.99190759	295	40.71406667	-73.99293911	1
0	22	27411	412	40.7158155	-73.99422366	408	40.71076228	-73.99400398	1
0	22	1689	428	40.72467721	-73.98783413	229	40.72743423	-73.99379025	1
0	22	40588	2017	40.75022392	-73.97121414	280	40.73331967	-73.99510132	1
0	22	2736	369	40.73224119	-74.00026394	435	40.74173969	-73.99415556	1
0	22	9375	2000	40.70255088	-73.98940236	503	40.73827428	-73.98751968	1
0	22	6385	442	40.746647	-73.993915	521	40.75044999	-73.99481051	1
0	22	43900	455	40.75001986	-73.96905301	402	40.7403432	-73.98955109	1
0	22	10958	470	40.74345335	-74.00004031	450	40.76227205	-73.98788205	1
0	22	73120	368	40.73038599	-74.00214988	359	40.75510267	-73.97498696	1
0	22	23387	2021	40.75929124	-73.98859651	494	40.74734825	-73.99723551	1
0	22	23165	540	40.74147286	-73.98320928	531	40.71893904	-73.99266288	1
0	22	25718	446	40.74487634	-73.99529885	174	40.7381765	-73.97738662	1
0	22	7685	229	40.72743423	-73.99379025	150	40.7208736	-73.98085795	2
0	22	6418	382	40.73492695	-73.99200509	509	40.7454973	-74.00197139	1
0	22	27478	509	40.7454973	-74.00197139	2010	40.72165481	-74.00234737	1
0	22	3744	326	40.72953837	-73.98426726	357	40.73261787	-73.99158043	1
0	22	36492	444	40.7423543	-73.98915076	525	40.75594159	-74.0021163	1
0	22	11126	468	40.7652654	-73.98192338	515	40.76009437	-73.99461843	1
0	22	10911	483	40.73223272	-73.98889957	336	40.73047747	-73.99906065	1
0	22	10165	450	40.76227205	-73.98788205	488	40.75645824	-73.99372222	1
0	22	20277	504	40.73221853	-73.98165557	311	40.7172274	-73.98802084	1
0	22	20818	372	40.694528	-73.958089	354	40.69363137	-73.96223558	1
0	22	17522	387	40.71273266	-74.0046073	366	40.693261	-73.968896	1
0	22	666	519	40.75188406	-73.97770164	546	40.74444921	-73.98303529	1
0	22	61516	327	40.7153379	-74.01658354	412	40.7158155	-73.99422366	1
0	22	21108	415	40.7047177	-74.00926027	355	40.71602118	-73.99974372	1
0	22	452	384	40.68317813	-73.9659641	120	40.68676793	-73.95928168	1
0	22	14110	529	40.7575699	-73.99098507	444	40.7423543	-73.98915076	2
0	22	20685	456	40.7597108	-73.97402311	336	40.73047747	-73.99906065	1
0	22	8194	435	40.74173969	-73.99415556	523	40.75466591	-73.99138152	1
0	22	34768	72	40.76727216	-73.99392888	380	40.73401143	-74.00293877	2
0	22	48160	444	40.7423543	-73.98915076	350	40.71559509	-73.9870295	1
0	22	8191	468	40.7652654	-73.98192338	2021	40.75929124	-73.98859651	1
0	22	1030	380	40.73401143	-74.00293877	284	40.7390169121	-74.0026376103	1
0	22	46567	307	40.71427487	-73.98990025	393	40.72299208	-73.97995466	1
0	22	65190	471	40.71286844	-73.95698119	354	40.69363137	-73.96223558	2
0	22	1685	515	40.76009437	-73.99461843	513	40.768254	-73.988639	1
0	22	9540	462	40.74691959	-74.00451887	446	40.74487634	-73.99529885	1
0	22	20657	466	40.74395411	-73.99144871	528	40.74290902	-73.97706058	1
0	22	5538	375	40.72679454	-73.99695094	347	40.72873888	-74.00748842	1
0	22	19715	518	40.74780373	-73.9734419	326	40.72953837	-73.98426726	1
0	22	23604	402	40.7403432	-73.98955109	439	40.7262807	-73.98978041	1
0	22	8437	472	40.7457121	-73.98194829	528	40.74290902	-73.97706058	1
0	22	14480	168	40.73971301	-73.99456405	479	40.76019252	-73.9912551	1
0	22	19959	463	40.74206539	-74.00443172	345	40.73649403	-73.99704374	1
0	22	68644	328	40.72405549	-74.00965965	450	40.76227205	-73.98788205	1
0	22	4971	293	40.73028666	-73.9907647	285	40.73454567	-73.99074142	1
0	22	24105	529	40.7575699	-73.99098507	293	40.73028666	-73.9907647	1
0	22	6724	237	40.73047309	-73.98672378	496	40.73726186	-73.99238967	1
0	22	39830	302	40.72082834	-73.97793172	302	40.72082834	-73.97793172	1
0	22	35924	369	40.73224119	-74.00026394	369	40.73224119	-74.00026394	1
0	22	34443	301	40.72217444	-73.98368779	528	40.74290902	-73.97706058	1
0	22	11680	512	40.7500727	-73.99839279	458	40.751396	-74.005226	1
0	22	25546	417	40.71291224	-74.01020234	417	40.71291224	-74.01020234	1
0	22	30026	442	40.746647	-73.993915	284	40.7390169121	-74.0026376103	1
0	22	17101	444	40.7423543	-73.98915076	369	40.73224119	-74.00026394	1
0	22	53765	300	40.728145	-73.990214	334	40.74238787	-73.99726235	1
0	22	7876	453	40.74475148	-73.99915362	521	40.75044999	-73.99481051	1
0	22	17107	150	40.7208736	-73.98085795	504	40.73221853	-73.98165557	1
0	22	2146	327	40.7153379	-74.01658354	363	40.70834698	-74.01713445	1
0	22	17	307	40.71427487	-73.98990025	291	40.713126	-73.984844	1
0	22	23757	2003	40.73416059	-73.98024289	422	40.770513	-73.988038	1
0	22	55355	431	40.68864636	-73.98263429	324	40.689888	-73.981013	1
0	22	13698	434	40.74317449	-74.00366443	116	40.74177603	-74.00149746	1
0	22	32271	128	40.72710258	-74.00297088	349	40.71850211	-73.98329859	1
0	22	43088	284	40.7390169121	-74.0026376103	72	40.76727216	-73.99392888	1
0	22	35000	161	40.72917025	-73.99810231	536	40.74144387	-73.97536082	2
0	22	56675	414	40.70281858	-73.98765762	157	40.69089272	-73.99612349	3
0	22	8204	128	40.72710258	-74.00297088	355	40.71602118	-73.99974372	1
0	22	23184	405	40.739323	-74.008119	252	40.73226398	-73.99852205	1
0	22	27721	312	40.722055	-73.989111	356	40.71622644	-73.98261206	1
0	22	4717	2022	40.75849116	-73.95920622	2012	40.739445	-73.976806	1
0	22	9257	382	40.73492695	-73.99200509	472	40.7457121	-73.98194829	1
0	22	44588	402	40.7403432	-73.98955109	238	40.7361967	-74.00859207	1
0	22	2814	266	40.72368361	-73.97574813	293	40.73028666	-73.9907647	1
0	22	8415	251	40.72317958	-73.99480012	531	40.71893904	-73.99266288	1
0	22	25137	487	40.73314259	-73.97573881	164	40.75323098	-73.97032517	2
0	22	20744	303	40.72362738	-73.99949601	383	40.735238	-74.000271	1
0	22	4405	228	40.7546011026	-73.971878855	538	40.75795248	-73.97787642	1
0	22	12010	505	40.74901271	-73.98848395	444	40.7423543	-73.98915076	2
0	22	14077	263	40.71729	-73.996375	335	40.72903917	-73.99404649	1
0	22	57274	328	40.72405549	-74.00965965	174	40.7381765	-73.97738662	1
0	22	9937	348	40.72490985	-74.00154702	537	40.74025878	-73.98409214	1
0	22	31036	164	40.75323098	-73.97032517	450	40.76227205	-73.98788205	1
0	22	11907	521	40.75044999	-73.99481051	297	40.734232	-73.986923	1
0	22	40889	453	40.74475148	-73.99915362	252	40.73226398	-73.99852205	1
0	22	30798	334	40.74238787	-73.99726235	512	40.7500727	-73.99839279	1
0	22	8613	435	40.74173969	-73.99415556	490	40.751551	-73.993934	1
0	22	19271	446	40.74487634	-73.99529885	466	40.74395411	-73.99144871	1
0	22	38141	403	40.72502876	-73.99069656	266	40.72368361	-73.97574813	1
0	22	25024	317	40.72453734	-73.98185424	311	40.7172274	-73.98802084	1
0	22	68677	474	40.7451677	-73.98683077	417	40.71291224	-74.01020234	1
0	22	23276	383	40.735238	-74.000271	326	40.72953837	-73.98426726	1
0	22	4624	440	40.75255434	-73.97282625	441	40.756014	-73.967416	1
0	22	10893	426	40.71754834	-74.01322069	427	40.70251526	-74.01427023	2
0	22	42704	236	40.7284186	-73.98713956	433	40.72955361	-73.98057249	1
0	22	44260	439	40.7262807	-73.98978041	82	40.71117416	-74.00016545	1
0	22	23480	284	40.7390169121	-74.0026376103	507	40.73912601	-73.97973776	1
0	22	21456	492	40.75019995	-73.99093085	480	40.76669671	-73.99061728	1
0	22	40822	458	40.751396	-74.005226	479	40.76019252	-73.9912551	1
0	22	16434	498	40.74854862	-73.98808416	440	40.75255434	-73.97282625	1
0	22	61607	160	40.748238	-73.978311	463	40.74206539	-74.00443172	1
0	22	9898	375	40.72679454	-73.99695094	383	40.735238	-74.000271	1
0	22	37058	449	40.76461837	-73.98789473	446	40.74487634	-73.99529885	1
0	22	57058	263	40.71729	-73.996375	507	40.73912601	-73.97973776	1
0	22	30370	521	40.75044999	-73.99481051	518	40.74780373	-73.9734419	1
0	22	51934	422	40.770513	-73.988038	311	40.7172274	-73.98802084	1
0	22	19067	276	40.71748752	-74.0104554	521	40.75044999	-73.99481051	1
0	22	2221	497	40.73704984	-73.99009296	518	40.74780373	-73.9734419	1
0	22	6528	293	40.73028666	-73.9907647	347	40.72873888	-74.00748842	1
0	22	18967	368	40.73038599	-74.00214988	403	40.72502876	-73.99069656	1
0	22	4912	382	40.73492695	-73.99200509	294	40.73049393	-73.9957214	2
0	22	56551	366	40.693261	-73.968896	467	40.68312489	-73.97895137	1
0	22	7670	422	40.770513	-73.988038	523	40.75466591	-73.99138152	1
0	22	9438	161	40.72917025	-73.99810231	295	40.71406667	-73.99293911	1
0	22	19915	345	40.73649403	-73.99704374	432	40.72621788	-73.98379855	1
0	22	14214	79	40.71911552	-74.00666661	151	40.7218158	-73.99720307	1
0	22	73121	330	40.71450451	-74.00562789	174	40.7381765	-73.97738662	1
0	22	5167	308	40.71307916	-73.99851193	264	40.70706456	-74.00731853	1
0	22	22742	410	40.72066442	-73.98517977	539	40.71534825	-73.96024116	1
0	22	28120	472	40.7457121	-73.98194829	2023	40.75968085	-73.97031366	1
0	22	26528	494	40.74734825	-73.99723551	281	40.7643971	-73.97371465	1
0	22	49343	412	40.7158155	-73.99422366	82	40.71117416	-74.00016545	1
0	22	22880	401	40.72019576	-73.98997825	285	40.73454567	-73.99074142	1
0	22	19409	326	40.72953837	-73.98426726	536	40.74144387	-73.97536082	1
0	22	31159	293	40.73028666	-73.9907647	265	40.72229346	-73.99147535	1
0	22	11476	414	40.70281858	-73.98765762	314	40.69424674	-73.99215922	1
0	22	23159	316	40.70955958	-74.00653609	387	40.71273266	-74.0046073	1
0	22	38099	538	40.75795248	-73.97787642	422	40.770513	-73.988038	1
0	22	21647	284	40.7390169121	-74.0026376103	369	40.73224119	-74.00026394	3
0	22	10206	402	40.7403432	-73.98955109	434	40.74317449	-74.00366443	1
0	22	10440	382	40.73492695	-73.99200509	2003	40.73416059	-73.98024289	2
0	22	14726	265	40.72229346	-73.99147535	340	40.71269042	-73.98776323	1
0	22	21010	336	40.73047747	-73.99906065	473	40.72110063	-73.9919254	1
0	22	9132	282	40.70827295	-73.96834101	531	40.71893904	-73.99266288	1
0	22	42099	410	40.72066442	-73.98517977	482	40.73935542	-73.99931783	1
0	22	61393	509	40.7454973	-74.00197139	150	40.7208736	-73.98085795	1
0	22	62855	359	40.75510267	-73.97498696	317	40.72453734	-73.98185424	1
0	22	272	334	40.74238787	-73.99726235	284	40.7390169121	-74.0026376103	1
0	22	2616	293	40.73028666	-73.9907647	497	40.73704984	-73.99009296	1
0	22	6664	362	40.75172632	-73.98753523	490	40.751551	-73.993934	1
0	22	7952	285	40.73454567	-73.99074142	128	40.72710258	-74.00297088	1
0	22	31356	323	40.69236178	-73.98631746	311	40.7172274	-73.98802084	1
0	22	22486	284	40.7390169121	-74.0026376103	83	40.68382604	-73.97632328	1
0	22	2875	422	40.770513	-73.988038	515	40.76009437	-73.99461843	1
0	22	41021	317	40.72453734	-73.98185424	356	40.71622644	-73.98261206	1
0	22	17077	524	40.75527307	-73.98316936	528	40.74290902	-73.97706058	1
0	22	46505	479	40.76019252	-73.9912551	454	40.75455731	-73.96592976	1
0	22	71894	403	40.72502876	-73.99069656	329	40.72043411	-74.01020609	2
0	22	9831	430	40.7014851	-73.98656928	313	40.69610226	-73.96751037	1
0	22	12950	463	40.74206539	-74.00443172	368	40.73038599	-74.00214988	1
0	22	16515	474	40.7451677	-73.98683077	465	40.75513557	-73.98658032	1
0	22	11396	444	40.7423543	-73.98915076	446	40.74487634	-73.99529885	1
0	22	43603	519	40.75188406	-73.97770164	516	40.75206862	-73.96784384	1
0	22	2273	459	40.746745	-74.007756	426	40.71754834	-74.01322069	1
0	22	8108	276	40.71748752	-74.0104554	276	40.71748752	-74.0104554	3
0	22	9396	465	40.75513557	-73.98658032	440	40.75255434	-73.97282625	1
0	22	16117	249	40.71870987	-74.0090009	147	40.71542197	-74.01121978	1
0	22	7979	521	40.75044999	-73.99481051	519	40.75188406	-73.97770164	1
0	22	1337	389	40.71044554	-73.96525063	539	40.71534825	-73.96024116	1
0	22	9931	386	40.71494807	-74.00234482	284	40.7390169121	-74.0026376103	2
0	22	7858	435	40.74173969	-73.99415556	345	40.73649403	-73.99704374	1
0	22	54123	238	40.7361967	-74.00859207	439	40.7262807	-73.98978041	1
0	22	46799	508	40.76341379	-73.99667444	453	40.74475148	-73.99915362	1
0	22	13075	505	40.74901271	-73.98848395	490	40.751551	-73.993934	1
0	22	9305	116	40.74177603	-74.00149746	521	40.75044999	-73.99481051	1
0	22	27400	280	40.73331967	-73.99510132	336	40.73047747	-73.99906065	1
0	22	2854	293	40.73028666	-73.9907647	386	40.71494807	-74.00234482	2
0	22	9279	509	40.7454973	-74.00197139	428	40.72467721	-73.98783413	1
0	22	12292	348	40.72490985	-74.00154702	377	40.72243797	-74.00566443	1
0	22	42577	507	40.73912601	-73.97973776	415	40.7047177	-74.00926027	2
0	22	10954	510	40.7606597	-73.98042047	468	40.7652654	-73.98192338	1
0	22	6495	519	40.75188406	-73.97770164	257	40.71939226	-74.00247214	1
0	22	11740	499	40.76915505	-73.98191841	518	40.74780373	-73.9734419	1
0	22	31483	2010	40.72165481	-74.00234737	355	40.71602118	-73.99974372	1
0	22	17093	267	40.75097711	-73.98765428	325	40.73624527	-73.98473765	1
0	22	13472	528	40.74290902	-73.97706058	323	40.69236178	-73.98631746	2
0	22	25046	249	40.71870987	-74.0090009	257	40.71939226	-74.00247214	1
0	22	6576	507	40.73912601	-73.97973776	518	40.74780373	-73.9734419	1
0	22	21201	228	40.7546011026	-73.971878855	477	40.75640548	-73.9900262	1
0	22	51758	528	40.74290902	-73.97706058	463	40.74206539	-74.00443172	1
0	22	10786	528	40.74290902	-73.97706058	161	40.72917025	-73.99810231	1
0	22	50178	341	40.71782143	-73.97628939	394	40.72521311	-73.97768752	2
0	22	18984	229	40.72743423	-73.99379025	280	40.73331967	-73.99510132	1
0	22	48518	352	40.76340613	-73.97722479	284	40.7390169121	-74.0026376103	1
0	22	57775	212	40.74334935	-74.00681753	533	40.75299641	-73.98721619	1
0	22	4475	470	40.74345335	-74.00004031	447	40.76370739	-73.9851615	1
0	22	3971	167	40.7489006	-73.97604882	477	40.75640548	-73.9900262	1
0	22	55266	341	40.71782143	-73.97628939	229	40.72743423	-73.99379025	1
0	22	6696	479	40.76019252	-73.9912551	388	40.749717753	-74.002950346	1
0	22	41679	253	40.73543934	-73.99453948	383	40.735238	-74.000271	1
0	22	14468	341	40.71782143	-73.97628939	326	40.72953837	-73.98426726	1
0	22	21916	290	40.76020258	-73.96478473	412	40.7158155	-73.99422366	1
0	22	18420	375	40.72679454	-73.99695094	483	40.73223272	-73.98889957	1
0	22	17758	521	40.75044999	-73.99481051	509	40.7454973	-74.00197139	1
0	22	29279	355	40.71602118	-73.99974372	306	40.70823502	-74.00530063	1
0	22	1379	515	40.76009437	-73.99461843	490	40.751551	-73.993934	1
0	22	30264	509	40.7454973	-74.00197139	488	40.75645824	-73.99372222	1
0	22	26824	297	40.734232	-73.986923	477	40.75640548	-73.9900262	1
0	22	22730	432	40.72621788	-73.98379855	375	40.72679454	-73.99695094	1
0	22	66179	454	40.75455731	-73.96592976	473	40.72110063	-73.9919254	1
0	22	3149	285	40.73454567	-73.99074142	345	40.73649403	-73.99704374	1
0	22	1006	521	40.75044999	-73.99481051	447	40.76370739	-73.9851615	1
0	22	12319	454	40.75455731	-73.96592976	456	40.7597108	-73.97402311	1
0	22	35983	254	40.73532427	-73.99800419	248	40.72185379	-74.00771779	1
0	22	13070	446	40.74487634	-73.99529885	453	40.74475148	-73.99915362	1
0	22	18112	462	40.74691959	-74.00451887	236	40.7284186	-73.98713956	1
0	22	12766	293	40.73028666	-73.9907647	317	40.72453734	-73.98185424	1
0	22	34573	410	40.72066442	-73.98517977	534	40.70255065	-74.0127234	1
0	22	12573	528	40.74290902	-73.97706058	504	40.73221853	-73.98165557	1
0	22	15888	151	40.7218158	-73.99720307	284	40.7390169121	-74.0026376103	1
0	22	48799	274	40.68691865	-73.976682	120	40.68676793	-73.95928168	3
0	22	28725	173	40.76064679	-73.98442659	480	40.76669671	-73.99061728	1
0	22	57314	295	40.71406667	-73.99293911	257	40.71939226	-74.00247214	2
0	22	40291	368	40.73038599	-74.00214988	442	40.746647	-73.993915	1
0	22	26769	445	40.72740794	-73.98142006	410	40.72066442	-73.98517977	1
0	22	60330	469	40.76344058	-73.98268129	341	40.71782143	-73.97628939	1
0	22	4683	161	40.72917025	-73.99810231	382	40.73492695	-73.99200509	1
0	22	34424	488	40.75645824	-73.99372222	472	40.7457121	-73.98194829	1
0	22	40900	174	40.7381765	-73.97738662	504	40.73221853	-73.98165557	1
0	22	16500	324	40.689888	-73.981013	270	40.69308257	-73.97178913	2
0	22	14888	280	40.73331967	-73.99510132	462	40.74691959	-74.00451887	1
0	22	21981	499	40.76915505	-73.98191841	2022	40.75849116	-73.95920622	1
0	22	7288	492	40.75019995	-73.99093085	507	40.73912601	-73.97973776	2
0	22	22615	254	40.73532427	-73.99800419	116	40.74177603	-74.00149746	1
0	22	12040	116	40.74177603	-74.00149746	446	40.74487634	-73.99529885	1
0	22	11987	454	40.75455731	-73.96592976	236	40.7284186	-73.98713956	1
0	22	21527	505	40.74901271	-73.98848395	336	40.73047747	-73.99906065	1
0	22	39760	326	40.72953837	-73.98426726	447	40.76370739	-73.9851615	2
0	22	117	447	40.76370739	-73.9851615	499	40.76915505	-73.98191841	1
0	22	13172	337	40.7037992	-74.00838676	337	40.7037992	-74.00838676	1
0	22	36197	523	40.75466591	-73.99138152	470	40.74345335	-74.00004031	1
0	22	44290	432	40.72621788	-73.98379855	330	40.71450451	-74.00562789	1
0	22	32782	82	40.71117416	-74.00016545	340	40.71269042	-73.98776323	1
0	22	32974	412	40.7158155	-73.99422366	473	40.72110063	-73.9919254	1
0	22	54456	414	40.70281858	-73.98765762	120	40.68676793	-73.95928168	1
0	22	27746	477	40.75640548	-73.9900262	325	40.73624527	-73.98473765	1
0	22	46198	160	40.748238	-73.978311	516	40.75206862	-73.96784384	1
0	22	51925	405	40.739323	-74.008119	263	40.71729	-73.996375	1
0	22	1895	426	40.71754834	-74.01322069	328	40.72405549	-74.00965965	1
0	22	11216	375	40.72679454	-73.99695094	401	40.72019576	-73.98997825	1
0	22	8760	151	40.7218158	-73.99720307	229	40.72743423	-73.99379025	1
0	22	14385	432	40.72621788	-73.98379855	297	40.734232	-73.986923	1
0	22	29257	483	40.73223272	-73.98889957	300	40.728145	-73.990214	1
0	22	14923	280	40.73331967	-73.99510132	445	40.72740794	-73.98142006	1
0	22	16581	249	40.71870987	-74.0090009	482	40.73935542	-73.99931783	1
0	22	17155	474	40.7451677	-73.98683077	487	40.73314259	-73.97573881	1
0	22	73122	2021	40.75929124	-73.98859651	261	40.69474881	-73.98362464	1
0	22	59830	327	40.7153379	-74.01658354	261	40.69474881	-73.98362464	1
0	22	23685	494	40.74734825	-73.99723551	280	40.73331967	-73.99510132	1
0	22	8611	263	40.71729	-73.996375	410	40.72066442	-73.98517977	1
0	22	20682	495	40.76269882	-73.99301222	509	40.7454973	-74.00197139	1
0	22	33416	528	40.74290902	-73.97706058	537	40.74025878	-73.98409214	1
0	22	16623	414	40.70281858	-73.98765762	313	40.69610226	-73.96751037	1
0	22	20696	394	40.72521311	-73.97768752	223	40.73781509	-73.99994661	2
0	22	15551	528	40.74290902	-73.97706058	439	40.7262807	-73.98978041	1
0	22	37245	417	40.71291224	-74.01020234	369	40.73224119	-74.00026394	1
0	22	41382	433	40.72955361	-73.98057249	405	40.739323	-74.008119	1
0	22	45344	528	40.74290902	-73.97706058	300	40.728145	-73.990214	1
0	22	33820	391	40.69760127	-73.99344559	310	40.68926942	-73.98912867	1
0	22	21566	368	40.73038599	-74.00214988	323	40.69236178	-73.98631746	1
0	22	1465	401	40.72019576	-73.98997825	337	40.7037992	-74.00838676	1
0	22	33746	308	40.71307916	-73.99851193	325	40.73624527	-73.98473765	1
0	22	55866	359	40.75510267	-73.97498696	336	40.73047747	-73.99906065	1
0	22	174	460	40.71285887	-73.96590294	539	40.71534825	-73.96024116	1
0	22	2197	507	40.73912601	-73.97973776	382	40.73492695	-73.99200509	1
0	22	17228	391	40.69760127	-73.99344559	406	40.69512845	-73.99595065	1
0	22	2272	293	40.73028666	-73.9907647	223	40.73781509	-73.99994661	1
0	22	1963	362	40.75172632	-73.98753523	2017	40.75022392	-73.97121414	1
0	22	48877	433	40.72955361	-73.98057249	511	40.72938685	-73.97772429	1
0	22	6363	325	40.73624527	-73.98473765	434	40.74317449	-74.00366443	1
0	22	69169	334	40.74238787	-73.99726235	481	40.71260486	-73.96264403	1
0	22	73123	387	40.71273266	-74.0046073	2012	40.739445	-73.976806	1
0	22	30256	2010	40.72165481	-74.00234737	401	40.72019576	-73.98997825	1
0	22	15182	274	40.68691865	-73.976682	354	40.69363137	-73.96223558	3
0	22	17466	300	40.728145	-73.990214	486	40.7462009	-73.98855723	1
0	22	44310	167	40.7489006	-73.97604882	516	40.75206862	-73.96784384	1
0	22	1326	490	40.751551	-73.993934	508	40.76341379	-73.99667444	1
0	22	49593	473	40.72110063	-73.9919254	306	40.70823502	-74.00530063	1
0	22	66348	516	40.75206862	-73.96784384	295	40.71406667	-73.99293911	1
0	22	23634	368	40.73038599	-74.00214988	446	40.74487634	-73.99529885	1
0	22	10106	2010	40.72165481	-74.00234737	531	40.71893904	-73.99266288	1
0	22	31933	546	40.74444921	-73.98303529	478	40.76030096	-73.99884222	1
0	22	7632	2003	40.73416059	-73.98024289	325	40.73624527	-73.98473765	1
0	22	24050	477	40.75640548	-73.9900262	490	40.751551	-73.993934	1
0	22	8756	147	40.71542197	-74.01121978	329	40.72043411	-74.01020609	1
0	22	26674	462	40.74691959	-74.00451887	174	40.7381765	-73.97738662	1
0	22	10891	410	40.72066442	-73.98517977	236	40.7284186	-73.98713956	1
0	22	28153	490	40.751551	-73.993934	449	40.76461837	-73.98789473	1
0	22	15728	407	40.700469	-73.991454	217	40.70277159	-73.99383605	1
0	22	41624	251	40.72317958	-73.99480012	507	40.73912601	-73.97973776	1
0	22	17318	439	40.7262807	-73.98978041	301	40.72217444	-73.98368779	1
0	22	12749	439	40.7262807	-73.98978041	410	40.72066442	-73.98517977	1
0	22	29289	422	40.770513	-73.988038	494	40.74734825	-73.99723551	1
0	22	12754	2003	40.73416059	-73.98024289	229	40.72743423	-73.99379025	1
0	22	37154	427	40.70251526	-74.01427023	351	40.70530954	-74.00612572	2
0	22	44489	444	40.7423543	-73.98915076	257	40.71939226	-74.00247214	1
0	22	34716	2010	40.72165481	-74.00234737	268	40.71910537	-73.99973337	2
0	22	17602	361	40.71605866	-73.99190759	317	40.72453734	-73.98185424	1
0	22	26580	479	40.76019252	-73.9912551	495	40.76269882	-73.99301222	1
0	22	26400	388	40.749717753	-74.002950346	3002	40.711512	-74.015756	1
0	22	8210	2021	40.75929124	-73.98859651	447	40.76370739	-73.9851615	1
0	22	23286	368	40.73038599	-74.00214988	361	40.71605866	-73.99190759	1
0	22	18248	441	40.756014	-73.967416	236	40.7284186	-73.98713956	1
0	22	6145	151	40.7218158	-73.99720307	355	40.71602118	-73.99974372	1
0	22	33686	410	40.72066442	-73.98517977	296	40.71413089	-73.9970468	1
0	22	21303	488	40.75645824	-73.99372222	116	40.74177603	-74.00149746	1
0	22	30784	518	40.74780373	-73.9734419	410	40.72066442	-73.98517977	2
0	22	9560	457	40.76695317	-73.98169333	499	40.76915505	-73.98191841	1
0	22	41054	82	40.71117416	-74.00016545	312	40.722055	-73.989111	1
0	22	20298	537	40.74025878	-73.98409214	444	40.7423543	-73.98915076	1
0	22	41076	416	40.68753406	-73.97265183	244	40.69196035	-73.96536851	1
0	22	50744	265	40.72229346	-73.99147535	450	40.76227205	-73.98788205	1
0	22	23335	251	40.72317958	-73.99480012	368	40.73038599	-74.00214988	1
0	22	13476	529	40.7575699	-73.99098507	499	40.76915505	-73.98191841	1
0	22	47766	457	40.76695317	-73.98169333	151	40.7218158	-73.99720307	1
0	22	49744	274	40.68691865	-73.976682	282	40.70827295	-73.96834101	2
0	22	7857	444	40.7423543	-73.98915076	382	40.73492695	-73.99200509	1
0	22	50455	382	40.73492695	-73.99200509	393	40.72299208	-73.97995466	1
0	22	21197	447	40.76370739	-73.9851615	479	40.76019252	-73.9912551	1
0	22	21662	167	40.7489006	-73.97604882	528	40.74290902	-73.97706058	1
0	22	47067	432	40.72621788	-73.98379855	2002	40.716887	-73.963198	1
0	22	47425	280	40.73331967	-73.99510132	531	40.71893904	-73.99266288	1
0	22	36772	472	40.7457121	-73.98194829	334	40.74238787	-73.99726235	1
0	22	39976	498	40.74854862	-73.98808416	2003	40.73416059	-73.98024289	2
0	22	323	459	40.746745	-74.007756	331	40.71173107	-73.99193043	1
0	22	8569	446	40.74487634	-73.99529885	116	40.74177603	-74.00149746	1
0	22	1	239	40.69196566	-73.9813018	366	40.693261	-73.968896	1
0	22	19509	444	40.7423543	-73.98915076	340	40.71269042	-73.98776323	1
0	22	23454	236	40.7284186	-73.98713956	507	40.73912601	-73.97973776	1
0	22	36243	483	40.73223272	-73.98889957	252	40.73226398	-73.99852205	1
0	22	41490	453	40.74475148	-73.99915362	403	40.72502876	-73.99069656	1
0	22	47371	2003	40.73416059	-73.98024289	473	40.72110063	-73.9919254	1
0	22	1165	504	40.73221853	-73.98165557	507	40.73912601	-73.97973776	1
0	22	4246	450	40.76227205	-73.98788205	521	40.75044999	-73.99481051	2
0	22	5313	285	40.73454567	-73.99074142	524	40.75527307	-73.98316936	1
0	22	33631	325	40.73624527	-73.98473765	453	40.74475148	-73.99915362	1
0	22	20069	385	40.75797322	-73.96603308	528	40.74290902	-73.97706058	1
0	22	7022	507	40.73912601	-73.97973776	352	40.76340613	-73.97722479	1
0	22	23117	380	40.73401143	-74.00293877	479	40.76019252	-73.9912551	1
0	22	28266	323	40.69236178	-73.98631746	512	40.7500727	-73.99839279	1
0	22	16577	521	40.75044999	-73.99481051	383	40.735238	-74.000271	1
0	22	30709	497	40.73704984	-73.99009296	422	40.770513	-73.988038	1
0	22	14927	446	40.74487634	-73.99529885	470	40.74345335	-74.00004031	1
0	22	29342	312	40.722055	-73.989111	223	40.73781509	-73.99994661	1
0	22	17146	260	40.70365182	-74.01167797	306	40.70823502	-74.00530063	1
0	22	21850	326	40.72953837	-73.98426726	528	40.74290902	-73.97706058	1
0	22	13880	497	40.73704984	-73.99009296	116	40.74177603	-74.00149746	1
0	22	31480	533	40.75299641	-73.98721619	523	40.75466591	-73.99138152	1
0	22	8255	316	40.70955958	-74.00653609	195	40.70905623	-74.01043382	1
0	22	14396	401	40.72019576	-73.98997825	79	40.71911552	-74.00666661	2
0	22	8081	334	40.74238787	-73.99726235	462	40.74691959	-74.00451887	1
0	22	11853	490	40.751551	-73.993934	515	40.76009437	-73.99461843	1
0	22	39714	357	40.73261787	-73.99158043	494	40.74734825	-73.99723551	1
0	22	66673	313	40.69610226	-73.96751037	416	40.68753406	-73.97265183	2
0	22	47700	402	40.7403432	-73.98955109	466	40.74395411	-73.99144871	1
0	22	38419	450	40.76227205	-73.98788205	428	40.72467721	-73.98783413	1
0	22	24979	2008	40.70569254	-74.01677685	482	40.73935542	-73.99931783	1
0	22	48671	428	40.72467721	-73.98783413	487	40.73314259	-73.97573881	1
0	22	7966	317	40.72453734	-73.98185424	161	40.72917025	-73.99810231	1
0	22	33226	433	40.72955361	-73.98057249	325	40.73624527	-73.98473765	1
0	22	30978	507	40.73912601	-73.97973776	394	40.72521311	-73.97768752	1
0	22	1596	513	40.768254	-73.988639	352	40.76340613	-73.97722479	1
0	22	4876	229	40.72743423	-73.99379025	368	40.73038599	-74.00214988	1
0	22	19370	79	40.71911552	-74.00666661	328	40.72405549	-74.00965965	2
0	22	9408	347	40.72873888	-74.00748842	347	40.72873888	-74.00748842	1
0	22	6765	347	40.72873888	-74.00748842	284	40.7390169121	-74.0026376103	1
0	22	15617	146	40.71625008	-74.0091059	426	40.71754834	-74.01322069	1
0	22	35774	453	40.74475148	-73.99915362	458	40.751396	-74.005226	1
0	22	28921	236	40.7284186	-73.98713956	306	40.70823502	-74.00530063	1
0	22	1200	490	40.751551	-73.993934	447	40.76370739	-73.9851615	1
0	22	27862	251	40.72317958	-73.99480012	356	40.71622644	-73.98261206	1
0	22	10956	490	40.751551	-73.993934	519	40.75188406	-73.97770164	1
0	22	9805	463	40.74206539	-74.00443172	528	40.74290902	-73.97706058	1
0	22	42606	394	40.72521311	-73.97768752	511	40.72938685	-73.97772429	1
0	22	31058	2002	40.716887	-73.963198	301	40.72217444	-73.98368779	1
0	22	7205	528	40.74290902	-73.97706058	507	40.73912601	-73.97973776	1
0	22	7522	462	40.74691959	-74.00451887	369	40.73224119	-74.00026394	1
0	22	27125	305	40.76095756	-73.96724467	352	40.76340613	-73.97722479	1
0	22	29122	403	40.72502876	-73.99069656	236	40.7284186	-73.98713956	1
0	22	33613	345	40.73649403	-73.99704374	404	40.7405826	-74.00550867	1
0	22	6530	393	40.72299208	-73.97995466	312	40.722055	-73.989111	1
0	22	40469	285	40.73454567	-73.99074142	150	40.7208736	-73.98085795	1
0	22	6599	168	40.73971301	-73.99456405	116	40.74177603	-74.00149746	1
0	22	42013	252	40.73226398	-73.99852205	494	40.74734825	-73.99723551	1
0	22	11119	2021	40.75929124	-73.98859651	490	40.751551	-73.993934	1
0	22	5950	540	40.74147286	-73.98320928	442	40.746647	-73.993915	1
0	22	2962	478	40.76030096	-73.99884222	228	40.7546011026	-73.971878855	1
0	22	17286	536	40.74144387	-73.97536082	237	40.73047309	-73.98672378	1
0	22	47731	364	40.68900443	-73.96023854	416	40.68753406	-73.97265183	1
0	22	20706	306	40.70823502	-74.00530063	331	40.71173107	-73.99193043	1
0	22	35762	312	40.722055	-73.989111	311	40.7172274	-73.98802084	1
0	22	13100	430	40.7014851	-73.98656928	414	40.70281858	-73.98765762	1
0	22	13987	433	40.72955361	-73.98057249	326	40.72953837	-73.98426726	1
0	22	60652	447	40.76370739	-73.9851615	2012	40.739445	-73.976806	1
0	22	4412	285	40.73454567	-73.99074142	459	40.746745	-74.007756	1
0	22	47896	311	40.7172274	-73.98802084	306	40.70823502	-74.00530063	1
0	22	25392	311	40.7172274	-73.98802084	341	40.71782143	-73.97628939	1
0	22	17148	79	40.71911552	-74.00666661	116	40.74177603	-74.00149746	1
0	22	43656	486	40.7462009	-73.98855723	528	40.74290902	-73.97706058	1
0	22	44595	509	40.7454973	-74.00197139	83	40.68382604	-73.97632328	1
0	22	19598	280	40.73331967	-73.99510132	439	40.7262807	-73.98978041	1
0	22	10099	498	40.74854862	-73.98808416	446	40.74487634	-73.99529885	1
0	22	46196	362	40.75172632	-73.98753523	300	40.728145	-73.990214	1
0	22	24834	297	40.734232	-73.986923	487	40.73314259	-73.97573881	1
0	22	18137	2021	40.75929124	-73.98859651	513	40.768254	-73.988639	1
0	22	15341	498	40.74854862	-73.98808416	537	40.74025878	-73.98409214	1
0	22	4409	242	40.69788349	-73.97350332	430	40.7014851	-73.98656928	1
0	22	2782	497	40.73704984	-73.99009296	223	40.73781509	-73.99994661	1
0	22	23912	236	40.7284186	-73.98713956	474	40.7451677	-73.98683077	1
0	22	36717	426	40.71754834	-74.01322069	295	40.71406667	-73.99293911	1
0	22	23650	494	40.74734825	-73.99723551	497	40.73704984	-73.99009296	1
0	22	16639	462	40.74691959	-74.00451887	488	40.75645824	-73.99372222	1
0	22	1114	483	40.73223272	-73.98889957	375	40.72679454	-73.99695094	1
0	22	16235	483	40.73223272	-73.98889957	531	40.71893904	-73.99266288	1
0	22	34281	2021	40.75929124	-73.98859651	228	40.7546011026	-73.971878855	1
0	22	16608	358	40.73291553	-74.00711384	368	40.73038599	-74.00214988	1
0	22	25187	368	40.73038599	-74.00214988	358	40.73291553	-74.00711384	1
0	22	9876	301	40.72217444	-73.98368779	151	40.7218158	-73.99720307	1
0	22	45288	458	40.751396	-74.005226	472	40.7457121	-73.98194829	1
0	22	4748	380	40.73401143	-74.00293877	386	40.71494807	-74.00234482	1
0	22	15278	537	40.74025878	-73.98409214	483	40.73223272	-73.98889957	1
0	22	7292	336	40.73047747	-73.99906065	257	40.71939226	-74.00247214	1
0	22	50286	412	40.7158155	-73.99422366	420	40.68764484	-73.96968902	1
0	22	34120	369	40.73224119	-74.00026394	325	40.73624527	-73.98473765	1
0	22	5070	345	40.73649403	-73.99704374	285	40.73454567	-73.99074142	1
0	22	12994	540	40.74147286	-73.98320928	504	40.73221853	-73.98165557	1
0	22	11944	323	40.69236178	-73.98631746	317	40.72453734	-73.98185424	1
0	22	33315	482	40.73935542	-73.99931783	336	40.73047747	-73.99906065	1
0	22	8107	2008	40.70569254	-74.01677685	417	40.71291224	-74.01020234	1
0	22	2551	459	40.746745	-74.007756	488	40.75645824	-73.99372222	1
0	22	71638	268	40.71910537	-73.99973337	399	40.68851534	-73.9647628	2
0	22	49976	254	40.73532427	-73.99800419	334	40.74238787	-73.99726235	2
0	22	18254	450	40.76227205	-73.98788205	479	40.76019252	-73.9912551	1
0	22	8668	498	40.74854862	-73.98808416	442	40.746647	-73.993915	1
0	22	8912	334	40.74238787	-73.99726235	334	40.74238787	-73.99726235	1
0	22	62048	317	40.72453734	-73.98185424	359	40.75510267	-73.97498696	1
0	22	43121	433	40.72955361	-73.98057249	507	40.73912601	-73.97973776	1
0	22	15667	494	40.74734825	-73.99723551	521	40.75044999	-73.99481051	2
0	22	33559	345	40.73649403	-73.99704374	453	40.74475148	-73.99915362	1
0	22	3507	375	40.72679454	-73.99695094	312	40.722055	-73.989111	1
0	22	72915	481	40.71260486	-73.96264403	266	40.72368361	-73.97574813	1
0	22	15276	168	40.73971301	-73.99456405	439	40.7262807	-73.98978041	1
0	22	19957	446	40.74487634	-73.99529885	243	40.687979	-73.978474	1
0	22	41728	439	40.7262807	-73.98978041	263	40.71729	-73.996375	1
0	22	7447	355	40.71602118	-73.99974372	417	40.71291224	-74.01020234	1
0	22	1881	417	40.71291224	-74.01020234	377	40.72243797	-74.00566443	1
0	22	55301	319	40.71336124	-74.00937622	439	40.7262807	-73.98978041	1
0	22	19060	2021	40.75929124	-73.98859651	453	40.74475148	-73.99915362	1
0	22	15861	329	40.72043411	-74.01020609	328	40.72405549	-74.00965965	1
0	22	55338	284	40.7390169121	-74.0026376103	540	40.74147286	-73.98320928	1
0	22	210	358	40.73291553	-74.00711384	284	40.7390169121	-74.0026376103	1
0	22	761	502	40.714215	-73.981346	311	40.7172274	-73.98802084	1
0	22	36794	494	40.74734825	-73.99723551	472	40.7457121	-73.98194829	1
0	22	33394	479	40.76019252	-73.9912551	368	40.73038599	-74.00214988	1
0	22	8497	329	40.72043411	-74.01020609	2008	40.70569254	-74.01677685	1
0	22	51390	479	40.76019252	-73.9912551	2006	40.76590936	-73.97634151	1
0	22	236	237	40.73047309	-73.98672378	531	40.71893904	-73.99266288	1
0	22	13591	442	40.746647	-73.993915	383	40.735238	-74.000271	1
0	22	73124	386	40.71494807	-74.00234482	243	40.687979	-73.978474	3
0	22	23191	281	40.7643971	-73.97371465	477	40.75640548	-73.9900262	1
0	22	41268	293	40.73028666	-73.9907647	478	40.76030096	-73.99884222	1
0	22	513	434	40.74317449	-74.00366443	325	40.73624527	-73.98473765	1
0	22	34100	403	40.72502876	-73.99069656	433	40.72955361	-73.98057249	1
0	22	32926	428	40.72467721	-73.98783413	307	40.71427487	-73.98990025	1
0	22	18085	519	40.75188406	-73.97770164	487	40.73314259	-73.97573881	1
0	22	17425	434	40.74317449	-74.00366443	345	40.73649403	-73.99704374	1
0	22	73125	440	40.75255434	-73.97282625	116	40.74177603	-74.00149746	1
0	22	25277	531	40.71893904	-73.99266288	264	40.70706456	-74.00731853	1
0	22	17939	499	40.76915505	-73.98191841	285	40.73454567	-73.99074142	1
0	22	5866	151	40.7218158	-73.99720307	79	40.71911552	-74.00666661	1
0	22	44886	408	40.71076228	-73.99400398	307	40.71427487	-73.98990025	1
0	22	1855	488	40.75645824	-73.99372222	524	40.75527307	-73.98316936	1
0	22	9967	519	40.75188406	-73.97770164	505	40.74901271	-73.98848395	1
0	22	3448	458	40.751396	-74.005226	494	40.74734825	-73.99723551	1
0	22	54630	330	40.71450451	-74.00562789	331	40.71173107	-73.99193043	1
0	22	56385	524	40.75527307	-73.98316936	546	40.74444921	-73.98303529	1
0	22	28261	444	40.7423543	-73.98915076	267	40.75097711	-73.98765428	1
0	22	33451	498	40.74854862	-73.98808416	386	40.71494807	-74.00234482	1
0	22	50228	289	40.6845683	-73.95881081	344	40.6851443	-73.95380904	1
0	22	27884	531	40.71893904	-73.99266288	263	40.71729	-73.996375	1
0	22	53209	478	40.76030096	-73.99884222	513	40.768254	-73.988639	1
0	22	18533	268	40.71910537	-73.99973337	475	40.73524276	-73.98758561	1
0	22	1768	174	40.7381765	-73.97738662	546	40.74444921	-73.98303529	1
0	22	3424	253	40.73543934	-73.99453948	426	40.71754834	-74.01322069	1
0	22	50723	161	40.72917025	-73.99810231	2009	40.71117444	-73.99682619	1
0	22	176	294	40.73049393	-73.9957214	459	40.746745	-74.007756	1
0	22	24357	459	40.746745	-74.007756	520	40.75992262	-73.97648516	1
0	22	26533	402	40.7403432	-73.98955109	161	40.72917025	-73.99810231	1
0	22	22925	336	40.73047747	-73.99906065	236	40.7284186	-73.98713956	2
0	22	24847	439	40.7262807	-73.98978041	485	40.75038009	-73.98338988	1
0	22	21799	494	40.74734825	-73.99723551	368	40.73038599	-74.00214988	1
0	22	28131	518	40.74780373	-73.9734419	2022	40.75849116	-73.95920622	1
0	22	42194	449	40.76461837	-73.98789473	347	40.72873888	-74.00748842	1
0	22	51440	278	40.69766564	-73.98476437	414	40.70281858	-73.98765762	2
0	22	13905	499	40.76915505	-73.98191841	529	40.7575699	-73.99098507	1
0	22	19076	470	40.74345335	-74.00004031	285	40.73454567	-73.99074142	1
0	22	17882	479	40.76019252	-73.9912551	509	40.7454973	-74.00197139	1
0	22	40874	2021	40.75929124	-73.98859651	433	40.72955361	-73.98057249	1
0	22	24596	494	40.74734825	-73.99723551	494	40.74734825	-73.99723551	1
0	22	9605	325	40.73624527	-73.98473765	128	40.72710258	-74.00297088	1
0	22	22574	284	40.7390169121	-74.0026376103	252	40.73226398	-73.99852205	1
0	22	2469	539	40.71534825	-73.96024116	460	40.71285887	-73.96590294	1
0	22	39053	239	40.69196566	-73.9813018	343	40.69794	-73.96986848	1
0	22	59829	271	40.68528172	-73.97805813	436	40.68216564	-73.95399026	1
0	22	23636	2021	40.75929124	-73.98859651	223	40.73781509	-73.99994661	1
0	22	28997	402	40.7403432	-73.98955109	525	40.75594159	-74.0021163	2
0	22	11210	488	40.75645824	-73.99372222	355	40.71602118	-73.99974372	2
0	22	8580	404	40.7405826	-74.00550867	458	40.751396	-74.005226	1
0	22	34043	399	40.68851534	-73.9647628	275	40.68650065	-73.96563307	1
0	22	9949	236	40.7284186	-73.98713956	432	40.72621788	-73.98379855	1
0	22	24402	161	40.72917025	-73.99810231	2012	40.739445	-73.976806	1
0	22	12215	450	40.76227205	-73.98788205	490	40.751551	-73.993934	1
0	22	13515	368	40.73038599	-74.00214988	401	40.72019576	-73.98997825	1
0	22	73126	2006	40.76590936	-73.97634151	195	40.70905623	-74.01043382	1
0	22	2322	454	40.75455731	-73.96592976	285	40.73454567	-73.99074142	1
0	22	27745	161	40.72917025	-73.99810231	447	40.76370739	-73.9851615	1
0	22	37201	3002	40.711512	-74.015756	257	40.71939226	-74.00247214	1
0	22	55942	457	40.76695317	-73.98169333	325	40.73624527	-73.98473765	1
0	22	5272	323	40.69236178	-73.98631746	268	40.71910537	-73.99973337	1
0	22	9924	285	40.73454567	-73.99074142	336	40.73047747	-73.99906065	1
0	22	22627	439	40.7262807	-73.98978041	540	40.74147286	-73.98320928	2
0	22	45519	312	40.722055	-73.989111	482	40.73935542	-73.99931783	1
0	22	13982	326	40.72953837	-73.98426726	507	40.73912601	-73.97973776	1
0	22	18806	402	40.7403432	-73.98955109	2003	40.73416059	-73.98024289	1
0	22	926	540	40.74147286	-73.98320928	466	40.74395411	-73.99144871	1
0	22	54261	470	40.74345335	-74.00004031	346	40.73652889	-74.00618026	2
0	22	7377	229	40.72743423	-73.99379025	466	40.74395411	-73.99144871	1
0	22	34342	488	40.75645824	-73.99372222	447	40.76370739	-73.9851615	1
0	22	22879	2021	40.75929124	-73.98859651	449	40.76461837	-73.98789473	1
0	22	16209	161	40.72917025	-73.99810231	325	40.73624527	-73.98473765	1
0	22	30685	257	40.71939226	-74.00247214	539	40.71534825	-73.96024116	1
0	22	25927	422	40.770513	-73.988038	444	40.7423543	-73.98915076	2
0	22	24681	487	40.73314259	-73.97573881	540	40.74147286	-73.98320928	1
0	22	63203	468	40.7652654	-73.98192338	301	40.72217444	-73.98368779	1
0	22	12890	249	40.71870987	-74.0090009	238	40.7361967	-74.00859207	2
0	22	16960	511	40.72938685	-73.97772429	511	40.72938685	-73.97772429	1
0	22	47189	350	40.71559509	-73.9870295	536	40.74144387	-73.97536082	1
0	22	28667	504	40.73221853	-73.98165557	528	40.74290902	-73.97706058	1
0	22	20978	528	40.74290902	-73.97706058	454	40.75455731	-73.96592976	1
0	22	11378	472	40.7457121	-73.98194829	294	40.73049393	-73.9957214	1
0	22	28329	463	40.74206539	-74.00443172	401	40.72019576	-73.98997825	1
0	22	11606	469	40.76344058	-73.98268129	540	40.74147286	-73.98320928	1
0	22	469	513	40.768254	-73.988639	490	40.751551	-73.993934	1
0	22	14399	383	40.735238	-74.000271	151	40.7218158	-73.99720307	1
0	22	21444	212	40.74334935	-74.00681753	347	40.72873888	-74.00748842	1
0	22	21894	324	40.689888	-73.981013	399	40.68851534	-73.9647628	1
0	22	13763	488	40.75645824	-73.99372222	434	40.74317449	-74.00366443	1
0	22	12622	479	40.76019252	-73.9912551	2021	40.75929124	-73.98859651	1
0	22	51894	247	40.73535398	-74.00483091	432	40.72621788	-73.98379855	1
0	22	23675	432	40.72621788	-73.98379855	410	40.72066442	-73.98517977	1
0	22	1734	497	40.73704984	-73.99009296	167	40.7489006	-73.97604882	1
0	22	20050	453	40.74475148	-73.99915362	3002	40.711512	-74.015756	1
0	22	8102	404	40.7405826	-74.00550867	285	40.73454567	-73.99074142	1
0	22	23019	361	40.71605866	-73.99190759	295	40.71406667	-73.99293911	1
0	22	51369	453	40.74475148	-73.99915362	297	40.734232	-73.986923	1
0	22	27411	412	40.7158155	-73.99422366	408	40.71076228	-73.99400398	1
0	22	21800	475	40.73524276	-73.98758561	505	40.74901271	-73.98848395	1
0	22	41639	529	40.7575699	-73.99098507	405	40.739323	-74.008119	1
0	22	6448	519	40.75188406	-73.97770164	253	40.73543934	-73.99453948	1
0	22	28304	326	40.72953837	-73.98426726	422	40.770513	-73.988038	1
0	22	1689	428	40.72467721	-73.98783413	229	40.72743423	-73.99379025	1
0	22	44531	243	40.687979	-73.978474	285	40.73454567	-73.99074142	1
0	22	5154	499	40.76915505	-73.98191841	422	40.770513	-73.988038	1
0	22	34905	433	40.72955361	-73.98057249	307	40.71427487	-73.98990025	1
0	22	7486	404	40.7405826	-74.00550867	334	40.74238787	-73.99726235	1
0	22	1119	521	40.75044999	-73.99481051	463	40.74206539	-74.00443172	1
0	22	40588	2017	40.75022392	-73.97121414	280	40.73331967	-73.99510132	1
0	22	2736	369	40.73224119	-74.00026394	435	40.74173969	-73.99415556	1
0	22	73127	423	40.76584941	-73.98690506	2022	40.75849116	-73.95920622	1
0	22	71780	303	40.72362738	-73.99949601	2017	40.75022392	-73.97121414	1
0	22	39824	358	40.73291553	-74.00711384	410	40.72066442	-73.98517977	1
0	22	69124	358	40.73291553	-74.00711384	385	40.75797322	-73.96603308	1
0	22	3833	459	40.746745	-74.007756	347	40.72873888	-74.00748842	1
0	22	34404	358	40.73291553	-74.00711384	490	40.751551	-73.993934	2
0	22	14750	352	40.76340613	-73.97722479	498	40.74854862	-73.98808416	1
0	22	43582	546	40.74444921	-73.98303529	294	40.73049393	-73.9957214	1
0	22	35636	346	40.73652889	-74.00618026	116	40.74177603	-74.00149746	2
0	22	1133	477	40.75640548	-73.9900262	450	40.76227205	-73.98788205	1
0	22	43629	517	40.75149263	-73.97798848	479	40.76019252	-73.9912551	1
0	22	14175	352	40.76340613	-73.97722479	513	40.768254	-73.988639	1
0	22	8933	410	40.72066442	-73.98517977	295	40.71406667	-73.99293911	1
0	22	40151	422	40.770513	-73.988038	3002	40.711512	-74.015756	1
0	22	11854	294	40.73049393	-73.9957214	2012	40.739445	-73.976806	2
0	22	3618	382	40.73492695	-73.99200509	404	40.7405826	-74.00550867	1
0	22	10881	477	40.75640548	-73.9900262	478	40.76030096	-73.99884222	1
0	22	6333	316	40.70955958	-74.00653609	2004	40.724399	-74.004704	1
0	22	52397	225	40.74195138	-74.00803013	433	40.72955361	-73.98057249	1
0	22	72114	446	40.74487634	-73.99529885	367	40.75828065	-73.97069431	1
0	22	9375	2000	40.70255088	-73.98940236	503	40.73827428	-73.98751968	1
0	22	22224	2023	40.75968085	-73.97031366	528	40.74290902	-73.97706058	1
0	22	12828	502	40.714215	-73.981346	307	40.71427487	-73.98990025	2
0	22	30033	152	40.71473993	-74.00910627	529	40.7575699	-73.99098507	1
0	22	31723	519	40.75188406	-73.97770164	439	40.7262807	-73.98978041	1
0	22	1696	446	40.74487634	-73.99529885	168	40.73971301	-73.99456405	1
0	22	30196	152	40.71473993	-74.00910627	316	40.70955958	-74.00653609	2
0	22	14	499	40.76915505	-73.98191841	352	40.76340613	-73.97722479	1
0	22	73128	251	40.72317958	-73.99480012	120	40.68676793	-73.95928168	1
0	22	18585	521	40.75044999	-73.99481051	346	40.73652889	-74.00618026	1
0	22	2304	415	40.7047177	-74.00926027	264	40.70706456	-74.00731853	1
0	22	34969	127	40.73172428	-74.00674436	540	40.74147286	-73.98320928	1
0	22	33587	531	40.71893904	-73.99266288	375	40.72679454	-73.99695094	1
0	22	26825	479	40.76019252	-73.9912551	285	40.73454567	-73.99074142	1
0	22	4936	517	40.75149263	-73.97798848	492	40.75019995	-73.99093085	1
0	22	28806	479	40.76019252	-73.9912551	127	40.73172428	-74.00674436	1
0	22	12423	265	40.72229346	-73.99147535	410	40.72066442	-73.98517977	1
0	22	2448	465	40.75513557	-73.98658032	444	40.7423543	-73.98915076	1
0	22	58936	546	40.74444921	-73.98303529	295	40.71406667	-73.99293911	1
