0	5	18308	306	40.70823502	-74.00530063	507	40.73912601	-73.97973776	1
0	5	68246	2009	40.71117444	-73.99682619	492	40.75019995	-73.99093085	1
0	5	9688	329	40.72043411	-74.01020609	329	40.72043411	-74.01020609	1
0	5	54667	325	40.73624527	-73.98473765	361	40.71605866	-73.99190759	1
0	5	11071	247	40.73535398	-74.00483091	320	40.71743998	-74.00583475	2
0	5	21584	325	40.73624527	-73.98473765	401	40.72019576	-73.98997825	2
0	5	24194	368	40.73038599	-74.00214988	309	40.7149787	-74.013012	1
0	5	30205	453	40.74475148	-73.99915362	525	40.75594159	-74.0021163	1
0	5	11395	458	40.751396	-74.005226	402	40.7403432	-73.98955109	1
0	5	967	529	40.7575699	-73.99098507	281	40.7643971	-73.97371465	1
0	5	533	432	40.72621788	-73.98379855	229	40.72743423	-73.99379025	1
0	5	551	507	40.73912601	-73.97973776	403	40.72502876	-73.99069656	1
0	5	5103	236	40.7284186	-73.98713956	401	40.72019576	-73.98997825	1
0	5	24197	312	40.722055	-73.989111	295	40.71406667	-73.99293911	1
0	5	24567	345	40.73649403	-73.99704374	499	40.76915505	-73.98191841	1
0	5	7665	320	40.71743998	-74.00583475	3002	40.711512	-74.015756	2
0	5	740	477	40.75640548	-73.9900262	367	40.75828065	-73.97069431	1
0	5	18417	528	40.74290902	-73.97706058	511	40.72938685	-73.97772429	1
0	5	35202	432	40.72621788	-73.98379855	337	40.7037992	-74.00838676	1
0	5	13582	317	40.72453734	-73.98185424	326	40.72953837	-73.98426726	1
0	5	1379	515	40.76009437	-73.99461843	490	40.751551	-73.993934	2
0	5	35196	385	40.75797322	-73.96603308	307	40.71427487	-73.98990025	1
0	5	8162	212	40.74334935	-74.00681753	402	40.7403432	-73.98955109	1
0	5	30023	290	40.76020258	-73.96478473	325	40.73624527	-73.98473765	1
0	5	54029	361	40.71605866	-73.99190759	167	40.7489006	-73.97604882	1
0	5	557	380	40.73401143	-74.00293877	229	40.72743423	-73.99379025	1
0	5	29721	327	40.7153379	-74.01658354	415	40.7047177	-74.00926027	1
0	5	6684	412	40.7158155	-73.99422366	268	40.71910537	-73.99973337	1
0	5	23125	284	40.7390169121	-74.0026376103	380	40.73401143	-74.00293877	1
0	5	64877	406	40.69512845	-73.99595065	278	40.69766564	-73.98476437	1
0	5	5010	238	40.7361967	-74.00859207	116	40.74177603	-74.00149746	1
0	5	38279	238	40.7361967	-74.00859207	358	40.73291553	-74.00711384	1
0	5	7876	453	40.74475148	-73.99915362	521	40.75044999	-73.99481051	1
0	5	38078	280	40.73331967	-73.99510132	402	40.7403432	-73.98955109	1
0	5	20073	521	40.75044999	-73.99481051	281	40.7643971	-73.97371465	1
0	5	1102	301	40.72217444	-73.98368779	518	40.74780373	-73.9734419	1
0	5	581	128	40.72710258	-74.00297088	229	40.72743423	-73.99379025	1
0	5	1097	477	40.75640548	-73.9900262	536	40.74144387	-73.97536082	1
0	5	37385	357	40.73261787	-73.99158043	546	40.74444921	-73.98303529	1
0	5	8612	251	40.72317958	-73.99480012	486	40.7462009	-73.98855723	1
0	5	590	427	40.70251526	-74.01427023	463	40.74206539	-74.00443172	1
0	5	585	485	40.75038009	-73.98338988	499	40.76915505	-73.98191841	1
0	5	554	355	40.71602118	-73.99974372	329	40.72043411	-74.01020609	1
0	5	25265	445	40.72740794	-73.98142006	323	40.69236178	-73.98631746	1
0	5	9253	454	40.75455731	-73.96592976	367	40.75828065	-73.97069431	1
0	5	1482	453	40.74475148	-73.99915362	444	40.7423543	-73.98915076	1
0	5	43879	363	40.70834698	-74.01713445	320	40.71743998	-74.00583475	1
0	5	1384	508	40.76341379	-73.99667444	127	40.73172428	-74.00674436	1
0	5	68247	278	40.69766564	-73.98476437	377	40.72243797	-74.00566443	1
0	5	4831	490	40.751551	-73.993934	469	40.76344058	-73.98268129	1
0	5	1261	380	40.73401143	-74.00293877	212	40.74334935	-74.00681753	1
0	5	68248	373	40.69331716	-73.95381995	298	40.68683208	-73.9796772	1
0	5	595	521	40.75044999	-73.99481051	459	40.746745	-74.007756	1
0	5	23663	229	40.72743423	-73.99379025	355	40.71602118	-73.99974372	1
0	5	39807	434	40.74317449	-74.00366443	513	40.768254	-73.988639	1
0	5	6936	490	40.751551	-73.993934	536	40.74144387	-73.97536082	1
0	5	9215	462	40.74691959	-74.00451887	116	40.74177603	-74.00149746	2
0	5	3018	2008	40.70569254	-74.01677685	327	40.7153379	-74.01658354	1
0	5	1800	477	40.75640548	-73.9900262	281	40.7643971	-73.97371465	1
0	5	618	521	40.75044999	-73.99481051	462	40.74691959	-74.00451887	1
0	5	4456	421	40.69573398	-73.97129668	324	40.689888	-73.981013	1
0	5	837	492	40.75019995	-73.99093085	318	40.75320159	-73.9779874	1
0	5	47577	445	40.72740794	-73.98142006	297	40.734232	-73.986923	1
0	5	18207	398	40.69165183	-73.9999786	313	40.69610226	-73.96751037	1
0	5	13447	511	40.72938685	-73.97772429	168	40.73971301	-73.99456405	1
0	5	9613	254	40.73532427	-73.99800419	485	40.75038009	-73.98338988	1
0	5	34767	416	40.68753406	-73.97265183	218	40.69028437	-73.98707105	1
0	5	10007	391	40.69760127	-73.99344559	322	40.696192	-73.991218	1
0	5	2517	280	40.73331967	-73.99510132	382	40.73492695	-73.99200509	1
0	5	24224	436	40.68216564	-73.95399026	298	40.68683208	-73.9796772	1
0	5	23283	453	40.74475148	-73.99915362	325	40.73624527	-73.98473765	1
0	5	8773	444	40.7423543	-73.98915076	345	40.73649403	-73.99704374	1
0	5	2769	515	40.76009437	-73.99461843	352	40.76340613	-73.97722479	1
0	5	4264	488	40.75645824	-73.99372222	522	40.75714758	-73.97207836	1
0	5	30104	297	40.734232	-73.986923	347	40.72873888	-74.00748842	1
0	5	6589	488	40.75645824	-73.99372222	388	40.749717753	-74.002950346	1
0	5	8070	485	40.75038009	-73.98338988	472	40.7457121	-73.98194829	1
0	5	3619	417	40.71291224	-74.01020234	2004	40.724399	-74.004704	1
0	5	622	477	40.75640548	-73.9900262	137	40.761628	-73.972924	1
0	5	2512	3002	40.711512	-74.015756	309	40.7149787	-74.013012	1
0	5	624	529	40.7575699	-73.99098507	456	40.7597108	-73.97402311	1
0	5	11800	495	40.76269882	-73.99301222	334	40.74238787	-73.99726235	1
0	5	1911	432	40.72621788	-73.98379855	293	40.73028666	-73.9907647	1
0	5	18954	116	40.74177603	-74.00149746	318	40.75320159	-73.9779874	1
0	5	26006	523	40.75466591	-73.99138152	466	40.74395411	-73.99144871	1
0	5	9000	407	40.700469	-73.991454	310	40.68926942	-73.98912867	1
0	5	16999	265	40.72229346	-73.99147535	168	40.73971301	-73.99456405	1
0	5	24230	247	40.73535398	-74.00483091	537	40.74025878	-73.98409214	1
0	5	639	368	40.73038599	-74.00214988	383	40.735238	-74.000271	1
0	5	1159	529	40.7575699	-73.99098507	359	40.75510267	-73.97498696	1
0	5	67423	466	40.74395411	-73.99144871	522	40.75714758	-73.97207836	1
0	5	13256	363	40.70834698	-74.01713445	459	40.746745	-74.007756	1
0	5	54757	529	40.7575699	-73.99098507	516	40.75206862	-73.96784384	1
0	5	53123	540	40.74147286	-73.98320928	377	40.72243797	-74.00566443	1
0	5	3502	422	40.770513	-73.988038	2003	40.73416059	-73.98024289	1
0	5	21301	268	40.71910537	-73.99973337	150	40.7208736	-73.98085795	1
0	5	56430	521	40.75044999	-73.99481051	511	40.72938685	-73.97772429	1
0	5	24218	454	40.75455731	-73.96592976	533	40.75299641	-73.98721619	1
0	5	623	2004	40.724399	-74.004704	151	40.7218158	-73.99720307	1
0	5	633	290	40.76020258	-73.96478473	522	40.75714758	-73.97207836	1
0	5	44466	223	40.73781509	-73.99994661	72	40.76727216	-73.99392888	1
0	5	5940	521	40.75044999	-73.99481051	318	40.75320159	-73.9779874	1
0	5	15212	160	40.748238	-73.978311	490	40.751551	-73.993934	1
0	5	68249	512	40.7500727	-73.99839279	137	40.761628	-73.972924	1
0	5	576	511	40.72938685	-73.97772429	536	40.74144387	-73.97536082	1
0	5	2748	519	40.75188406	-73.97770164	335	40.72903917	-73.99404649	1
0	5	25727	536	40.74144387	-73.97536082	517	40.75149263	-73.97798848	1
0	5	3811	482	40.73935542	-73.99931783	519	40.75188406	-73.97770164	1
0	5	16366	465	40.75513557	-73.98658032	546	40.74444921	-73.98303529	1
0	5	13456	297	40.734232	-73.986923	375	40.72679454	-73.99695094	1
0	5	3710	519	40.75188406	-73.97770164	168	40.73971301	-73.99456405	1
0	5	1011	152	40.71473993	-74.00910627	499	40.76915505	-73.98191841	1
0	5	686	529	40.7575699	-73.99098507	305	40.76095756	-73.96724467	1
0	5	805	422	40.770513	-73.988038	359	40.75510267	-73.97498696	1
0	5	1065	521	40.75044999	-73.99481051	525	40.75594159	-74.0021163	1
0	5	9418	281	40.7643971	-73.97371465	281	40.7643971	-73.97371465	1
0	5	496	340	40.71269042	-73.98776323	351	40.70530954	-74.00612572	1
0	5	16495	369	40.73224119	-74.00026394	293	40.73028666	-73.9907647	1
0	5	687	466	40.74395411	-73.99144871	520	40.75992262	-73.97648516	1
0	5	917	504	40.73221853	-73.98165557	2012	40.739445	-73.976806	1
0	5	556	447	40.76370739	-73.9851615	510	40.7606597	-73.98042047	1
0	5	38579	480	40.76669671	-73.99061728	449	40.76461837	-73.98789473	1
0	5	971	529	40.7575699	-73.99098507	457	40.76695317	-73.98169333	1
0	5	7958	492	40.75019995	-73.99093085	238	40.7361967	-74.00859207	1
0	5	5123	511	40.72938685	-73.97772429	537	40.74025878	-73.98409214	1
0	5	691	336	40.73047747	-73.99906065	405	40.739323	-74.008119	1
0	5	3218	517	40.75149263	-73.97798848	528	40.74290902	-73.97706058	1
0	5	3825	469	40.76344058	-73.98268129	529	40.7575699	-73.99098507	1
0	5	59036	540	40.74147286	-73.98320928	83	40.68382604	-73.97632328	1
0	5	9930	540	40.74147286	-73.98320928	402	40.7403432	-73.98955109	1
0	5	17547	466	40.74395411	-73.99144871	318	40.75320159	-73.9779874	1
0	5	3817	157	40.69089272	-73.99612349	143	40.69239502	-73.99337909	1
0	5	14442	247	40.73535398	-74.00483091	459	40.746745	-74.007756	1
0	5	1527	509	40.7454973	-74.00197139	284	40.7390169121	-74.0026376103	1
0	5	722	318	40.75320159	-73.9779874	173	40.76064679	-73.98442659	1
0	5	16141	465	40.75513557	-73.98658032	533	40.75299641	-73.98721619	1
0	5	761	502	40.714215	-73.981346	311	40.7172274	-73.98802084	1
0	5	739	359	40.75510267	-73.97498696	510	40.7606597	-73.98042047	1
0	5	61843	248	40.72185379	-74.00771779	2021	40.75929124	-73.98859651	1
0	5	21425	248	40.72185379	-74.00771779	147	40.71542197	-74.01121978	1
0	5	708	363	40.70834698	-74.01713445	387	40.71273266	-74.0046073	1
0	5	1864	433	40.72955361	-73.98057249	285	40.73454567	-73.99074142	1
0	5	7161	528	40.74290902	-73.97706058	472	40.7457121	-73.98194829	1
0	5	4825	270	40.69308257	-73.97178913	458	40.751396	-74.005226	1
0	5	24197	312	40.722055	-73.989111	295	40.71406667	-73.99293911	1
0	5	24567	345	40.73649403	-73.99704374	499	40.76915505	-73.98191841	1
0	5	7665	320	40.71743998	-74.00583475	3002	40.711512	-74.015756	2
0	5	740	477	40.75640548	-73.9900262	367	40.75828065	-73.97069431	1
0	5	18417	528	40.74290902	-73.97706058	511	40.72938685	-73.97772429	1
0	5	35202	432	40.72621788	-73.98379855	337	40.7037992	-74.00838676	1
0	5	13582	317	40.72453734	-73.98185424	326	40.72953837	-73.98426726	1
0	5	1379	515	40.76009437	-73.99461843	490	40.751551	-73.993934	2
0	5	35196	385	40.75797322	-73.96603308	307	40.71427487	-73.98990025	1
0	5	8162	212	40.74334935	-74.00681753	402	40.7403432	-73.98955109	1
0	5	30023	290	40.76020258	-73.96478473	325	40.73624527	-73.98473765	1
0	5	54029	361	40.71605866	-73.99190759	167	40.7489006	-73.97604882	1
0	5	557	380	40.73401143	-74.00293877	229	40.72743423	-73.99379025	1
0	5	29721	327	40.7153379	-74.01658354	415	40.7047177	-74.00926027	1
0	5	6684	412	40.7158155	-73.99422366	268	40.71910537	-73.99973337	1
0	5	23125	284	40.7390169121	-74.0026376103	380	40.73401143	-74.00293877	1
0	5	64877	406	40.69512845	-73.99595065	278	40.69766564	-73.98476437	1
0	5	5010	238	40.7361967	-74.00859207	116	40.74177603	-74.00149746	1
0	5	38279	238	40.7361967	-74.00859207	358	40.73291553	-74.00711384	1
0	5	7876	453	40.74475148	-73.99915362	521	40.75044999	-73.99481051	1
0	5	38078	280	40.73331967	-73.99510132	402	40.7403432	-73.98955109	1
0	5	20073	521	40.75044999	-73.99481051	281	40.7643971	-73.97371465	1
0	5	1102	301	40.72217444	-73.98368779	518	40.74780373	-73.9734419	1
0	5	581	128	40.72710258	-74.00297088	229	40.72743423	-73.99379025	1
0	5	1097	477	40.75640548	-73.9900262	536	40.74144387	-73.97536082	1
0	5	37385	357	40.73261787	-73.99158043	546	40.74444921	-73.98303529	1
0	5	8612	251	40.72317958	-73.99480012	486	40.7462009	-73.98855723	1
0	5	590	427	40.70251526	-74.01427023	463	40.74206539	-74.00443172	1
0	5	585	485	40.75038009	-73.98338988	499	40.76915505	-73.98191841	1
0	5	554	355	40.71602118	-73.99974372	329	40.72043411	-74.01020609	1
0	5	25265	445	40.72740794	-73.98142006	323	40.69236178	-73.98631746	1
0	5	9253	454	40.75455731	-73.96592976	367	40.75828065	-73.97069431	1
0	5	1482	453	40.74475148	-73.99915362	444	40.7423543	-73.98915076	1
0	5	43879	363	40.70834698	-74.01713445	320	40.71743998	-74.00583475	1
0	5	1384	508	40.76341379	-73.99667444	127	40.73172428	-74.00674436	1
0	5	68247	278	40.69766564	-73.98476437	377	40.72243797	-74.00566443	1
0	5	4831	490	40.751551	-73.993934	469	40.76344058	-73.98268129	1
0	5	1261	380	40.73401143	-74.00293877	212	40.74334935	-74.00681753	1
0	5	68248	373	40.69331716	-73.95381995	298	40.68683208	-73.9796772	1
0	5	595	521	40.75044999	-73.99481051	459	40.746745	-74.007756	1
0	5	23663	229	40.72743423	-73.99379025	355	40.71602118	-73.99974372	1
0	5	39807	434	40.74317449	-74.00366443	513	40.768254	-73.988639	1
0	5	6936	490	40.751551	-73.993934	536	40.74144387	-73.97536082	1
0	5	9215	462	40.74691959	-74.00451887	116	40.74177603	-74.00149746	2
0	5	3018	2008	40.70569254	-74.01677685	327	40.7153379	-74.01658354	1
0	5	1800	477	40.75640548	-73.9900262	281	40.7643971	-73.97371465	1
0	5	618	521	40.75044999	-73.99481051	462	40.74691959	-74.00451887	1
0	5	4456	421	40.69573398	-73.97129668	324	40.689888	-73.981013	1
0	5	837	492	40.75019995	-73.99093085	318	40.75320159	-73.9779874	1
0	5	47577	445	40.72740794	-73.98142006	297	40.734232	-73.986923	1
0	5	18207	398	40.69165183	-73.9999786	313	40.69610226	-73.96751037	1
0	5	13447	511	40.72938685	-73.97772429	168	40.73971301	-73.99456405	1
0	5	9613	254	40.73532427	-73.99800419	485	40.75038009	-73.98338988	1
0	5	34767	416	40.68753406	-73.97265183	218	40.69028437	-73.98707105	1
0	5	10007	391	40.69760127	-73.99344559	322	40.696192	-73.991218	1
0	5	2517	280	40.73331967	-73.99510132	382	40.73492695	-73.99200509	1
0	5	24224	436	40.68216564	-73.95399026	298	40.68683208	-73.9796772	1
0	5	23283	453	40.74475148	-73.99915362	325	40.73624527	-73.98473765	1
0	5	8773	444	40.7423543	-73.98915076	345	40.73649403	-73.99704374	1
0	5	2769	515	40.76009437	-73.99461843	352	40.76340613	-73.97722479	1
0	5	4264	488	40.75645824	-73.99372222	522	40.75714758	-73.97207836	1
0	5	30104	297	40.734232	-73.986923	347	40.72873888	-74.00748842	1
0	5	6589	488	40.75645824	-73.99372222	388	40.749717753	-74.002950346	1
0	5	8070	485	40.75038009	-73.98338988	472	40.7457121	-73.98194829	1
0	5	3619	417	40.71291224	-74.01020234	2004	40.724399	-74.004704	1
0	5	622	477	40.75640548	-73.9900262	137	40.761628	-73.972924	1
0	5	2512	3002	40.711512	-74.015756	309	40.7149787	-74.013012	1
0	5	624	529	40.7575699	-73.99098507	456	40.7597108	-73.97402311	1
0	5	11800	495	40.76269882	-73.99301222	334	40.74238787	-73.99726235	1
0	5	1911	432	40.72621788	-73.98379855	293	40.73028666	-73.9907647	1
0	5	18954	116	40.74177603	-74.00149746	318	40.75320159	-73.9779874	1
0	5	26006	523	40.75466591	-73.99138152	466	40.74395411	-73.99144871	1
0	5	9000	407	40.700469	-73.991454	310	40.68926942	-73.98912867	1
0	5	53129	322	40.696192	-73.991218	345	40.73649403	-73.99704374	1
0	5	16999	265	40.72229346	-73.99147535	168	40.73971301	-73.99456405	1
0	5	24230	247	40.73535398	-74.00483091	537	40.74025878	-73.98409214	1
0	5	639	368	40.73038599	-74.00214988	383	40.735238	-74.000271	1
0	5	1159	529	40.7575699	-73.99098507	359	40.75510267	-73.97498696	1
0	5	67423	466	40.74395411	-73.99144871	522	40.75714758	-73.97207836	1
0	5	13256	363	40.70834698	-74.01713445	459	40.746745	-74.007756	1
0	5	54757	529	40.7575699	-73.99098507	516	40.75206862	-73.96784384	1
0	5	53123	540	40.74147286	-73.98320928	377	40.72243797	-74.00566443	1
0	5	3502	422	40.770513	-73.988038	2003	40.73416059	-73.98024289	1
0	5	21301	268	40.71910537	-73.99973337	150	40.7208736	-73.98085795	1
0	5	56430	521	40.75044999	-73.99481051	511	40.72938685	-73.97772429	1
0	5	24218	454	40.75455731	-73.96592976	533	40.75299641	-73.98721619	1
0	5	623	2004	40.724399	-74.004704	151	40.7218158	-73.99720307	1
0	5	633	290	40.76020258	-73.96478473	522	40.75714758	-73.97207836	1
0	5	44466	223	40.73781509	-73.99994661	72	40.76727216	-73.99392888	1
0	5	5940	521	40.75044999	-73.99481051	318	40.75320159	-73.9779874	1
0	5	15212	160	40.748238	-73.978311	490	40.751551	-73.993934	1
0	5	68249	512	40.7500727	-73.99839279	137	40.761628	-73.972924	1
0	5	576	511	40.72938685	-73.97772429	536	40.74144387	-73.97536082	1
0	5	2748	519	40.75188406	-73.97770164	335	40.72903917	-73.99404649	1
0	5	1431	223	40.73781509	-73.99994661	223	40.73781509	-73.99994661	1
0	5	25727	536	40.74144387	-73.97536082	517	40.75149263	-73.97798848	1
0	5	3811	482	40.73935542	-73.99931783	519	40.75188406	-73.97770164	1
0	5	16366	465	40.75513557	-73.98658032	546	40.74444921	-73.98303529	1
0	5	13456	297	40.734232	-73.986923	375	40.72679454	-73.99695094	1
0	5	3710	519	40.75188406	-73.97770164	168	40.73971301	-73.99456405	1
0	5	1011	152	40.71473993	-74.00910627	499	40.76915505	-73.98191841	1
0	5	686	529	40.7575699	-73.99098507	305	40.76095756	-73.96724467	1
0	5	805	422	40.770513	-73.988038	359	40.75510267	-73.97498696	1
0	5	1065	521	40.75044999	-73.99481051	525	40.75594159	-74.0021163	1
0	5	9418	281	40.7643971	-73.97371465	281	40.7643971	-73.97371465	1
0	5	496	340	40.71269042	-73.98776323	351	40.70530954	-74.00612572	1
0	5	20522	488	40.75645824	-73.99372222	264	40.70706456	-74.00731853	1
0	5	16495	369	40.73224119	-74.00026394	293	40.73028666	-73.9907647	1
0	5	687	466	40.74395411	-73.99144871	520	40.75992262	-73.97648516	1
0	5	55073	408	40.71076228	-73.99400398	545	40.736502	-73.97809472	1
0	5	917	504	40.73221853	-73.98165557	2012	40.739445	-73.976806	1
0	5	556	447	40.76370739	-73.9851615	510	40.7606597	-73.98042047	1
0	5	38579	480	40.76669671	-73.99061728	449	40.76461837	-73.98789473	1
0	5	1226	318	40.75320159	-73.9779874	405	40.739323	-74.008119	1
0	5	971	529	40.7575699	-73.99098507	457	40.76695317	-73.98169333	1
0	5	33840	480	40.76669671	-73.99061728	376	40.70862144	-74.00722156	1
0	5	7958	492	40.75019995	-73.99093085	238	40.7361967	-74.00859207	1
0	5	5123	511	40.72938685	-73.97772429	537	40.74025878	-73.98409214	1
0	5	691	336	40.73047747	-73.99906065	405	40.739323	-74.008119	1
0	5	3218	517	40.75149263	-73.97798848	528	40.74290902	-73.97706058	1
0	5	3825	469	40.76344058	-73.98268129	529	40.7575699	-73.99098507	1
0	5	59036	540	40.74147286	-73.98320928	83	40.68382604	-73.97632328	1
0	5	9930	540	40.74147286	-73.98320928	402	40.7403432	-73.98955109	1
0	5	17547	466	40.74395411	-73.99144871	318	40.75320159	-73.9779874	1
0	5	3817	157	40.69089272	-73.99612349	143	40.69239502	-73.99337909	1
0	5	14442	247	40.73535398	-74.00483091	459	40.746745	-74.007756	1
0	5	35201	290	40.76020258	-73.96478473	444	40.7423543	-73.98915076	1
0	5	45480	523	40.75466591	-73.99138152	511	40.72938685	-73.97772429	1
0	5	21417	358	40.73291553	-74.00711384	2008	40.70569254	-74.01677685	1
0	5	1527	509	40.7454973	-74.00197139	284	40.7390169121	-74.0026376103	1
0	5	66495	456	40.7597108	-73.97402311	309	40.7149787	-74.013012	1
0	5	722	318	40.75320159	-73.9779874	173	40.76064679	-73.98442659	1
0	5	16141	465	40.75513557	-73.98658032	533	40.75299641	-73.98721619	1
0	5	24244	289	40.6845683	-73.95881081	270	40.69308257	-73.97178913	1
0	5	35212	529	40.7575699	-73.99098507	2022	40.75849116	-73.95920622	1
0	5	761	502	40.714215	-73.981346	311	40.7172274	-73.98802084	1
0	5	28167	488	40.75645824	-73.99372222	456	40.7597108	-73.97402311	1
0	5	739	359	40.75510267	-73.97498696	510	40.7606597	-73.98042047	1
0	5	44589	512	40.7500727	-73.99839279	507	40.73912601	-73.97973776	1
0	5	61843	248	40.72185379	-74.00771779	2021	40.75929124	-73.98859651	1
0	5	21425	248	40.72185379	-74.00771779	147	40.71542197	-74.01121978	1
0	5	708	363	40.70834698	-74.01713445	387	40.71273266	-74.0046073	1
0	5	1864	433	40.72955361	-73.98057249	285	40.73454567	-73.99074142	1
0	5	725	318	40.75320159	-73.9779874	468	40.7652654	-73.98192338	1
0	5	7161	528	40.74290902	-73.97706058	472	40.7457121	-73.98194829	1
0	5	4825	270	40.69308257	-73.97178913	458	40.751396	-74.005226	1
0	5	42337	369	40.73224119	-74.00026394	459	40.746745	-74.007756	1
0	5	20122	509	40.7454973	-74.00197139	402	40.7403432	-73.98955109	1
0	5	649	327	40.7153379	-74.01658354	329	40.72043411	-74.01020609	1
0	5	23534	368	40.73038599	-74.00214988	72	40.76727216	-73.99392888	1
0	5	57341	259	40.70122128	-74.01234218	402	40.7403432	-73.98955109	1
0	5	4556	406	40.69512845	-73.99595065	143	40.69239502	-73.99337909	1
0	5	4852	490	40.751551	-73.993934	457	40.76695317	-73.98169333	1
0	5	748	490	40.751551	-73.993934	173	40.76064679	-73.98442659	1
0	5	24480	521	40.75044999	-73.99481051	475	40.73524276	-73.98758561	1
0	5	751	271	40.68528172	-73.97805813	2000	40.70255088	-73.98940236	1
0	5	778	128	40.72710258	-74.00297088	417	40.71291224	-74.01020234	1
0	5	46976	405	40.739323	-74.008119	387	40.71273266	-74.0046073	1
0	5	2915	433	40.72955361	-73.98057249	497	40.73704984	-73.99009296	1
0	5	15156	540	40.74147286	-73.98320928	492	40.75019995	-73.99093085	1
0	5	25702	488	40.75645824	-73.99372222	152	40.71473993	-74.00910627	1
0	5	1143	426	40.71754834	-74.01322069	387	40.71273266	-74.0046073	1
0	5	42112	411	40.72228087	-73.97668709	2006	40.76590936	-73.97634151	1
0	5	154	499	40.76915505	-73.98191841	281	40.7643971	-73.97371465	2
0	5	735	492	40.75019995	-73.99093085	464	40.75934501	-73.96759673	1
0	5	35396	490	40.751551	-73.993934	538	40.75795248	-73.97787642	1
0	5	34695	490	40.751551	-73.993934	504	40.73221853	-73.98165557	1
0	5	49177	521	40.75044999	-73.99481051	265	40.72229346	-73.99147535	1
0	5	42110	439	40.7262807	-73.98978041	492	40.75019995	-73.99093085	1
0	5	17990	128	40.72710258	-74.00297088	345	40.73649403	-73.99704374	1
