0	22	16580	485	40.75038009	-73.98338988	382	40.73492695	-73.99200509	1
0	22	46340	406	40.69512845	-73.99595065	418	40.70224	-73.982578	1
0	22	34916	499	40.76915505	-73.98191841	492	40.75019995	-73.99093085	1
0	22	11659	477	40.75640548	-73.9900262	477	40.75640548	-73.9900262	2
0	22	20758	303	40.72362738	-73.99949601	327	40.7153379	-74.01658354	1
0	22	54527	512	40.7500727	-73.99839279	310	40.68926942	-73.98912867	1
0	22	53906	382	40.73492695	-73.99200509	304	40.70463334	-74.01361706	2
0	22	34416	490	40.751551	-73.993934	218	40.69028437	-73.98707105	1
0	22	42722	407	40.700469	-73.991454	414	40.70281858	-73.98765762	2
0	22	26506	387	40.71273266	-74.0046073	398	40.69165183	-73.9999786	2
0	22	29323	382	40.73492695	-73.99200509	257	40.71939226	-74.00247214	2
0	22	24027	223	40.73781509	-73.99994661	345	40.73649403	-73.99704374	1
0	22	54592	2002	40.716887	-73.963198	435	40.74173969	-73.99415556	1
0	22	15876	328	40.72405549	-74.00965965	488	40.75645824	-73.99372222	1
0	22	43976	116	40.74177603	-74.00149746	2006	40.76590936	-73.97634151	1
0	22	13820	2021	40.75929124	-73.98859651	521	40.75044999	-73.99481051	1
0	22	23103	347	40.72873888	-74.00748842	281	40.7643971	-73.97371465	1
0	22	48783	326	40.72953837	-73.98426726	308	40.71307916	-73.99851193	2
0	22	31425	224	40.71146364	-74.00552427	293	40.73028666	-73.9907647	1
0	22	2290	477	40.75640548	-73.9900262	264	40.70706456	-74.00731853	1
0	22	32630	345	40.73649403	-73.99704374	264	40.70706456	-74.00731853	1
0	22	65247	480	40.76669671	-73.99061728	218	40.69028437	-73.98707105	1
0	22	65248	2000	40.70255088	-73.98940236	329	40.72043411	-74.01020609	1
0	22	53544	459	40.746745	-74.007756	438	40.72779126	-73.98564945	1
0	22	37193	432	40.72621788	-73.98379855	438	40.72779126	-73.98564945	2
0	22	65250	386	40.71494807	-74.00234482	244	40.69196035	-73.96536851	1
0	22	50746	144	40.69839895	-73.98068914	144	40.69839895	-73.98068914	2
0	22	35526	252	40.73226398	-73.99852205	290	40.76020258	-73.96478473	1
0	22	65251	265	40.72229346	-73.99147535	510	40.7606597	-73.98042047	1
0	22	41966	453	40.74475148	-73.99915362	349	40.71850211	-73.98329859	1
0	22	32502	380	40.73401143	-74.00293877	514	40.76087502	-74.00277668	1
0	22	65252	267	40.75097711	-73.98765428	263	40.71729	-73.996375	1
0	22	22858	174	40.7381765	-73.97738662	392	40.695065	-73.987167	1
0	22	65253	507	40.73912601	-73.97973776	271	40.68528172	-73.97805813	1
0	22	65254	432	40.72621788	-73.98379855	390	40.69221589	-73.9842844	1
0	22	13380	526	40.74765947	-73.98490707	475	40.73524276	-73.98758561	1
0	22	33227	328	40.72405549	-74.00965965	508	40.76341379	-73.99667444	1
0	22	8	490	40.751551	-73.993934	438	40.72779126	-73.98564945	1
0	22	42590	546	40.74444921	-73.98303529	290	40.76020258	-73.96478473	1
0	22	37045	394	40.72521311	-73.97768752	528	40.74290902	-73.97706058	1
0	22	18983	2010	40.72165481	-74.00234737	470	40.74345335	-74.00004031	1
0	22	65255	540	40.74147286	-73.98320928	315	40.70355377	-74.00670227	1
0	22	47004	254	40.73532427	-73.99800419	224	40.71146364	-74.00552427	2
0	22	65256	276	40.71748752	-74.0104554	430	40.7014851	-73.98656928	1
0	22	65257	537	40.74025878	-73.98409214	157	40.69089272	-73.99612349	1
0	22	26863	128	40.72710258	-74.00297088	445	40.72740794	-73.98142006	1
0	22	65258	82	40.71117416	-74.00016545	461	40.73587678	-73.98205027	1
0	22	21897	499	40.76915505	-73.98191841	160	40.748238	-73.978311	1
0	22	798	459	40.746745	-74.007756	357	40.73261787	-73.99158043	1
0	22	25734	363	40.70834698	-74.01713445	276	40.71748752	-74.0104554	1
0	22	16768	507	40.73912601	-73.97973776	293	40.73028666	-73.9907647	1
0	22	6106	453	40.74475148	-73.99915362	2021	40.75929124	-73.98859651	2
0	22	32977	434	40.74317449	-74.00366443	493	40.7568001	-73.98291153	2
0	22	15034	385	40.75797322	-73.96603308	504	40.73221853	-73.98165557	1
0	22	28934	476	40.74394314	-73.97966069	329	40.72043411	-74.01020609	1
0	22	43528	307	40.71427487	-73.98990025	310	40.68926942	-73.98912867	1
0	22	35462	382	40.73492695	-73.99200509	290	40.76020258	-73.96478473	1
0	22	21304	254	40.73532427	-73.99800419	150	40.7208736	-73.98085795	1
0	22	47478	483	40.73223272	-73.98889957	83	40.68382604	-73.97632328	1
0	22	6122	251	40.72317958	-73.99480012	426	40.71754834	-74.01322069	1
0	22	35350	487	40.73314259	-73.97573881	345	40.73649403	-73.99704374	1
0	22	34410	490	40.751551	-73.993934	335	40.72903917	-73.99404649	1
0	22	20599	488	40.75645824	-73.99372222	297	40.734232	-73.986923	1
0	22	29167	326	40.72953837	-73.98426726	307	40.71427487	-73.98990025	1
0	22	52641	116	40.74177603	-74.00149746	300	40.728145	-73.990214	1
0	22	30719	464	40.75934501	-73.96759673	331	40.71173107	-73.99193043	1
0	22	65259	447	40.76370739	-73.9851615	276	40.71748752	-74.0104554	1
0	22	11686	280	40.73331967	-73.99510132	428	40.72467721	-73.98783413	2
0	22	65260	2023	40.75968085	-73.97031366	337	40.7037992	-74.00838676	1
0	22	36239	257	40.71939226	-74.00247214	435	40.74173969	-73.99415556	1
0	22	37728	516	40.75206862	-73.96784384	468	40.7652654	-73.98192338	1
0	22	30053	477	40.75640548	-73.9900262	368	40.73038599	-74.00214988	1
0	22	34312	449	40.76461837	-73.98789473	505	40.74901271	-73.98848395	1
0	22	65261	470	40.74345335	-74.00004031	394	40.72521311	-73.97768752	1
0	22	23931	529	40.7575699	-73.99098507	546	40.74444921	-73.98303529	1
0	22	47189	350	40.71559509	-73.9870295	536	40.74144387	-73.97536082	1
0	22	41557	161	40.72917025	-73.99810231	363	40.70834698	-74.01713445	1
0	22	4440	536	40.74144387	-73.97536082	492	40.75019995	-73.99093085	1
0	22	23455	483	40.73223272	-73.98889957	174	40.7381765	-73.97738662	1
0	22	40537	444	40.7423543	-73.98915076	304	40.70463334	-74.01361706	1
0	22	6090	212	40.74334935	-74.00681753	380	40.73401143	-74.00293877	1
0	22	13190	303	40.72362738	-73.99949601	470	40.74345335	-74.00004031	1
0	22	37978	438	40.72779126	-73.98564945	290	40.76020258	-73.96478473	2
0	22	24589	449	40.76461837	-73.98789473	426	40.71754834	-74.01322069	1
0	22	46928	457	40.76695317	-73.98169333	545	40.736502	-73.97809472	1
0	22	3753	545	40.736502	-73.97809472	264	40.70706456	-74.00731853	1
0	22	22844	116	40.74177603	-74.00149746	253	40.73543934	-73.99453948	1
0	22	52787	267	40.75097711	-73.98765428	528	40.74290902	-73.97706058	1
0	22	22878	426	40.71754834	-74.01322069	515	40.76009437	-73.99461843	1
0	22	3391	490	40.751551	-73.993934	463	40.74206539	-74.00443172	1
0	22	9716	488	40.75645824	-73.99372222	462	40.74691959	-74.00451887	1
0	22	47407	529	40.7575699	-73.99098507	345	40.73649403	-73.99704374	1
0	22	28120	472	40.7457121	-73.98194829	2023	40.75968085	-73.97031366	1
0	22	19229	252	40.73226398	-73.99852205	345	40.73649403	-73.99704374	1
0	22	12752	328	40.72405549	-74.00965965	470	40.74345335	-74.00004031	1
0	22	31594	404	40.7405826	-74.00550867	300	40.728145	-73.990214	1
0	22	31019	404	40.7405826	-74.00550867	251	40.72317958	-73.99480012	1
0	22	37844	276	40.71748752	-74.0104554	415	40.7047177	-74.00926027	1
0	22	1431	223	40.73781509	-73.99994661	223	40.73781509	-73.99994661	1
0	22	35065	507	40.73912601	-73.97973776	410	40.72066442	-73.98517977	1
0	22	30389	161	40.72917025	-73.99810231	462	40.74691959	-74.00451887	1
0	22	33811	362	40.75172632	-73.98753523	528	40.74290902	-73.97706058	1
0	22	24340	448	40.75660359	-73.9979009	422	40.770513	-73.988038	1
0	22	5838	477	40.75640548	-73.9900262	380	40.73401143	-74.00293877	2
0	22	23222	523	40.75466591	-73.99138152	340	40.71269042	-73.98776323	1
0	22	22999	462	40.74691959	-74.00451887	405	40.739323	-74.008119	1
0	22	64105	494	40.74734825	-73.99723551	317	40.72453734	-73.98185424	1
0	22	13242	380	40.73401143	-74.00293877	116	40.74177603	-74.00149746	1
0	22	14612	161	40.72917025	-73.99810231	435	40.74173969	-73.99415556	1
0	22	29006	328	40.72405549	-74.00965965	375	40.72679454	-73.99695094	1
0	22	15257	2010	40.72165481	-74.00234737	265	40.72229346	-73.99147535	1
0	22	11780	127	40.73172428	-74.00674436	462	40.74691959	-74.00451887	1
0	22	13501	285	40.73454567	-73.99074142	380	40.73401143	-74.00293877	1
0	22	51987	250	40.72456089	-73.99565293	150	40.7208736	-73.98085795	1
0	22	25466	254	40.73532427	-73.99800419	402	40.7403432	-73.98955109	1
0	22	2941	383	40.735238	-74.000271	383	40.735238	-74.000271	1
0	22	30689	511	40.72938685	-73.97772429	382	40.73492695	-73.99200509	1
0	22	28546	539	40.71534825	-73.96024116	343	40.69794	-73.96986848	1
0	22	65262	322	40.696192	-73.991218	408	40.71076228	-73.99400398	1
0	22	65263	127	40.73172428	-74.00674436	331	40.71173107	-73.99193043	1
0	22	46894	357	40.73261787	-73.99158043	470	40.74345335	-74.00004031	1
0	22	1499	468	40.7652654	-73.98192338	545	40.736502	-73.97809472	1
0	22	55472	238	40.7361967	-74.00859207	534	40.70255065	-74.0127234	1
0	22	756	238	40.7361967	-74.00859207	459	40.746745	-74.007756	1
0	22	38128	492	40.75019995	-73.99093085	128	40.72710258	-74.00297088	1
0	22	15524	167	40.7489006	-73.97604882	507	40.73912601	-73.97973776	1
0	22	19614	296	40.71413089	-73.9970468	502	40.714215	-73.981346	1
0	22	3637	458	40.751396	-74.005226	515	40.76009437	-73.99461843	1
0	22	8470	410	40.72066442	-73.98517977	251	40.72317958	-73.99480012	1
0	22	32305	461	40.73587678	-73.98205027	511	40.72938685	-73.97772429	1
0	22	15204	361	40.71605866	-73.99190759	428	40.72467721	-73.98783413	1
0	22	30818	540	40.74147286	-73.98320928	432	40.72621788	-73.98379855	1
0	22	9156	490	40.751551	-73.993934	263	40.71729	-73.996375	1
0	22	8208	493	40.7568001	-73.98291153	281	40.7643971	-73.97371465	2
0	22	11363	79	40.71911552	-74.00666661	382	40.73492695	-73.99200509	2
0	22	16800	446	40.74487634	-73.99529885	223	40.73781509	-73.99994661	1
0	22	14976	537	40.74025878	-73.98409214	507	40.73912601	-73.97973776	1
0	22	28680	403	40.72502876	-73.99069656	345	40.73649403	-73.99704374	1
0	22	16104	375	40.72679454	-73.99695094	346	40.73652889	-74.00618026	1
0	22	35902	297	40.734232	-73.986923	528	40.74290902	-73.97706058	1
0	22	27525	426	40.71754834	-74.01322069	260	40.70365182	-74.01167797	1
0	22	967	529	40.7575699	-73.99098507	281	40.7643971	-73.97371465	1
0	22	48761	336	40.73047747	-73.99906065	513	40.768254	-73.988639	1
0	22	21115	445	40.72740794	-73.98142006	337	40.7037992	-74.00838676	1
0	22	1895	426	40.71754834	-74.01322069	328	40.72405549	-74.00965965	3
0	22	7726	485	40.75038009	-73.98338988	442	40.746647	-73.993915	1
0	22	21979	369	40.73224119	-74.00026394	229	40.72743423	-73.99379025	1
0	22	59840	492	40.75019995	-73.99093085	317	40.72453734	-73.98185424	1
0	22	1020	521	40.75044999	-73.99481051	515	40.76009437	-73.99461843	1
0	22	50576	161	40.72917025	-73.99810231	356	40.71622644	-73.98261206	1
0	22	16079	402	40.7403432	-73.98955109	438	40.72779126	-73.98564945	1
0	22	62992	458	40.751396	-74.005226	394	40.72521311	-73.97768752	1
0	22	42910	492	40.75019995	-73.99093085	508	40.76341379	-73.99667444	1
0	22	2477	403	40.72502876	-73.99069656	472	40.7457121	-73.98194829	1
0	22	576	511	40.72938685	-73.97772429	536	40.74144387	-73.97536082	1
0	22	7529	472	40.7457121	-73.98194829	435	40.74173969	-73.99415556	1
0	22	57877	309	40.7149787	-74.013012	237	40.73047309	-73.98672378	1
0	22	3649	223	40.73781509	-73.99994661	358	40.73291553	-74.00711384	1
0	22	51990	504	40.73221853	-73.98165557	502	40.714215	-73.981346	1
0	22	279	417	40.71291224	-74.01020234	306	40.70823502	-74.00530063	1
0	22	20540	402	40.7403432	-73.98955109	494	40.74734825	-73.99723551	1
0	22	34941	358	40.73291553	-74.00711384	488	40.75645824	-73.99372222	1
0	22	3771	462	40.74691959	-74.00451887	435	40.74173969	-73.99415556	1
0	22	19685	296	40.71413089	-73.9970468	537	40.74025878	-73.98409214	2
0	22	12828	502	40.714215	-73.981346	307	40.71427487	-73.98990025	1
0	22	40202	519	40.75188406	-73.97770164	368	40.73038599	-74.00214988	1
0	22	12075	468	40.7652654	-73.98192338	520	40.75992262	-73.97648516	1
0	22	6651	389	40.71044554	-73.96525063	2002	40.716887	-73.963198	4
0	22	29743	331	40.71173107	-73.99193043	82	40.71117416	-74.00016545	1
0	22	17671	263	40.71729	-73.996375	326	40.72953837	-73.98426726	1
0	22	33679	380	40.73401143	-74.00293877	488	40.75645824	-73.99372222	1
0	22	60140	291	40.713126	-73.984844	303	40.72362738	-73.99949601	1
0	22	19042	529	40.7575699	-73.99098507	495	40.76269882	-73.99301222	1
0	22	29036	494	40.74734825	-73.99723551	462	40.74691959	-74.00451887	1
0	22	13268	257	40.71939226	-74.00247214	325	40.73624527	-73.98473765	1
0	22	19255	521	40.75044999	-73.99481051	512	40.7500727	-73.99839279	1
0	22	18446	448	40.75660359	-73.9979009	284	40.7390169121	-74.0026376103	1
0	22	23453	285	40.73454567	-73.99074142	479	40.76019252	-73.9912551	1
0	22	33425	483	40.73223272	-73.98889957	432	40.72621788	-73.98379855	1
0	22	23375	518	40.74780373	-73.9734419	2000	40.70255088	-73.98940236	1
0	22	13361	439	40.7262807	-73.98978041	439	40.7262807	-73.98978041	2
0	22	15552	323	40.69236178	-73.98631746	344	40.6851443	-73.95380904	1
0	22	34423	254	40.73532427	-73.99800419	540	40.74147286	-73.98320928	1
0	22	17006	254	40.73532427	-73.99800419	470	40.74345335	-74.00004031	1
0	22	2185	495	40.76269882	-73.99301222	465	40.75513557	-73.98658032	1
0	22	20184	275	40.68650065	-73.96563307	384	40.68317813	-73.9659641	1
0	22	14874	528	40.74290902	-73.97706058	293	40.73028666	-73.9907647	1
0	22	38235	468	40.7652654	-73.98192338	446	40.74487634	-73.99529885	1
0	22	65264	439	40.7262807	-73.98978041	224	40.71146364	-74.00552427	1
0	22	24958	293	40.73028666	-73.9907647	281	40.7643971	-73.97371465	1
0	22	29689	146	40.71625008	-74.0091059	363	40.70834698	-74.01713445	1
0	22	16335	330	40.71450451	-74.00562789	529	40.7575699	-73.99098507	1
0	22	11077	304	40.70463334	-74.01361706	415	40.7047177	-74.00926027	1
0	22	294	2021	40.75929124	-73.98859651	150	40.7208736	-73.98085795	1
0	22	22956	477	40.75640548	-73.9900262	508	40.76341379	-73.99667444	1
0	22	21352	405	40.739323	-74.008119	280	40.73331967	-73.99510132	1
0	22	1764	284	40.7390169121	-74.0026376103	253	40.73543934	-73.99453948	1
0	22	1367	422	40.770513	-73.988038	499	40.76915505	-73.98191841	1
0	22	17704	518	40.74780373	-73.9734419	285	40.73454567	-73.99074142	2
0	22	2658	494	40.74734825	-73.99723551	388	40.749717753	-74.002950346	1
0	22	40406	405	40.739323	-74.008119	306	40.70823502	-74.00530063	1
0	22	27551	458	40.751396	-74.005226	173	40.76064679	-73.98442659	1
0	22	20502	426	40.71754834	-74.01322069	415	40.7047177	-74.00926027	1
0	22	16412	345	40.73649403	-73.99704374	368	40.73038599	-74.00214988	1
0	22	15779	345	40.73649403	-73.99704374	447	40.76370739	-73.9851615	2
0	22	48575	284	40.7390169121	-74.0026376103	520	40.75992262	-73.97648516	1
0	22	27426	325	40.73624527	-73.98473765	439	40.7262807	-73.98978041	1
0	22	3182	116	40.74177603	-74.00149746	494	40.74734825	-73.99723551	1
0	22	28636	492	40.75019995	-73.99093085	152	40.71473993	-74.00910627	1
0	22	10274	224	40.71146364	-74.00552427	327	40.7153379	-74.01658354	1
0	22	44203	228	40.7546011026	-73.971878855	167	40.7489006	-73.97604882	1
0	22	7243	151	40.7218158	-73.99720307	316	40.70955958	-74.00653609	1
0	22	1249	326	40.72953837	-73.98426726	294	40.73049393	-73.9957214	1
0	22	13836	326	40.72953837	-73.98426726	394	40.72521311	-73.97768752	1
0	22	21108	415	40.7047177	-74.00926027	355	40.71602118	-73.99974372	1
0	22	21201	228	40.7546011026	-73.971878855	477	40.75640548	-73.9900262	2
0	22	11623	263	40.71729	-73.996375	291	40.713126	-73.984844	1
0	22	50935	438	40.72779126	-73.98564945	347	40.72873888	-74.00748842	4
0	22	20223	382	40.73492695	-73.99200509	349	40.71850211	-73.98329859	1
0	22	22486	284	40.7390169121	-74.0026376103	83	40.68382604	-73.97632328	1
0	22	59927	477	40.75640548	-73.9900262	349	40.71850211	-73.98329859	1
0	22	33150	251	40.72317958	-73.99480012	150	40.7208736	-73.98085795	2
0	22	12121	505	40.74901271	-73.98848395	477	40.75640548	-73.9900262	1
0	22	8210	2021	40.75929124	-73.98859651	447	40.76370739	-73.9851615	1
0	22	54243	128	40.72710258	-74.00297088	540	40.74147286	-73.98320928	1
0	22	46796	499	40.76915505	-73.98191841	455	40.75001986	-73.96905301	1
0	22	6458	243	40.687979	-73.978474	475	40.73524276	-73.98758561	1
0	22	31492	488	40.75645824	-73.99372222	251	40.72317958	-73.99480012	1
0	22	6765	347	40.72873888	-74.00748842	284	40.7390169121	-74.0026376103	1
0	22	41380	308	40.71307916	-73.99851193	312	40.722055	-73.989111	1
0	22	27826	410	40.72066442	-73.98517977	518	40.74780373	-73.9734419	1
0	22	65265	308	40.71307916	-73.99851193	341	40.71782143	-73.97628939	1
0	22	45220	83	40.68382604	-73.97632328	504	40.73221853	-73.98165557	1
0	22	27261	380	40.73401143	-74.00293877	474	40.7451677	-73.98683077	1
0	22	10449	458	40.751396	-74.005226	236	40.7284186	-73.98713956	1
0	22	25357	536	40.74144387	-73.97536082	500	40.76228826	-73.98336183	1
0	22	46535	146	40.71625008	-74.0091059	304	40.70463334	-74.01361706	1
0	22	56008	195	40.70905623	-74.01043382	405	40.739323	-74.008119	1
0	22	18417	528	40.74290902	-73.97706058	511	40.72938685	-73.97772429	2
0	22	9928	329	40.72043411	-74.01020609	327	40.7153379	-74.01658354	1
0	22	28907	446	40.74487634	-73.99529885	336	40.73047747	-73.99906065	1
0	22	10322	229	40.72743423	-73.99379025	459	40.746745	-74.007756	1
0	22	2749	504	40.73221853	-73.98165557	393	40.72299208	-73.97995466	1
0	22	34926	296	40.71413089	-73.9970468	473	40.72110063	-73.9919254	1
0	22	388	510	40.7606597	-73.98042047	480	40.76669671	-73.99061728	1
0	22	2770	252	40.73226398	-73.99852205	251	40.72317958	-73.99480012	1
0	22	22660	249	40.71870987	-74.0090009	251	40.72317958	-73.99480012	1
0	22	23613	296	40.71413089	-73.9970468	340	40.71269042	-73.98776323	1
0	22	50907	439	40.7262807	-73.98978041	282	40.70827295	-73.96834101	1
0	22	19324	375	40.72679454	-73.99695094	328	40.72405549	-74.00965965	1
0	22	40876	317	40.72453734	-73.98185424	475	40.73524276	-73.98758561	2
0	22	17304	296	40.71413089	-73.9970468	291	40.713126	-73.984844	1
0	22	23609	2002	40.716887	-73.963198	436	40.68216564	-73.95399026	1
0	22	61057	168	40.73971301	-73.99456405	449	40.76461837	-73.98789473	1
0	22	12231	521	40.75044999	-73.99481051	448	40.75660359	-73.9979009	2
0	22	33075	229	40.72743423	-73.99379025	394	40.72521311	-73.97768752	1
0	22	17233	325	40.73624527	-73.98473765	438	40.72779126	-73.98564945	1
0	22	19278	152	40.71473993	-74.00910627	306	40.70823502	-74.00530063	1
0	22	40320	479	40.76019252	-73.9912551	483	40.73223272	-73.98889957	1
0	22	19243	505	40.74901271	-73.98848395	2021	40.75929124	-73.98859651	1
0	22	9905	173	40.76064679	-73.98442659	479	40.76019252	-73.9912551	1
0	22	1473	380	40.73401143	-74.00293877	382	40.73492695	-73.99200509	1
0	22	10681	459	40.746745	-74.007756	348	40.72490985	-74.00154702	1
0	22	64182	243	40.687979	-73.978474	297	40.734232	-73.986923	1
0	22	14974	329	40.72043411	-74.01020609	534	40.70255065	-74.0127234	1
0	22	22420	251	40.72317958	-73.99480012	432	40.72621788	-73.98379855	1
0	22	23288	229	40.72743423	-73.99379025	174	40.7381765	-73.97738662	1
0	22	1348	284	40.7390169121	-74.0026376103	382	40.73492695	-73.99200509	1
0	22	37848	147	40.71542197	-74.01121978	116	40.74177603	-74.00149746	1
0	22	23670	311	40.7172274	-73.98802084	282	40.70827295	-73.96834101	1
0	22	12897	441	40.756014	-73.967416	2021	40.75929124	-73.98859651	1
0	22	10219	229	40.72743423	-73.99379025	380	40.73401143	-74.00293877	1
0	22	13800	435	40.74173969	-73.99415556	128	40.72710258	-74.00297088	1
0	22	32615	152	40.71473993	-74.00910627	435	40.74173969	-73.99415556	1
0	22	31920	316	40.70955958	-74.00653609	276	40.71748752	-74.0104554	1
0	22	23165	540	40.74147286	-73.98320928	531	40.71893904	-73.99266288	1
0	22	2717	483	40.73223272	-73.98889957	330	40.71450451	-74.00562789	1
0	22	11018	345	40.73649403	-73.99704374	293	40.73028666	-73.9907647	1
0	22	22045	435	40.74173969	-73.99415556	524	40.75527307	-73.98316936	1
0	22	18297	499	40.76915505	-73.98191841	457	40.76695317	-73.98169333	1
0	22	3439	329	40.72043411	-74.01020609	147	40.71542197	-74.01121978	1
0	22	30024	493	40.7568001	-73.98291153	442	40.746647	-73.993915	1
0	22	19975	449	40.76461837	-73.98789473	448	40.75660359	-73.9979009	1
0	22	29864	446	40.74487634	-73.99529885	2010	40.72165481	-74.00234737	1
0	22	21972	312	40.722055	-73.989111	496	40.73726186	-73.99238967	1
0	22	18846	405	40.739323	-74.008119	368	40.73038599	-74.00214988	1
0	22	34739	347	40.72873888	-74.00748842	325	40.73624527	-73.98473765	1
0	22	891	224	40.71146364	-74.00552427	306	40.70823502	-74.00530063	1
0	22	65266	363	40.70834698	-74.01713445	324	40.689888	-73.981013	1
0	22	233	151	40.7218158	-73.99720307	237	40.73047309	-73.98672378	1
0	22	1128	363	40.70834698	-74.01713445	458	40.751396	-74.005226	1
0	22	42227	336	40.73047747	-73.99906065	457	40.76695317	-73.98169333	1
0	22	43999	295	40.71406667	-73.99293911	503	40.73827428	-73.98751968	1
0	22	62084	330	40.71450451	-74.00562789	473	40.72110063	-73.9919254	1
0	22	27924	529	40.7575699	-73.99098507	493	40.7568001	-73.98291153	1
0	22	1504	456	40.7597108	-73.97402311	352	40.76340613	-73.97722479	1
0	22	16716	293	40.73028666	-73.9907647	127	40.73172428	-74.00674436	1
0	22	4090	468	40.7652654	-73.98192338	318	40.75320159	-73.9779874	1
0	22	22619	238	40.7361967	-74.00859207	514	40.76087502	-74.00277668	1
0	22	13617	303	40.72362738	-73.99949601	514	40.76087502	-74.00277668	1
0	22	47724	515	40.76009437	-73.99461843	228	40.7546011026	-73.971878855	1
0	22	6242	212	40.74334935	-74.00681753	426	40.71754834	-74.01322069	1
0	22	7506	521	40.75044999	-73.99481051	497	40.73704984	-73.99009296	2
0	22	43434	493	40.7568001	-73.98291153	507	40.73912601	-73.97973776	1
0	22	24247	490	40.751551	-73.993934	167	40.7489006	-73.97604882	1
0	22	52404	312	40.722055	-73.989111	505	40.74901271	-73.98848395	1
0	22	42933	345	40.73649403	-73.99704374	477	40.75640548	-73.9900262	1
0	22	32524	253	40.73543934	-73.99453948	380	40.73401143	-74.00293877	1
0	22	7663	345	40.73649403	-73.99704374	494	40.74734825	-73.99723551	1
0	22	25622	387	40.71273266	-74.0046073	268	40.71910537	-73.99973337	1
0	22	16581	249	40.71870987	-74.0090009	482	40.73935542	-73.99931783	1
0	22	9598	296	40.71413089	-73.9970468	307	40.71427487	-73.98990025	1
0	22	11189	164	40.75323098	-73.97032517	305	40.76095756	-73.96724467	1
0	22	1543	293	40.73028666	-73.9907647	247	40.73535398	-74.00483091	1
0	22	58	435	40.74173969	-73.99415556	462	40.74691959	-74.00451887	1
0	22	6967	387	40.71273266	-74.0046073	151	40.7218158	-73.99720307	1
0	22	44999	368	40.73038599	-74.00214988	448	40.75660359	-73.9979009	1
0	22	32856	446	40.74487634	-73.99529885	415	40.7047177	-74.00926027	1
0	22	1304	486	40.7462009	-73.98855723	160	40.748238	-73.978311	1
0	22	65267	537	40.74025878	-73.98409214	349	40.71850211	-73.98329859	1
0	22	61083	362	40.75172632	-73.98753523	480	40.76669671	-73.99061728	1
0	22	27911	161	40.72917025	-73.99810231	394	40.72521311	-73.97768752	1
0	22	3738	394	40.72521311	-73.97768752	545	40.736502	-73.97809472	1
0	22	27638	355	40.71602118	-73.99974372	426	40.71754834	-74.01322069	1
0	22	23019	361	40.71605866	-73.99190759	295	40.71406667	-73.99293911	1
0	22	24056	312	40.722055	-73.989111	504	40.73221853	-73.98165557	1
0	22	14133	438	40.72779126	-73.98564945	459	40.746745	-74.007756	1
0	22	33371	514	40.76087502	-74.00277668	479	40.76019252	-73.9912551	1
0	22	7610	300	40.728145	-73.990214	531	40.71893904	-73.99266288	1
0	22	10761	412	40.7158155	-73.99422366	307	40.71427487	-73.98990025	1
0	22	2863	435	40.74173969	-73.99415556	519	40.75188406	-73.97770164	1
0	22	7888	345	40.73649403	-73.99704374	466	40.74395411	-73.99144871	1
0	22	12859	428	40.72467721	-73.98783413	428	40.72467721	-73.98783413	1
0	22	45895	300	40.728145	-73.990214	545	40.736502	-73.97809472	1
0	22	33361	252	40.73226398	-73.99852205	128	40.72710258	-74.00297088	1
0	22	55418	457	40.76695317	-73.98169333	540	40.74147286	-73.98320928	1
0	22	31617	2021	40.75929124	-73.98859651	388	40.749717753	-74.002950346	1
0	22	11806	540	40.74147286	-73.98320928	507	40.73912601	-73.97973776	1
0	22	15898	328	40.72405549	-74.00965965	521	40.75044999	-73.99481051	1
0	22	59026	505	40.74901271	-73.98848395	340	40.71269042	-73.98776323	1
0	22	5068	382	40.73492695	-73.99200509	284	40.7390169121	-74.0026376103	1
0	22	62126	150	40.7208736	-73.98085795	411	40.72228087	-73.97668709	1
0	22	13200	472	40.7457121	-73.98194829	442	40.746647	-73.993915	1
0	22	7424	347	40.72873888	-74.00748842	375	40.72679454	-73.99695094	1
0	22	18638	494	40.74734825	-73.99723551	284	40.7390169121	-74.0026376103	1
0	22	33031	448	40.75660359	-73.9979009	505	40.74901271	-73.98848395	1
0	22	57956	362	40.75172632	-73.98753523	174	40.7381765	-73.97738662	1
0	22	5147	174	40.7381765	-73.97738662	540	40.74147286	-73.98320928	1
0	22	45525	174	40.7381765	-73.97738662	501	40.744219	-73.97121214	1
0	22	7039	382	40.73492695	-73.99200509	536	40.74144387	-73.97536082	1
0	22	584	417	40.71291224	-74.01020234	327	40.7153379	-74.01658354	1
0	22	2582	432	40.72621788	-73.98379855	164	40.75323098	-73.97032517	1
0	22	65268	253	40.73543934	-73.99453948	455	40.75001986	-73.96905301	1
0	22	26955	260	40.70365182	-74.01167797	360	40.70717936	-74.00887308	1
0	22	2587	432	40.72621788	-73.98379855	435	40.74173969	-73.99415556	1
0	22	24055	300	40.728145	-73.990214	307	40.71427487	-73.98990025	1
0	22	64275	512	40.7500727	-73.99839279	318	40.75320159	-73.9779874	1
0	22	30026	442	40.746647	-73.993915	284	40.7390169121	-74.0026376103	1
0	22	33530	294	40.73049393	-73.9957214	174	40.7381765	-73.97738662	1
0	22	54659	436	40.68216564	-73.95399026	471	40.71286844	-73.95698119	1
0	22	34807	511	40.72938685	-73.97772429	358	40.73291553	-74.00711384	1
0	22	46688	509	40.7454973	-74.00197139	450	40.76227205	-73.98788205	1
0	22	30090	461	40.73587678	-73.98205027	498	40.74854862	-73.98808416	1
0	22	63035	490	40.751551	-73.993934	331	40.71173107	-73.99193043	1
0	22	13070	446	40.74487634	-73.99529885	453	40.74475148	-73.99915362	1
0	22	16448	312	40.722055	-73.989111	237	40.73047309	-73.98672378	1
0	22	21465	545	40.736502	-73.97809472	342	40.71739973	-73.98016555	1
0	22	16124	352	40.76340613	-73.97722479	450	40.76227205	-73.98788205	1
0	22	19085	432	40.72621788	-73.98379855	252	40.73226398	-73.99852205	1
0	22	1607	458	40.751396	-74.005226	462	40.74691959	-74.00451887	1
0	22	30291	490	40.751551	-73.993934	513	40.768254	-73.988639	1
0	22	37524	474	40.7451677	-73.98683077	480	40.76669671	-73.99061728	1
0	22	4171	251	40.72317958	-73.99480012	377	40.72243797	-74.00566443	2
0	22	5239	305	40.76095756	-73.96724467	493	40.7568001	-73.98291153	1
0	22	37136	434	40.74317449	-74.00366443	243	40.687979	-73.978474	1
0	22	1677	357	40.73261787	-73.99158043	212	40.74334935	-74.00681753	1
0	22	5934	316	40.70955958	-74.00653609	415	40.7047177	-74.00926027	1
0	22	54856	357	40.73261787	-73.99158043	536	40.74144387	-73.97536082	1
0	22	32537	385	40.75797322	-73.96603308	546	40.74444921	-73.98303529	1
0	22	21536	521	40.75044999	-73.99481051	236	40.7284186	-73.98713956	1
0	22	36381	511	40.72938685	-73.97772429	507	40.73912601	-73.97973776	1
0	22	18600	144	40.69839895	-73.98068914	2002	40.716887	-73.963198	1
0	22	32146	499	40.76915505	-73.98191841	513	40.768254	-73.988639	1
0	22	20876	459	40.746745	-74.007756	511	40.72938685	-73.97772429	1
0	22	25350	2022	40.75849116	-73.95920622	164	40.75323098	-73.97032517	1
0	22	12973	499	40.76915505	-73.98191841	524	40.75527307	-73.98316936	1
0	22	65269	415	40.7047177	-74.00926027	461	40.73587678	-73.98205027	1
0	22	33850	435	40.74173969	-73.99415556	352	40.76340613	-73.97722479	1
0	22	21197	447	40.76370739	-73.9851615	479	40.76019252	-73.9912551	1
0	22	29264	428	40.72467721	-73.98783413	224	40.71146364	-74.00552427	1
0	22	4510	450	40.76227205	-73.98788205	508	40.76341379	-73.99667444	1
0	22	39001	388	40.749717753	-74.002950346	449	40.76461837	-73.98789473	1
0	22	46169	251	40.72317958	-73.99480012	83	40.68382604	-73.97632328	2
0	22	18884	528	40.74290902	-73.97706058	237	40.73047309	-73.98672378	2
0	22	9742	545	40.736502	-73.97809472	316	40.70955958	-74.00653609	1
0	22	30261	252	40.73226398	-73.99852205	445	40.72740794	-73.98142006	1
0	22	45531	531	40.71893904	-73.99266288	403	40.72502876	-73.99069656	1
0	22	46365	403	40.72502876	-73.99069656	237	40.73047309	-73.98672378	1
0	22	13108	524	40.75527307	-73.98316936	521	40.75044999	-73.99481051	1
0	22	2616	293	40.73028666	-73.9907647	497	40.73704984	-73.99009296	1
0	22	28487	153	40.752062307	-73.9816324043	116	40.74177603	-74.00149746	1
0	22	51029	368	40.73038599	-74.00214988	457	40.76695317	-73.98169333	1
0	22	65270	482	40.73935542	-73.99931783	331	40.71173107	-73.99193043	1
0	22	13665	247	40.73535398	-74.00483091	303	40.72362738	-73.99949601	1
0	22	13471	520	40.75992262	-73.97648516	480	40.76669671	-73.99061728	1
0	22	3415	410	40.72066442	-73.98517977	345	40.73649403	-73.99704374	1
0	22	26785	472	40.7457121	-73.98194829	475	40.73524276	-73.98758561	1
0	22	19567	2006	40.76590936	-73.97634151	529	40.7575699	-73.99098507	1
0	22	65271	343	40.69794	-73.96986848	157	40.69089272	-73.99612349	1
0	22	34606	439	40.7262807	-73.98978041	310	40.68926942	-73.98912867	1
0	22	5143	297	40.734232	-73.986923	458	40.751396	-74.005226	1
0	22	23334	539	40.71534825	-73.96024116	384	40.68317813	-73.9659641	1
0	22	497	512	40.7500727	-73.99839279	447	40.76370739	-73.9851615	1
0	22	57759	512	40.7500727	-73.99839279	486	40.7462009	-73.98855723	1
0	22	996	347	40.72873888	-74.00748842	426	40.71754834	-74.01322069	1
0	22	14015	496	40.73726186	-73.99238967	306	40.70823502	-74.00530063	1
0	22	36670	442	40.746647	-73.993915	348	40.72490985	-74.00154702	1
0	22	12015	293	40.73028666	-73.9907647	336	40.73047747	-73.99906065	1
0	22	20835	497	40.73704984	-73.99009296	528	40.74290902	-73.97706058	1
0	22	588	128	40.72710258	-74.00297088	254	40.73532427	-73.99800419	1
0	22	39008	405	40.739323	-74.008119	433	40.72955361	-73.98057249	1
0	22	65272	357	40.73261787	-73.99158043	2009	40.71117444	-73.99682619	1
0	22	15583	380	40.73401143	-74.00293877	225	40.74195138	-74.00803013	1
0	22	3076	410	40.72066442	-73.98517977	340	40.71269042	-73.98776323	1
0	22	16210	280	40.73331967	-73.99510132	328	40.72405549	-74.00965965	1
0	22	3444	271	40.68528172	-73.97805813	399	40.68851534	-73.9647628	1
0	22	27330	291	40.713126	-73.984844	342	40.71739973	-73.98016555	1
0	22	6716	284	40.7390169121	-74.0026376103	447	40.76370739	-73.9851615	1
0	22	12371	521	40.75044999	-73.99481051	477	40.75640548	-73.9900262	1
0	22	5273	293	40.73028666	-73.9907647	294	40.73049393	-73.9957214	1
0	22	38888	500	40.76228826	-73.98336183	513	40.768254	-73.988639	1
0	22	11284	293	40.73028666	-73.9907647	325	40.73624527	-73.98473765	1
0	22	65273	160	40.748238	-73.978311	323	40.69236178	-73.98631746	1
0	22	24757	512	40.7500727	-73.99839279	510	40.7606597	-73.98042047	1
0	22	20255	173	40.76064679	-73.98442659	477	40.75640548	-73.9900262	1
0	22	55640	462	40.74691959	-74.00451887	528	40.74290902	-73.97706058	1
0	22	2496	318	40.75320159	-73.9779874	477	40.75640548	-73.9900262	1
0	22	11084	290	40.76020258	-73.96478473	469	40.76344058	-73.98268129	2
0	22	8105	382	40.73492695	-73.99200509	2004	40.724399	-74.004704	1
0	22	18505	128	40.72710258	-74.00297088	439	40.7262807	-73.98978041	1
0	22	4153	335	40.72903917	-73.99404649	382	40.73492695	-73.99200509	1
0	22	10921	537	40.74025878	-73.98409214	459	40.746745	-74.007756	1
0	22	4269	462	40.74691959	-74.00451887	168	40.73971301	-73.99456405	1
0	22	3312	435	40.74173969	-73.99415556	504	40.73221853	-73.98165557	1
0	22	9007	382	40.73492695	-73.99200509	300	40.728145	-73.990214	1
0	22	50852	401	40.72019576	-73.98997825	116	40.74177603	-74.00149746	1
0	22	65274	296	40.71413089	-73.9970468	518	40.74780373	-73.9734419	1
0	22	42235	270	40.69308257	-73.97178913	241	40.68981035	-73.97493121	1
0	22	22893	494	40.74734825	-73.99723551	448	40.75660359	-73.9979009	1
0	22	2087	521	40.75044999	-73.99481051	195	40.70905623	-74.01043382	1
0	22	13442	445	40.72740794	-73.98142006	345	40.73649403	-73.99704374	1
0	22	37762	461	40.73587678	-73.98205027	150	40.7208736	-73.98085795	1
0	22	19838	462	40.74691959	-74.00451887	440	40.75255434	-73.97282625	1
0	22	21082	335	40.72903917	-73.99404649	252	40.73226398	-73.99852205	1
0	22	38941	237	40.73047309	-73.98672378	380	40.73401143	-74.00293877	1
0	22	27444	436	40.68216564	-73.95399026	467	40.68312489	-73.97895137	1
0	22	23516	383	40.735238	-74.000271	280	40.73331967	-73.99510132	1
0	22	1086	332	40.71219906	-73.97948148	307	40.71427487	-73.98990025	2
0	22	12185	497	40.73704984	-73.99009296	487	40.73314259	-73.97573881	1
0	22	24187	116	40.74177603	-74.00149746	445	40.72740794	-73.98142006	1
0	22	28936	2005	40.70531194	-73.97100056	2001	40.69892054	-73.97332996	3
0	22	49910	152	40.71473993	-74.00910627	534	40.70255065	-74.0127234	1
0	22	23419	475	40.73524276	-73.98758561	236	40.7284186	-73.98713956	1
0	22	12314	251	40.72317958	-73.99480012	401	40.72019576	-73.98997825	2
0	22	33870	385	40.75797322	-73.96603308	439	40.7262807	-73.98978041	1
0	22	3174	513	40.768254	-73.988639	457	40.76695317	-73.98169333	1
0	22	43397	450	40.76227205	-73.98788205	517	40.75149263	-73.97798848	2
0	22	37221	83	40.68382604	-73.97632328	274	40.68691865	-73.976682	1
0	22	51817	479	40.76019252	-73.9912551	385	40.75797322	-73.96603308	1
0	22	19348	252	40.73226398	-73.99852205	382	40.73492695	-73.99200509	2
0	22	33782	290	40.76020258	-73.96478473	482	40.73935542	-73.99931783	1
0	22	4814	492	40.75019995	-73.99093085	300	40.728145	-73.990214	1
0	22	46605	274	40.68691865	-73.976682	431	40.68864636	-73.98263429	1
0	22	65275	261	40.69474881	-73.98362464	218	40.69028437	-73.98707105	1
0	22	35234	336	40.73047747	-73.99906065	426	40.71754834	-74.01322069	1
0	22	42755	518	40.74780373	-73.9734419	315	40.70355377	-74.00670227	2
0	22	30613	297	40.734232	-73.986923	394	40.72521311	-73.97768752	1
0	22	11920	545	40.736502	-73.97809472	174	40.7381765	-73.97738662	1
0	22	22306	450	40.76227205	-73.98788205	422	40.770513	-73.988038	1
0	22	60066	312	40.722055	-73.989111	460	40.71285887	-73.96590294	1
0	22	30535	472	40.7457121	-73.98194829	237	40.73047309	-73.98672378	1
0	22	12276	312	40.722055	-73.989111	346	40.73652889	-74.00618026	1
0	22	11399	483	40.73223272	-73.98889957	335	40.72903917	-73.99404649	1
0	22	20740	315	40.70355377	-74.00670227	532	40.710451	-73.960876	1
0	22	43	490	40.751551	-73.993934	507	40.73912601	-73.97973776	1
0	22	43501	403	40.72502876	-73.99069656	116	40.74177603	-74.00149746	1
0	22	65050	382	40.73492695	-73.99200509	82	40.71117416	-74.00016545	1
0	22	5764	293	40.73028666	-73.9907647	345	40.73649403	-73.99704374	1
0	22	5202	284	40.7390169121	-74.0026376103	405	40.739323	-74.008119	1
0	22	3966	504	40.73221853	-73.98165557	394	40.72521311	-73.97768752	1
0	22	50161	470	40.74345335	-74.00004031	167	40.7489006	-73.97604882	1
0	22	9134	79	40.71911552	-74.00666661	276	40.71748752	-74.0104554	1
0	22	23134	164	40.75323098	-73.97032517	295	40.71406667	-73.99293911	1
0	22	21939	498	40.74854862	-73.98808416	345	40.73649403	-73.99704374	1
0	22	23528	536	40.74144387	-73.97536082	477	40.75640548	-73.9900262	1
0	22	23409	265	40.72229346	-73.99147535	326	40.72953837	-73.98426726	1
0	22	873	521	40.75044999	-73.99481051	482	40.73935542	-73.99931783	1
0	22	19625	442	40.746647	-73.993915	438	40.72779126	-73.98564945	1
0	22	46677	212	40.74334935	-74.00681753	404	40.7405826	-74.00550867	1
0	22	33416	528	40.74290902	-73.97706058	537	40.74025878	-73.98409214	2
0	22	10110	430	40.7014851	-73.98656928	430	40.7014851	-73.98656928	1
0	22	30370	521	40.75044999	-73.99481051	518	40.74780373	-73.9734419	1
0	22	211	160	40.748238	-73.978311	461	40.73587678	-73.98205027	1
0	22	29362	358	40.73291553	-74.00711384	482	40.73935542	-73.99931783	1
0	22	22022	466	40.74395411	-73.99144871	345	40.73649403	-73.99704374	1
0	22	46818	160	40.748238	-73.978311	293	40.73028666	-73.9907647	1
0	22	10106	2010	40.72165481	-74.00234737	531	40.71893904	-73.99266288	1
0	22	17477	345	40.73649403	-73.99704374	237	40.73047309	-73.98672378	1
0	22	21903	521	40.75044999	-73.99481051	496	40.73726186	-73.99238967	1
0	22	18897	513	40.768254	-73.988639	2021	40.75929124	-73.98859651	2
0	22	57048	266	40.72368361	-73.97574813	2012	40.739445	-73.976806	1
0	22	45477	475	40.73524276	-73.98758561	358	40.73291553	-74.00711384	1
0	22	7128	521	40.75044999	-73.99481051	404	40.7405826	-74.00550867	1
0	22	14824	479	40.76019252	-73.9912551	459	40.746745	-74.007756	1
0	22	34909	482	40.73935542	-73.99931783	356	40.71622644	-73.98261206	1
0	22	45473	358	40.73291553	-74.00711384	462	40.74691959	-74.00451887	1
0	22	29481	353	40.68539567	-73.97431458	83	40.68382604	-73.97632328	1
0	22	10631	380	40.73401143	-74.00293877	346	40.73652889	-74.00618026	1
0	22	2519	326	40.72953837	-73.98426726	223	40.73781509	-73.99994661	1
0	22	47643	297	40.734232	-73.986923	546	40.74444921	-73.98303529	1
0	22	65277	431	40.68864636	-73.98263429	415	40.7047177	-74.00926027	1
0	22	43709	449	40.76461837	-73.98789473	238	40.7361967	-74.00859207	1
0	22	9485	465	40.75513557	-73.98658032	465	40.75513557	-73.98658032	1
0	22	16498	265	40.72229346	-73.99147535	459	40.746745	-74.007756	1
0	22	16290	161	40.72917025	-73.99810231	284	40.7390169121	-74.0026376103	1
0	22	3625	294	40.73049393	-73.9957214	382	40.73492695	-73.99200509	1
0	22	60499	147	40.71542197	-74.01121978	477	40.75640548	-73.9900262	1
0	22	41821	332	40.71219906	-73.97948148	305	40.76095756	-73.96724467	1
0	22	32637	462	40.74691959	-74.00451887	160	40.748238	-73.978311	1
0	22	31044	508	40.76341379	-73.99667444	422	40.770513	-73.988038	1
0	22	30083	520	40.75992262	-73.97648516	482	40.73935542	-73.99931783	1
0	22	11791	324	40.689888	-73.981013	262	40.69178232	-73.97372989	1
0	22	2217	265	40.72229346	-73.99147535	499	40.76915505	-73.98191841	1
0	22	8534	380	40.73401143	-74.00293877	254	40.73532427	-73.99800419	1
0	22	22147	531	40.71893904	-73.99266288	265	40.72229346	-73.99147535	1
0	22	33162	448	40.75660359	-73.9979009	533	40.75299641	-73.98721619	1
0	22	21846	482	40.73935542	-73.99931783	116	40.74177603	-74.00149746	1
0	22	4247	426	40.71754834	-74.01322069	404	40.7405826	-74.00550867	1
0	22	1326	490	40.751551	-73.993934	508	40.76341379	-73.99667444	1
0	22	8652	435	40.74173969	-73.99415556	358	40.73291553	-74.00711384	1
0	22	51567	539	40.71534825	-73.96024116	397	40.68415748	-73.96922273	1
0	22	30089	386	40.71494807	-74.00234482	265	40.72229346	-73.99147535	1
0	22	31893	383	40.735238	-74.000271	294	40.73049393	-73.9957214	1
0	22	45370	433	40.72955361	-73.98057249	447	40.76370739	-73.9851615	1
0	22	8010	317	40.72453734	-73.98185424	439	40.7262807	-73.98978041	1
0	22	5462	387	40.71273266	-74.0046073	306	40.70823502	-74.00530063	1
0	22	14446	257	40.71939226	-74.00247214	2004	40.724399	-74.004704	1
0	22	51996	120	40.68676793	-73.95928168	481	40.71260486	-73.96264403	1
0	22	14527	439	40.7262807	-73.98978041	432	40.72621788	-73.98379855	1
0	22	19011	414	40.70281858	-73.98765762	389	40.71044554	-73.96525063	1
0	22	19606	483	40.73223272	-73.98889957	251	40.72317958	-73.99480012	1
0	22	17883	457	40.76695317	-73.98169333	468	40.7652654	-73.98192338	1
0	22	42337	369	40.73224119	-74.00026394	459	40.746745	-74.007756	1
0	22	26968	445	40.72740794	-73.98142006	300	40.728145	-73.990214	1
0	22	56846	300	40.728145	-73.990214	539	40.71534825	-73.96024116	1
0	22	55742	157	40.69089272	-73.99612349	418	40.70224	-73.982578	2
0	22	5533	347	40.72873888	-74.00748842	2004	40.724399	-74.004704	1
0	22	32167	433	40.72955361	-73.98057249	266	40.72368361	-73.97574813	1
0	22	19886	509	40.7454973	-74.00197139	345	40.73649403	-73.99704374	1
0	22	37034	404	40.7405826	-74.00550867	457	40.76695317	-73.98169333	3
0	22	4853	382	40.73492695	-73.99200509	518	40.74780373	-73.9734419	1
0	22	19192	300	40.728145	-73.990214	336	40.73047747	-73.99906065	2
0	22	7349	2012	40.739445	-73.976806	167	40.7489006	-73.97604882	1
0	22	29095	312	40.722055	-73.989111	393	40.72299208	-73.97995466	1
0	22	2515	297	40.734232	-73.986923	174	40.7381765	-73.97738662	1
0	22	23765	157	40.69089272	-73.99612349	324	40.689888	-73.981013	1
0	22	3767	327	40.7153379	-74.01658354	195	40.70905623	-74.01043382	2
0	22	3664	167	40.7489006	-73.97604882	514	40.76087502	-74.00277668	1
0	22	18465	361	40.71605866	-73.99190759	410	40.72066442	-73.98517977	1
0	22	9841	212	40.74334935	-74.00681753	405	40.739323	-74.008119	1
0	22	35870	382	40.73492695	-73.99200509	538	40.75795248	-73.97787642	1
0	22	13726	375	40.72679454	-73.99695094	150	40.7208736	-73.98085795	1
0	22	13905	499	40.76915505	-73.98191841	529	40.7575699	-73.99098507	1
0	22	23172	296	40.71413089	-73.9970468	2009	40.71117444	-73.99682619	1
0	22	41260	462	40.74691959	-74.00451887	423	40.76584941	-73.98690506	1
0	22	12634	417	40.71291224	-74.01020234	127	40.73172428	-74.00674436	1
0	22	469	513	40.768254	-73.988639	490	40.751551	-73.993934	1
0	22	3478	276	40.71748752	-74.0104554	79	40.71911552	-74.00666661	1
0	22	33942	252	40.73226398	-73.99852205	511	40.72938685	-73.97772429	1
0	22	44562	223	40.73781509	-73.99994661	438	40.72779126	-73.98564945	1
0	22	10002	448	40.75660359	-73.9979009	459	40.746745	-74.007756	1
0	22	19922	459	40.746745	-74.007756	293	40.73028666	-73.9907647	2
0	22	65280	348	40.72490985	-74.00154702	366	40.693261	-73.968896	1
0	22	33820	391	40.69760127	-73.99344559	310	40.68926942	-73.98912867	1
0	22	26978	393	40.72299208	-73.97995466	504	40.73221853	-73.98165557	1
0	22	13887	2006	40.76590936	-73.97634151	153	40.752062307	-73.9816324043	1
0	22	8767	311	40.7172274	-73.98802084	268	40.71910537	-73.99973337	1
0	22	19902	251	40.72317958	-73.99480012	532	40.710451	-73.960876	1
0	22	39515	164	40.75323098	-73.97032517	463	40.74206539	-74.00443172	1
0	22	9208	358	40.73291553	-74.00711384	323	40.69236178	-73.98631746	1
0	22	29624	505	40.74901271	-73.98848395	546	40.74444921	-73.98303529	1
0	22	613	488	40.75645824	-73.99372222	458	40.751396	-74.005226	1
0	22	15678	465	40.75513557	-73.98658032	514	40.76087502	-74.00277668	1
0	22	1281	518	40.74780373	-73.9734419	173	40.76064679	-73.98442659	1
0	22	13126	72	40.76727216	-73.99392888	466	40.74395411	-73.99144871	1
0	22	5935	382	40.73492695	-73.99200509	475	40.73524276	-73.98758561	1
0	22	1757	539	40.71534825	-73.96024116	282	40.70827295	-73.96834101	1
0	22	35108	161	40.72917025	-73.99810231	160	40.748238	-73.978311	1
0	22	10954	510	40.7606597	-73.98042047	468	40.7652654	-73.98192338	1
0	22	18076	147	40.71542197	-74.01121978	224	40.71146364	-74.00552427	1
0	22	42101	495	40.76269882	-73.99301222	468	40.7652654	-73.98192338	1
0	22	53302	411	40.72228087	-73.97668709	311	40.7172274	-73.98802084	1
0	22	23203	536	40.74144387	-73.97536082	521	40.75044999	-73.99481051	1
0	22	21343	536	40.74144387	-73.97536082	375	40.72679454	-73.99695094	2
0	22	42994	539	40.71534825	-73.96024116	368	40.73038599	-74.00214988	1
0	22	1333	387	40.71273266	-74.0046073	329	40.72043411	-74.01020609	1
0	22	24281	477	40.75640548	-73.9900262	461	40.73587678	-73.98205027	1
0	22	55680	390	40.69221589	-73.9842844	416	40.68753406	-73.97265183	1
0	22	22377	511	40.72938685	-73.97772429	439	40.7262807	-73.98978041	1
0	22	10368	228	40.7546011026	-73.971878855	305	40.76095756	-73.96724467	1
0	22	11750	263	40.71729	-73.996375	195	40.70905623	-74.01043382	2
0	22	10560	497	40.73704984	-73.99009296	347	40.72873888	-74.00748842	1
0	22	1930	519	40.75188406	-73.97770164	545	40.736502	-73.97809472	1
0	22	18919	488	40.75645824	-73.99372222	515	40.76009437	-73.99461843	1
0	22	10638	128	40.72710258	-74.00297088	368	40.73038599	-74.00214988	1
0	22	177	151	40.7218158	-73.99720307	361	40.71605866	-73.99190759	1
0	22	41375	345	40.73649403	-73.99704374	257	40.71939226	-74.00247214	1
0	22	38905	296	40.71413089	-73.9970468	306	40.70823502	-74.00530063	2
0	22	52538	490	40.751551	-73.993934	358	40.73291553	-74.00711384	1
0	22	25747	540	40.74147286	-73.98320928	380	40.73401143	-74.00293877	1
0	22	9958	495	40.76269882	-73.99301222	493	40.7568001	-73.98291153	1
0	22	22315	439	40.7262807	-73.98978041	323	40.69236178	-73.98631746	1
0	22	9540	462	40.74691959	-74.00451887	446	40.74487634	-73.99529885	1
0	22	24171	513	40.768254	-73.988639	521	40.75044999	-73.99481051	1
0	22	54648	254	40.73532427	-73.99800419	525	40.75594159	-74.0021163	1
0	22	5837	383	40.735238	-74.000271	459	40.746745	-74.007756	1
0	22	10901	257	40.71939226	-74.00247214	147	40.71542197	-74.01121978	1
0	22	33911	470	40.74345335	-74.00004031	508	40.76341379	-73.99667444	1
0	22	15942	276	40.71748752	-74.0104554	224	40.71146364	-74.00552427	1
0	22	9501	525	40.75594159	-74.0021163	127	40.73172428	-74.00674436	1
0	22	4829	403	40.72502876	-73.99069656	336	40.73047747	-73.99906065	1
0	22	34972	449	40.76461837	-73.98789473	453	40.74475148	-73.99915362	1
0	22	23447	494	40.74734825	-73.99723551	546	40.74444921	-73.98303529	1
0	22	8613	435	40.74173969	-73.99415556	490	40.751551	-73.993934	1
0	22	22934	253	40.73543934	-73.99453948	244	40.69196035	-73.96536851	1
0	22	442	539	40.71534825	-73.96024116	532	40.710451	-73.960876	1
0	22	2223	394	40.72521311	-73.97768752	280	40.73331967	-73.99510132	2
0	22	9411	447	40.76370739	-73.9851615	385	40.75797322	-73.96603308	1
0	22	34627	83	40.68382604	-73.97632328	353	40.68539567	-73.97431458	1
0	22	11762	545	40.736502	-73.97809472	545	40.736502	-73.97809472	1
0	22	3960	426	40.71754834	-74.01322069	405	40.739323	-74.008119	1
0	22	55758	325	40.73624527	-73.98473765	455	40.75001986	-73.96905301	1
0	22	61369	533	40.75299641	-73.98721619	508	40.76341379	-73.99667444	1
0	22	40429	368	40.73038599	-74.00214988	320	40.71743998	-74.00583475	1
0	22	43340	516	40.75206862	-73.96784384	2010	40.72165481	-74.00234737	1
0	22	21514	531	40.71893904	-73.99266288	531	40.71893904	-73.99266288	1
0	22	22750	447	40.76370739	-73.9851615	280	40.73331967	-73.99510132	1
0	22	45773	438	40.72779126	-73.98564945	454	40.75455731	-73.96592976	1
0	22	65282	483	40.73223272	-73.98889957	340	40.71269042	-73.98776323	1
0	22	29449	161	40.72917025	-73.99810231	319	40.71336124	-74.00937622	1
0	22	15548	295	40.71406667	-73.99293911	341	40.71782143	-73.97628939	1
0	22	8559	497	40.73704984	-73.99009296	546	40.74444921	-73.98303529	1
0	22	11757	164	40.75323098	-73.97032517	456	40.7597108	-73.97402311	1
0	22	48279	293	40.73028666	-73.9907647	361	40.71605866	-73.99190759	1
0	22	16000	300	40.728145	-73.990214	403	40.72502876	-73.99069656	1
0	22	12048	449	40.76461837	-73.98789473	498	40.74854862	-73.98808416	1
0	22	20823	493	40.7568001	-73.98291153	510	40.7606597	-73.98042047	2
0	22	20402	383	40.735238	-74.000271	147	40.71542197	-74.01121978	1
0	22	2822	487	40.73314259	-73.97573881	545	40.736502	-73.97809472	1
0	22	16500	324	40.689888	-73.981013	270	40.69308257	-73.97178913	1
0	22	3648	426	40.71754834	-74.01322069	363	40.70834698	-74.01713445	1
0	22	15852	540	40.74147286	-73.98320928	174	40.7381765	-73.97738662	1
0	22	33905	482	40.73935542	-73.99931783	263	40.71729	-73.996375	1
0	22	24083	347	40.72873888	-74.00748842	79	40.71911552	-74.00666661	1
0	22	20859	368	40.73038599	-74.00214988	505	40.74901271	-73.98848395	1
0	22	65284	280	40.73331967	-73.99510132	306	40.70823502	-74.00530063	1
0	22	14397	504	40.73221853	-73.98165557	454	40.75455731	-73.96592976	1
0	22	27489	483	40.73223272	-73.98889957	536	40.74144387	-73.97536082	1
0	22	11954	380	40.73401143	-74.00293877	439	40.7262807	-73.98978041	1
0	22	1719	243	40.687979	-73.978474	484	40.75500254	-73.98014437	1
0	22	6089	475	40.73524276	-73.98758561	466	40.74395411	-73.99144871	1
0	22	337	521	40.75044999	-73.99481051	508	40.76341379	-73.99667444	1
0	22	38566	2006	40.76590936	-73.97634151	137	40.761628	-73.972924	1
0	22	8039	335	40.72903917	-73.99404649	257	40.71939226	-74.00247214	1
0	22	19448	325	40.73624527	-73.98473765	528	40.74290902	-73.97706058	1
0	22	22552	223	40.73781509	-73.99994661	336	40.73047747	-73.99906065	3
0	22	6605	347	40.72873888	-74.00748842	152	40.71473993	-74.00910627	1
0	22	9900	483	40.73223272	-73.98889957	151	40.7218158	-73.99720307	1
0	22	20485	492	40.75019995	-73.99093085	499	40.76915505	-73.98191841	1
0	22	16064	285	40.73454567	-73.99074142	268	40.71910537	-73.99973337	1
0	22	19854	368	40.73038599	-74.00214988	402	40.7403432	-73.98955109	1
0	22	46049	237	40.73047309	-73.98672378	150	40.7208736	-73.98085795	1
0	22	2852	305	40.76095756	-73.96724467	228	40.7546011026	-73.971878855	2
0	22	4423	391	40.69760127	-73.99344559	2000	40.70255088	-73.98940236	1
0	22	36115	349	40.71850211	-73.98329859	459	40.746745	-74.007756	1
0	22	31479	504	40.73221853	-73.98165557	455	40.75001986	-73.96905301	1
0	22	451	151	40.7218158	-73.99720307	376	40.70862144	-74.00722156	1
0	22	16117	249	40.71870987	-74.0090009	147	40.71542197	-74.01121978	1
0	22	4913	486	40.7462009	-73.98855723	444	40.7423543	-73.98915076	1
0	22	13499	521	40.75044999	-73.99481051	368	40.73038599	-74.00214988	1
0	22	7886	457	40.76695317	-73.98169333	448	40.75660359	-73.9979009	1
0	22	22776	325	40.73624527	-73.98473765	284	40.7390169121	-74.0026376103	1
0	22	1616	376	40.70862144	-74.00722156	316	40.70955958	-74.00653609	1
0	22	24188	439	40.7262807	-73.98978041	349	40.71850211	-73.98329859	1
0	22	969	293	40.73028666	-73.9907647	459	40.746745	-74.007756	1
0	22	558	395	40.68807003	-73.98410637	271	40.68528172	-73.97805813	1
0	22	10294	459	40.746745	-74.007756	448	40.75660359	-73.9979009	1
0	22	22039	223	40.73781509	-73.99994661	380	40.73401143	-74.00293877	1
0	22	63164	218	40.69028437	-73.98707105	397	40.68415748	-73.96922273	1
0	22	20176	531	40.71893904	-73.99266288	507	40.73912601	-73.97973776	1
0	22	3150	428	40.72467721	-73.98783413	545	40.736502	-73.97809472	1
0	22	1119	521	40.75044999	-73.99481051	463	40.74206539	-74.00443172	1
0	22	48554	236	40.7284186	-73.98713956	238	40.7361967	-74.00859207	1
0	22	17273	388	40.749717753	-74.002950346	521	40.75044999	-73.99481051	1
0	22	985	515	40.76009437	-73.99461843	318	40.75320159	-73.9779874	1
0	22	466	545	40.736502	-73.97809472	546	40.74444921	-73.98303529	1
0	22	12417	459	40.746745	-74.007756	295	40.71406667	-73.99293911	1
0	22	44536	82	40.71117416	-74.00016545	296	40.71413089	-73.9970468	1
0	22	13258	146	40.71625008	-74.0091059	329	40.72043411	-74.01020609	1
0	22	27314	403	40.72502876	-73.99069656	507	40.73912601	-73.97973776	1
0	22	33040	449	40.76461837	-73.98789473	478	40.76030096	-73.99884222	1
0	22	936	513	40.768254	-73.988639	499	40.76915505	-73.98191841	1
0	22	18619	459	40.746745	-74.007756	325	40.73624527	-73.98473765	1
0	22	28267	79	40.71911552	-74.00666661	319	40.71336124	-74.00937622	1
0	22	15578	173	40.76064679	-73.98442659	529	40.7575699	-73.99098507	1
0	22	22262	237	40.73047309	-73.98672378	507	40.73912601	-73.97973776	1
0	22	14207	2012	40.739445	-73.976806	382	40.73492695	-73.99200509	1
0	22	14280	335	40.72903917	-73.99404649	317	40.72453734	-73.98185424	1
0	22	21341	382	40.73492695	-73.99200509	528	40.74290902	-73.97706058	1
0	22	11892	401	40.72019576	-73.98997825	401	40.72019576	-73.98997825	1
0	22	21119	528	40.74290902	-73.97706058	325	40.73624527	-73.98473765	1
0	22	52665	369	40.73224119	-74.00026394	422	40.770513	-73.988038	1
0	22	20667	528	40.74290902	-73.97706058	498	40.74854862	-73.98808416	1
0	22	23125	284	40.7390169121	-74.0026376103	380	40.73401143	-74.00293877	1
0	22	9404	466	40.74395411	-73.99144871	290	40.76020258	-73.96478473	1
0	22	29548	281	40.7643971	-73.97371465	468	40.7652654	-73.98192338	1
0	22	13506	350	40.71559509	-73.9870295	502	40.714215	-73.981346	1
0	22	36800	490	40.751551	-73.993934	433	40.72955361	-73.98057249	1
0	22	15771	517	40.75149263	-73.97798848	167	40.7489006	-73.97604882	1
0	22	23620	224	40.71146364	-74.00552427	417	40.71291224	-74.01020234	1
0	22	2308	294	40.73049393	-73.9957214	294	40.73049393	-73.9957214	1
0	22	14874	528	40.74290902	-73.97706058	293	40.73028666	-73.9907647	1
0	22	38235	468	40.7652654	-73.98192338	446	40.74487634	-73.99529885	1
0	22	65264	439	40.7262807	-73.98978041	224	40.71146364	-74.00552427	1
0	22	24958	293	40.73028666	-73.9907647	281	40.7643971	-73.97371465	1
0	22	29689	146	40.71625008	-74.0091059	363	40.70834698	-74.01713445	1
0	22	16335	330	40.71450451	-74.00562789	529	40.7575699	-73.99098507	1
0	22	11077	304	40.70463334	-74.01361706	415	40.7047177	-74.00926027	1
0	22	294	2021	40.75929124	-73.98859651	150	40.7208736	-73.98085795	1
0	22	22956	477	40.75640548	-73.9900262	508	40.76341379	-73.99667444	1
0	22	21352	405	40.739323	-74.008119	280	40.73331967	-73.99510132	1
0	22	1764	284	40.7390169121	-74.0026376103	253	40.73543934	-73.99453948	1
0	22	1367	422	40.770513	-73.988038	499	40.76915505	-73.98191841	1
0	22	17704	518	40.74780373	-73.9734419	285	40.73454567	-73.99074142	2
0	22	2658	494	40.74734825	-73.99723551	388	40.749717753	-74.002950346	1
0	22	40406	405	40.739323	-74.008119	306	40.70823502	-74.00530063	1
0	22	27551	458	40.751396	-74.005226	173	40.76064679	-73.98442659	1
0	22	20502	426	40.71754834	-74.01322069	415	40.7047177	-74.00926027	1
0	22	16412	345	40.73649403	-73.99704374	368	40.73038599	-74.00214988	1
0	22	15779	345	40.73649403	-73.99704374	447	40.76370739	-73.9851615	2
0	22	48575	284	40.7390169121	-74.0026376103	520	40.75992262	-73.97648516	1
0	22	27426	325	40.73624527	-73.98473765	439	40.7262807	-73.98978041	1
0	22	3182	116	40.74177603	-74.00149746	494	40.74734825	-73.99723551	1
0	22	28636	492	40.75019995	-73.99093085	152	40.71473993	-74.00910627	1
0	22	10274	224	40.71146364	-74.00552427	327	40.7153379	-74.01658354	1
0	22	44203	228	40.7546011026	-73.971878855	167	40.7489006	-73.97604882	1
0	22	7243	151	40.7218158	-73.99720307	316	40.70955958	-74.00653609	1
0	22	1249	326	40.72953837	-73.98426726	294	40.73049393	-73.9957214	1
0	22	13836	326	40.72953837	-73.98426726	394	40.72521311	-73.97768752	1
0	22	21108	415	40.7047177	-74.00926027	355	40.71602118	-73.99974372	1
0	22	21201	228	40.7546011026	-73.971878855	477	40.75640548	-73.9900262	2
0	22	11623	263	40.71729	-73.996375	291	40.713126	-73.984844	1
0	22	50935	438	40.72779126	-73.98564945	347	40.72873888	-74.00748842	4
0	22	20223	382	40.73492695	-73.99200509	349	40.71850211	-73.98329859	1
0	22	22486	284	40.7390169121	-74.0026376103	83	40.68382604	-73.97632328	1
0	22	59927	477	40.75640548	-73.9900262	349	40.71850211	-73.98329859	1
0	22	33150	251	40.72317958	-73.99480012	150	40.7208736	-73.98085795	3
0	22	12121	505	40.74901271	-73.98848395	477	40.75640548	-73.9900262	1
0	22	8210	2021	40.75929124	-73.98859651	447	40.76370739	-73.9851615	1
0	22	54243	128	40.72710258	-74.00297088	540	40.74147286	-73.98320928	1
0	22	46796	499	40.76915505	-73.98191841	455	40.75001986	-73.96905301	1
0	22	6458	243	40.687979	-73.978474	475	40.73524276	-73.98758561	1
0	22	31492	488	40.75645824	-73.99372222	251	40.72317958	-73.99480012	1
0	22	6765	347	40.72873888	-74.00748842	284	40.7390169121	-74.0026376103	1
0	22	41380	308	40.71307916	-73.99851193	312	40.722055	-73.989111	1
0	22	27826	410	40.72066442	-73.98517977	518	40.74780373	-73.9734419	1
0	22	65265	308	40.71307916	-73.99851193	341	40.71782143	-73.97628939	1
0	22	45220	83	40.68382604	-73.97632328	504	40.73221853	-73.98165557	1
0	22	27261	380	40.73401143	-74.00293877	474	40.7451677	-73.98683077	1
0	22	10449	458	40.751396	-74.005226	236	40.7284186	-73.98713956	1
0	22	25357	536	40.74144387	-73.97536082	500	40.76228826	-73.98336183	1
0	22	46535	146	40.71625008	-74.0091059	304	40.70463334	-74.01361706	1
0	22	56008	195	40.70905623	-74.01043382	405	40.739323	-74.008119	1
0	22	18417	528	40.74290902	-73.97706058	511	40.72938685	-73.97772429	2
0	22	9928	329	40.72043411	-74.01020609	327	40.7153379	-74.01658354	1
0	22	28907	446	40.74487634	-73.99529885	336	40.73047747	-73.99906065	1
0	22	10322	229	40.72743423	-73.99379025	459	40.746745	-74.007756	1
0	22	2749	504	40.73221853	-73.98165557	393	40.72299208	-73.97995466	1
0	22	34926	296	40.71413089	-73.9970468	473	40.72110063	-73.9919254	1
0	22	6651	389	40.71044554	-73.96525063	2002	40.716887	-73.963198	2
0	22	388	510	40.7606597	-73.98042047	480	40.76669671	-73.99061728	1
0	22	2770	252	40.73226398	-73.99852205	251	40.72317958	-73.99480012	1
0	22	22660	249	40.71870987	-74.0090009	251	40.72317958	-73.99480012	1
0	22	23613	296	40.71413089	-73.9970468	340	40.71269042	-73.98776323	1
0	22	50907	439	40.7262807	-73.98978041	282	40.70827295	-73.96834101	1
0	22	19324	375	40.72679454	-73.99695094	328	40.72405549	-74.00965965	1
0	22	40876	317	40.72453734	-73.98185424	475	40.73524276	-73.98758561	2
0	22	17304	296	40.71413089	-73.9970468	291	40.713126	-73.984844	1
0	22	23609	2002	40.716887	-73.963198	436	40.68216564	-73.95399026	1
0	22	61057	168	40.73971301	-73.99456405	449	40.76461837	-73.98789473	1
0	22	12231	521	40.75044999	-73.99481051	448	40.75660359	-73.9979009	2
0	22	33075	229	40.72743423	-73.99379025	394	40.72521311	-73.97768752	1
0	22	17233	325	40.73624527	-73.98473765	438	40.72779126	-73.98564945	1
0	22	19278	152	40.71473993	-74.00910627	306	40.70823502	-74.00530063	1
0	22	40320	479	40.76019252	-73.9912551	483	40.73223272	-73.98889957	1
0	22	19243	505	40.74901271	-73.98848395	2021	40.75929124	-73.98859651	1
0	22	9905	173	40.76064679	-73.98442659	479	40.76019252	-73.9912551	1
0	22	1473	380	40.73401143	-74.00293877	382	40.73492695	-73.99200509	1
0	22	10681	459	40.746745	-74.007756	348	40.72490985	-74.00154702	1
0	22	26602	475	40.73524276	-73.98758561	281	40.7643971	-73.97371465	1
0	22	64182	243	40.687979	-73.978474	297	40.734232	-73.986923	1
0	22	14974	329	40.72043411	-74.01020609	534	40.70255065	-74.0127234	1
0	22	22420	251	40.72317958	-73.99480012	432	40.72621788	-73.98379855	1
0	22	23288	229	40.72743423	-73.99379025	174	40.7381765	-73.97738662	2
0	22	1348	284	40.7390169121	-74.0026376103	382	40.73492695	-73.99200509	1
0	22	37848	147	40.71542197	-74.01121978	116	40.74177603	-74.00149746	1
0	22	23670	311	40.7172274	-73.98802084	282	40.70827295	-73.96834101	1
0	22	12897	441	40.756014	-73.967416	2021	40.75929124	-73.98859651	1
0	22	10219	229	40.72743423	-73.99379025	380	40.73401143	-74.00293877	1
0	22	13800	435	40.74173969	-73.99415556	128	40.72710258	-74.00297088	1
0	22	32615	152	40.71473993	-74.00910627	435	40.74173969	-73.99415556	1
0	22	31920	316	40.70955958	-74.00653609	276	40.71748752	-74.0104554	1
0	22	23165	540	40.74147286	-73.98320928	531	40.71893904	-73.99266288	1
0	22	2717	483	40.73223272	-73.98889957	330	40.71450451	-74.00562789	1
0	22	11018	345	40.73649403	-73.99704374	293	40.73028666	-73.9907647	1
0	22	22045	435	40.74173969	-73.99415556	524	40.75527307	-73.98316936	1
0	22	18297	499	40.76915505	-73.98191841	457	40.76695317	-73.98169333	1
0	22	3439	329	40.72043411	-74.01020609	147	40.71542197	-74.01121978	1
0	22	30024	493	40.7568001	-73.98291153	442	40.746647	-73.993915	1
0	22	11686	280	40.73331967	-73.99510132	428	40.72467721	-73.98783413	1
0	22	19975	449	40.76461837	-73.98789473	448	40.75660359	-73.9979009	1
0	22	29864	446	40.74487634	-73.99529885	2010	40.72165481	-74.00234737	1
0	22	21972	312	40.722055	-73.989111	496	40.73726186	-73.99238967	1
0	22	18846	405	40.739323	-74.008119	368	40.73038599	-74.00214988	1
0	22	34739	347	40.72873888	-74.00748842	325	40.73624527	-73.98473765	1
0	22	891	224	40.71146364	-74.00552427	306	40.70823502	-74.00530063	1
0	22	65266	363	40.70834698	-74.01713445	324	40.689888	-73.981013	1
0	22	233	151	40.7218158	-73.99720307	237	40.73047309	-73.98672378	1
0	22	1128	363	40.70834698	-74.01713445	458	40.751396	-74.005226	1
0	22	42227	336	40.73047747	-73.99906065	457	40.76695317	-73.98169333	1
0	22	43999	295	40.71406667	-73.99293911	503	40.73827428	-73.98751968	1
0	22	62084	330	40.71450451	-74.00562789	473	40.72110063	-73.9919254	1
0	22	27924	529	40.7575699	-73.99098507	493	40.7568001	-73.98291153	1
0	22	1504	456	40.7597108	-73.97402311	352	40.76340613	-73.97722479	1
0	22	16716	293	40.73028666	-73.9907647	127	40.73172428	-74.00674436	1
0	22	4090	468	40.7652654	-73.98192338	318	40.75320159	-73.9779874	1
0	22	22619	238	40.7361967	-74.00859207	514	40.76087502	-74.00277668	1
0	22	13617	303	40.72362738	-73.99949601	514	40.76087502	-74.00277668	1
0	22	47724	515	40.76009437	-73.99461843	228	40.7546011026	-73.971878855	1
0	22	6242	212	40.74334935	-74.00681753	426	40.71754834	-74.01322069	1
0	22	7506	521	40.75044999	-73.99481051	497	40.73704984	-73.99009296	2
0	22	43434	493	40.7568001	-73.98291153	507	40.73912601	-73.97973776	1
0	22	24247	490	40.751551	-73.993934	167	40.7489006	-73.97604882	1
0	22	52404	312	40.722055	-73.989111	505	40.74901271	-73.98848395	1
0	22	42933	345	40.73649403	-73.99704374	477	40.75640548	-73.9900262	1
0	22	32524	253	40.73543934	-73.99453948	380	40.73401143	-74.00293877	1
0	22	7663	345	40.73649403	-73.99704374	494	40.74734825	-73.99723551	1
0	22	25622	387	40.71273266	-74.0046073	268	40.71910537	-73.99973337	1
0	22	16581	249	40.71870987	-74.0090009	482	40.73935542	-73.99931783	1
0	22	9598	296	40.71413089	-73.9970468	307	40.71427487	-73.98990025	1
0	22	11189	164	40.75323098	-73.97032517	305	40.76095756	-73.96724467	1
0	22	1543	293	40.73028666	-73.9907647	247	40.73535398	-74.00483091	1
0	22	58	435	40.74173969	-73.99415556	462	40.74691959	-74.00451887	1
0	22	6967	387	40.71273266	-74.0046073	151	40.7218158	-73.99720307	1
0	22	44999	368	40.73038599	-74.00214988	448	40.75660359	-73.9979009	1
0	22	32856	446	40.74487634	-73.99529885	415	40.7047177	-74.00926027	1
0	22	1304	486	40.7462009	-73.98855723	160	40.748238	-73.978311	1
0	22	65267	537	40.74025878	-73.98409214	349	40.71850211	-73.98329859	1
0	22	61083	362	40.75172632	-73.98753523	480	40.76669671	-73.99061728	1
0	22	27911	161	40.72917025	-73.99810231	394	40.72521311	-73.97768752	1
0	22	3738	394	40.72521311	-73.97768752	545	40.736502	-73.97809472	1
0	22	27638	355	40.71602118	-73.99974372	426	40.71754834	-74.01322069	1
0	22	23019	361	40.71605866	-73.99190759	295	40.71406667	-73.99293911	1
0	22	24056	312	40.722055	-73.989111	504	40.73221853	-73.98165557	1
0	22	14133	438	40.72779126	-73.98564945	459	40.746745	-74.007756	1
0	22	33371	514	40.76087502	-74.00277668	479	40.76019252	-73.9912551	1
0	22	7610	300	40.728145	-73.990214	531	40.71893904	-73.99266288	1
0	22	10761	412	40.7158155	-73.99422366	307	40.71427487	-73.98990025	1
0	22	2863	435	40.74173969	-73.99415556	519	40.75188406	-73.97770164	1
0	22	7888	345	40.73649403	-73.99704374	466	40.74395411	-73.99144871	1
0	22	12859	428	40.72467721	-73.98783413	428	40.72467721	-73.98783413	1
0	22	45895	300	40.728145	-73.990214	545	40.736502	-73.97809472	1
0	22	33361	252	40.73226398	-73.99852205	128	40.72710258	-74.00297088	1
0	22	55418	457	40.76695317	-73.98169333	540	40.74147286	-73.98320928	1
0	22	31617	2021	40.75929124	-73.98859651	388	40.749717753	-74.002950346	1
0	22	11806	540	40.74147286	-73.98320928	507	40.73912601	-73.97973776	1
0	22	15898	328	40.72405549	-74.00965965	521	40.75044999	-73.99481051	1
0	22	59026	505	40.74901271	-73.98848395	340	40.71269042	-73.98776323	1
0	22	5068	382	40.73492695	-73.99200509	284	40.7390169121	-74.0026376103	1
0	22	62126	150	40.7208736	-73.98085795	411	40.72228087	-73.97668709	1
0	22	13200	472	40.7457121	-73.98194829	442	40.746647	-73.993915	1
0	22	7424	347	40.72873888	-74.00748842	375	40.72679454	-73.99695094	1
0	22	18638	494	40.74734825	-73.99723551	284	40.7390169121	-74.0026376103	1
0	22	33031	448	40.75660359	-73.9979009	505	40.74901271	-73.98848395	1
0	22	57956	362	40.75172632	-73.98753523	174	40.7381765	-73.97738662	1
0	22	5147	174	40.7381765	-73.97738662	540	40.74147286	-73.98320928	1
0	22	45525	174	40.7381765	-73.97738662	501	40.744219	-73.97121214	1
0	22	7039	382	40.73492695	-73.99200509	536	40.74144387	-73.97536082	1
0	22	584	417	40.71291224	-74.01020234	327	40.7153379	-74.01658354	1
0	22	2582	432	40.72621788	-73.98379855	164	40.75323098	-73.97032517	1
0	22	65268	253	40.73543934	-73.99453948	455	40.75001986	-73.96905301	1
0	22	26955	260	40.70365182	-74.01167797	360	40.70717936	-74.00887308	1
0	22	2587	432	40.72621788	-73.98379855	435	40.74173969	-73.99415556	1
0	22	24055	300	40.728145	-73.990214	307	40.71427487	-73.98990025	1
0	22	64275	512	40.7500727	-73.99839279	318	40.75320159	-73.9779874	1
0	22	30026	442	40.746647	-73.993915	284	40.7390169121	-74.0026376103	1
0	22	33530	294	40.73049393	-73.9957214	174	40.7381765	-73.97738662	1
0	22	54659	436	40.68216564	-73.95399026	471	40.71286844	-73.95698119	1
0	22	34807	511	40.72938685	-73.97772429	358	40.73291553	-74.00711384	1
0	22	46688	509	40.7454973	-74.00197139	450	40.76227205	-73.98788205	1
0	22	30090	461	40.73587678	-73.98205027	498	40.74854862	-73.98808416	1
0	22	63035	490	40.751551	-73.993934	331	40.71173107	-73.99193043	1
0	22	13070	446	40.74487634	-73.99529885	453	40.74475148	-73.99915362	1
0	22	16448	312	40.722055	-73.989111	237	40.73047309	-73.98672378	1
0	22	21465	545	40.736502	-73.97809472	342	40.71739973	-73.98016555	1
0	22	16124	352	40.76340613	-73.97722479	450	40.76227205	-73.98788205	1
0	22	19085	432	40.72621788	-73.98379855	252	40.73226398	-73.99852205	1
0	22	1607	458	40.751396	-74.005226	462	40.74691959	-74.00451887	1
0	22	30291	490	40.751551	-73.993934	513	40.768254	-73.988639	1
0	22	37524	474	40.7451677	-73.98683077	480	40.76669671	-73.99061728	1
0	22	4171	251	40.72317958	-73.99480012	377	40.72243797	-74.00566443	2
0	22	5239	305	40.76095756	-73.96724467	493	40.7568001	-73.98291153	1
0	22	37136	434	40.74317449	-74.00366443	243	40.687979	-73.978474	1
0	22	1677	357	40.73261787	-73.99158043	212	40.74334935	-74.00681753	1
0	22	5934	316	40.70955958	-74.00653609	415	40.7047177	-74.00926027	1
0	22	54856	357	40.73261787	-73.99158043	536	40.74144387	-73.97536082	1
0	22	32537	385	40.75797322	-73.96603308	546	40.74444921	-73.98303529	1
0	22	21536	521	40.75044999	-73.99481051	236	40.7284186	-73.98713956	1
0	22	36381	511	40.72938685	-73.97772429	507	40.73912601	-73.97973776	1
0	22	18600	144	40.69839895	-73.98068914	2002	40.716887	-73.963198	1
0	22	32146	499	40.76915505	-73.98191841	513	40.768254	-73.988639	1
0	22	20876	459	40.746745	-74.007756	511	40.72938685	-73.97772429	1
0	22	25350	2022	40.75849116	-73.95920622	164	40.75323098	-73.97032517	1
0	22	12973	499	40.76915505	-73.98191841	524	40.75527307	-73.98316936	1
0	22	65269	415	40.7047177	-74.00926027	461	40.73587678	-73.98205027	1
0	22	33850	435	40.74173969	-73.99415556	352	40.76340613	-73.97722479	1
0	22	21197	447	40.76370739	-73.9851615	479	40.76019252	-73.9912551	1
0	22	29264	428	40.72467721	-73.98783413	224	40.71146364	-74.00552427	1
0	22	4510	450	40.76227205	-73.98788205	508	40.76341379	-73.99667444	1
0	22	39001	388	40.749717753	-74.002950346	449	40.76461837	-73.98789473	1
0	22	46169	251	40.72317958	-73.99480012	83	40.68382604	-73.97632328	2
0	22	18884	528	40.74290902	-73.97706058	237	40.73047309	-73.98672378	2
0	22	9742	545	40.736502	-73.97809472	316	40.70955958	-74.00653609	1
0	22	30261	252	40.73226398	-73.99852205	445	40.72740794	-73.98142006	1
0	22	45531	531	40.71893904	-73.99266288	403	40.72502876	-73.99069656	1
0	22	46365	403	40.72502876	-73.99069656	237	40.73047309	-73.98672378	1
0	22	13108	524	40.75527307	-73.98316936	521	40.75044999	-73.99481051	1
0	22	2616	293	40.73028666	-73.9907647	497	40.73704984	-73.99009296	1
0	22	28487	153	40.752062307	-73.9816324043	116	40.74177603	-74.00149746	1
0	22	51029	368	40.73038599	-74.00214988	457	40.76695317	-73.98169333	1
0	22	65270	482	40.73935542	-73.99931783	331	40.71173107	-73.99193043	1
0	22	13665	247	40.73535398	-74.00483091	303	40.72362738	-73.99949601	1
0	22	13471	520	40.75992262	-73.97648516	480	40.76669671	-73.99061728	1
0	22	3415	410	40.72066442	-73.98517977	345	40.73649403	-73.99704374	1
0	22	26785	472	40.7457121	-73.98194829	475	40.73524276	-73.98758561	1
0	22	19567	2006	40.76590936	-73.97634151	529	40.7575699	-73.99098507	1
0	22	65271	343	40.69794	-73.96986848	157	40.69089272	-73.99612349	1
0	22	34606	439	40.7262807	-73.98978041	310	40.68926942	-73.98912867	1
0	22	5143	297	40.734232	-73.986923	458	40.751396	-74.005226	1
0	22	23334	539	40.71534825	-73.96024116	384	40.68317813	-73.9659641	1
0	22	497	512	40.7500727	-73.99839279	447	40.76370739	-73.9851615	1
0	22	57759	512	40.7500727	-73.99839279	486	40.7462009	-73.98855723	1
0	22	996	347	40.72873888	-74.00748842	426	40.71754834	-74.01322069	1
0	22	14015	496	40.73726186	-73.99238967	306	40.70823502	-74.00530063	1
0	22	36670	442	40.746647	-73.993915	348	40.72490985	-74.00154702	1
0	22	12015	293	40.73028666	-73.9907647	336	40.73047747	-73.99906065	1
0	22	20835	497	40.73704984	-73.99009296	528	40.74290902	-73.97706058	1
0	22	588	128	40.72710258	-74.00297088	254	40.73532427	-73.99800419	1
0	22	39008	405	40.739323	-74.008119	433	40.72955361	-73.98057249	1
0	22	34668	507	40.73912601	-73.97973776	441	40.756014	-73.967416	1
0	22	65272	357	40.73261787	-73.99158043	2009	40.71117444	-73.99682619	1
0	22	15583	380	40.73401143	-74.00293877	225	40.74195138	-74.00803013	1
0	22	3076	410	40.72066442	-73.98517977	340	40.71269042	-73.98776323	1
0	22	16210	280	40.73331967	-73.99510132	328	40.72405549	-74.00965965	1
0	22	3444	271	40.68528172	-73.97805813	399	40.68851534	-73.9647628	1
0	22	27330	291	40.713126	-73.984844	342	40.71739973	-73.98016555	1
0	22	6716	284	40.7390169121	-74.0026376103	447	40.76370739	-73.9851615	1
0	22	12371	521	40.75044999	-73.99481051	477	40.75640548	-73.9900262	1
0	22	5273	293	40.73028666	-73.9907647	294	40.73049393	-73.9957214	1
0	22	38888	500	40.76228826	-73.98336183	513	40.768254	-73.988639	1
0	22	11284	293	40.73028666	-73.9907647	325	40.73624527	-73.98473765	1
0	22	65273	160	40.748238	-73.978311	323	40.69236178	-73.98631746	1
0	22	24757	512	40.7500727	-73.99839279	510	40.7606597	-73.98042047	1
0	22	20255	173	40.76064679	-73.98442659	477	40.75640548	-73.9900262	1
0	22	55640	462	40.74691959	-74.00451887	528	40.74290902	-73.97706058	1
0	22	2496	318	40.75320159	-73.9779874	477	40.75640548	-73.9900262	1
0	22	11084	290	40.76020258	-73.96478473	469	40.76344058	-73.98268129	2
0	22	8105	382	40.73492695	-73.99200509	2004	40.724399	-74.004704	1
0	22	18505	128	40.72710258	-74.00297088	439	40.7262807	-73.98978041	1
0	22	4153	335	40.72903917	-73.99404649	382	40.73492695	-73.99200509	1
0	22	10921	537	40.74025878	-73.98409214	459	40.746745	-74.007756	1
0	22	4269	462	40.74691959	-74.00451887	168	40.73971301	-73.99456405	1
0	22	3312	435	40.74173969	-73.99415556	504	40.73221853	-73.98165557	1
0	22	9007	382	40.73492695	-73.99200509	300	40.728145	-73.990214	1
0	22	50852	401	40.72019576	-73.98997825	116	40.74177603	-74.00149746	1
0	22	65274	296	40.71413089	-73.9970468	518	40.74780373	-73.9734419	1
0	22	42235	270	40.69308257	-73.97178913	241	40.68981035	-73.97493121	1
0	22	22893	494	40.74734825	-73.99723551	448	40.75660359	-73.9979009	1
0	22	2087	521	40.75044999	-73.99481051	195	40.70905623	-74.01043382	1
0	22	13442	445	40.72740794	-73.98142006	345	40.73649403	-73.99704374	1
0	22	37762	461	40.73587678	-73.98205027	150	40.7208736	-73.98085795	1
0	22	19838	462	40.74691959	-74.00451887	440	40.75255434	-73.97282625	1
0	22	21082	335	40.72903917	-73.99404649	252	40.73226398	-73.99852205	1
0	22	38941	237	40.73047309	-73.98672378	380	40.73401143	-74.00293877	1
0	22	27444	436	40.68216564	-73.95399026	467	40.68312489	-73.97895137	1
0	22	23516	383	40.735238	-74.000271	280	40.73331967	-73.99510132	1
0	22	1086	332	40.71219906	-73.97948148	307	40.71427487	-73.98990025	2
0	22	12185	497	40.73704984	-73.99009296	487	40.73314259	-73.97573881	1
0	22	10952	280	40.73331967	-73.99510132	466	40.74395411	-73.99144871	1
0	22	24187	116	40.74177603	-74.00149746	445	40.72740794	-73.98142006	1
0	22	28936	2005	40.70531194	-73.97100056	2001	40.69892054	-73.97332996	3
0	22	49910	152	40.71473993	-74.00910627	534	40.70255065	-74.0127234	1
0	22	23419	475	40.73524276	-73.98758561	236	40.7284186	-73.98713956	1
0	22	12314	251	40.72317958	-73.99480012	401	40.72019576	-73.98997825	2
0	22	33870	385	40.75797322	-73.96603308	439	40.7262807	-73.98978041	1
0	22	3174	513	40.768254	-73.988639	457	40.76695317	-73.98169333	1
0	22	43397	450	40.76227205	-73.98788205	517	40.75149263	-73.97798848	2
0	22	37221	83	40.68382604	-73.97632328	274	40.68691865	-73.976682	1
0	22	51817	479	40.76019252	-73.9912551	385	40.75797322	-73.96603308	1
0	22	19348	252	40.73226398	-73.99852205	382	40.73492695	-73.99200509	2
0	22	33782	290	40.76020258	-73.96478473	482	40.73935542	-73.99931783	1
0	22	4814	492	40.75019995	-73.99093085	300	40.728145	-73.990214	1
0	22	46605	274	40.68691865	-73.976682	431	40.68864636	-73.98263429	1
0	22	65275	261	40.69474881	-73.98362464	218	40.69028437	-73.98707105	1
0	22	35234	336	40.73047747	-73.99906065	426	40.71754834	-74.01322069	1
0	22	42755	518	40.74780373	-73.9734419	315	40.70355377	-74.00670227	2
0	22	30613	297	40.734232	-73.986923	394	40.72521311	-73.97768752	1
0	22	11920	545	40.736502	-73.97809472	174	40.7381765	-73.97738662	2
0	22	22306	450	40.76227205	-73.98788205	422	40.770513	-73.988038	1
0	22	60066	312	40.722055	-73.989111	460	40.71285887	-73.96590294	1
0	22	30535	472	40.7457121	-73.98194829	237	40.73047309	-73.98672378	1
0	22	12276	312	40.722055	-73.989111	346	40.73652889	-74.00618026	1
0	22	11399	483	40.73223272	-73.98889957	335	40.72903917	-73.99404649	1
0	22	20740	315	40.70355377	-74.00670227	532	40.710451	-73.960876	1
0	22	43	490	40.751551	-73.993934	507	40.73912601	-73.97973776	1
0	22	43501	403	40.72502876	-73.99069656	116	40.74177603	-74.00149746	1
0	22	65050	382	40.73492695	-73.99200509	82	40.71117416	-74.00016545	1
0	22	5764	293	40.73028666	-73.9907647	345	40.73649403	-73.99704374	1
0	22	5202	284	40.7390169121	-74.0026376103	405	40.739323	-74.008119	1
0	22	3966	504	40.73221853	-73.98165557	394	40.72521311	-73.97768752	1
0	22	9379	2023	40.75968085	-73.97031366	481	40.71260486	-73.96264403	1
0	22	50161	470	40.74345335	-74.00004031	167	40.7489006	-73.97604882	1
0	22	9134	79	40.71911552	-74.00666661	276	40.71748752	-74.0104554	1
0	22	23134	164	40.75323098	-73.97032517	295	40.71406667	-73.99293911	1
0	22	21939	498	40.74854862	-73.98808416	345	40.73649403	-73.99704374	1
0	22	23528	536	40.74144387	-73.97536082	477	40.75640548	-73.9900262	1
0	22	23409	265	40.72229346	-73.99147535	326	40.72953837	-73.98426726	1
0	22	873	521	40.75044999	-73.99481051	482	40.73935542	-73.99931783	1
0	22	19625	442	40.746647	-73.993915	438	40.72779126	-73.98564945	1
0	22	46677	212	40.74334935	-74.00681753	404	40.7405826	-74.00550867	1
0	22	1895	426	40.71754834	-74.01322069	328	40.72405549	-74.00965965	2
0	22	33416	528	40.74290902	-73.97706058	537	40.74025878	-73.98409214	2
0	22	10110	430	40.7014851	-73.98656928	430	40.7014851	-73.98656928	1
0	22	30370	521	40.75044999	-73.99481051	518	40.74780373	-73.9734419	1
0	22	211	160	40.748238	-73.978311	461	40.73587678	-73.98205027	1
0	22	29362	358	40.73291553	-74.00711384	482	40.73935542	-73.99931783	1
0	22	22022	466	40.74395411	-73.99144871	345	40.73649403	-73.99704374	1
0	22	65276	72	40.76727216	-73.99392888	394	40.72521311	-73.97768752	1
0	22	46818	160	40.748238	-73.978311	293	40.73028666	-73.9907647	1
0	22	10106	2010	40.72165481	-74.00234737	531	40.71893904	-73.99266288	1
0	22	17477	345	40.73649403	-73.99704374	237	40.73047309	-73.98672378	1
0	22	21903	521	40.75044999	-73.99481051	496	40.73726186	-73.99238967	1
0	22	18897	513	40.768254	-73.988639	2021	40.75929124	-73.98859651	2
0	22	57048	266	40.72368361	-73.97574813	2012	40.739445	-73.976806	1
0	22	45477	475	40.73524276	-73.98758561	358	40.73291553	-74.00711384	1
0	22	7128	521	40.75044999	-73.99481051	404	40.7405826	-74.00550867	1
0	22	35999	414	40.70281858	-73.98765762	387	40.71273266	-74.0046073	2
0	22	14824	479	40.76019252	-73.9912551	459	40.746745	-74.007756	1
0	22	34909	482	40.73935542	-73.99931783	356	40.71622644	-73.98261206	1
0	22	45473	358	40.73291553	-74.00711384	462	40.74691959	-74.00451887	1
0	22	29481	353	40.68539567	-73.97431458	83	40.68382604	-73.97632328	1
0	22	10631	380	40.73401143	-74.00293877	346	40.73652889	-74.00618026	1
0	22	2519	326	40.72953837	-73.98426726	223	40.73781509	-73.99994661	1
0	22	47643	297	40.734232	-73.986923	546	40.74444921	-73.98303529	1
0	22	65277	431	40.68864636	-73.98263429	415	40.7047177	-74.00926027	1
0	22	43709	449	40.76461837	-73.98789473	238	40.7361967	-74.00859207	1
0	22	6106	453	40.74475148	-73.99915362	2021	40.75929124	-73.98859651	1
0	22	9485	465	40.75513557	-73.98658032	465	40.75513557	-73.98658032	1
0	22	16498	265	40.72229346	-73.99147535	459	40.746745	-74.007756	1
0	22	16290	161	40.72917025	-73.99810231	284	40.7390169121	-74.0026376103	1
0	22	3625	294	40.73049393	-73.9957214	382	40.73492695	-73.99200509	1
0	22	60499	147	40.71542197	-74.01121978	477	40.75640548	-73.9900262	1
0	22	41821	332	40.71219906	-73.97948148	305	40.76095756	-73.96724467	1
0	22	32637	462	40.74691959	-74.00451887	160	40.748238	-73.978311	1
0	22	31044	508	40.76341379	-73.99667444	422	40.770513	-73.988038	1
0	22	30083	520	40.75992262	-73.97648516	482	40.73935542	-73.99931783	1
0	22	11791	324	40.689888	-73.981013	262	40.69178232	-73.97372989	2
0	22	2217	265	40.72229346	-73.99147535	499	40.76915505	-73.98191841	1
0	22	8534	380	40.73401143	-74.00293877	254	40.73532427	-73.99800419	1
0	22	22147	531	40.71893904	-73.99266288	265	40.72229346	-73.99147535	1
0	22	33162	448	40.75660359	-73.9979009	533	40.75299641	-73.98721619	1
0	22	21846	482	40.73935542	-73.99931783	116	40.74177603	-74.00149746	1
0	22	4247	426	40.71754834	-74.01322069	404	40.7405826	-74.00550867	1
0	22	1326	490	40.751551	-73.993934	508	40.76341379	-73.99667444	1
0	22	27745	161	40.72917025	-73.99810231	447	40.76370739	-73.9851615	1
0	22	8652	435	40.74173969	-73.99415556	358	40.73291553	-74.00711384	1
0	22	51567	539	40.71534825	-73.96024116	397	40.68415748	-73.96922273	1
0	22	34496	460	40.71285887	-73.96590294	460	40.71285887	-73.96590294	2
0	22	30089	386	40.71494807	-74.00234482	265	40.72229346	-73.99147535	1
0	22	31893	383	40.735238	-74.000271	294	40.73049393	-73.9957214	1
0	22	45370	433	40.72955361	-73.98057249	447	40.76370739	-73.9851615	1
0	22	8010	317	40.72453734	-73.98185424	439	40.7262807	-73.98978041	1
0	22	9164	499	40.76915505	-73.98191841	499	40.76915505	-73.98191841	1
0	22	5462	387	40.71273266	-74.0046073	306	40.70823502	-74.00530063	1
0	22	14446	257	40.71939226	-74.00247214	2004	40.724399	-74.004704	1
0	22	57186	265	40.72229346	-73.99147535	320	40.71743998	-74.00583475	1
0	22	51996	120	40.68676793	-73.95928168	481	40.71260486	-73.96264403	1
0	22	14527	439	40.7262807	-73.98978041	432	40.72621788	-73.98379855	1
0	22	19011	414	40.70281858	-73.98765762	389	40.71044554	-73.96525063	1
0	22	19606	483	40.73223272	-73.98889957	251	40.72317958	-73.99480012	1
0	22	36123	264	40.70706456	-74.00731853	474	40.7451677	-73.98683077	1
0	22	17883	457	40.76695317	-73.98169333	468	40.7652654	-73.98192338	1
0	22	21277	523	40.75466591	-73.99138152	467	40.68312489	-73.97895137	1
0	22	42337	369	40.73224119	-74.00026394	459	40.746745	-74.007756	1
0	22	26968	445	40.72740794	-73.98142006	300	40.728145	-73.990214	1
0	22	56846	300	40.728145	-73.990214	539	40.71534825	-73.96024116	1
0	22	55742	157	40.69089272	-73.99612349	418	40.70224	-73.982578	2
0	22	5533	347	40.72873888	-74.00748842	2004	40.724399	-74.004704	1
0	22	32167	433	40.72955361	-73.98057249	266	40.72368361	-73.97574813	1
0	22	19886	509	40.7454973	-74.00197139	345	40.73649403	-73.99704374	1
0	22	37034	404	40.7405826	-74.00550867	457	40.76695317	-73.98169333	3
0	22	4853	382	40.73492695	-73.99200509	518	40.74780373	-73.9734419	1
0	22	19192	300	40.728145	-73.990214	336	40.73047747	-73.99906065	2
0	22	7349	2012	40.739445	-73.976806	167	40.7489006	-73.97604882	1
0	22	29095	312	40.722055	-73.989111	393	40.72299208	-73.97995466	1
0	22	2515	297	40.734232	-73.986923	174	40.7381765	-73.97738662	1
0	22	23765	157	40.69089272	-73.99612349	324	40.689888	-73.981013	1
0	22	65278	440	40.75255434	-73.97282625	254	40.73532427	-73.99800419	1
0	22	3767	327	40.7153379	-74.01658354	195	40.70905623	-74.01043382	2
0	22	3664	167	40.7489006	-73.97604882	514	40.76087502	-74.00277668	1
0	22	65279	505	40.74901271	-73.98848395	2008	40.70569254	-74.01677685	1
0	22	18465	361	40.71605866	-73.99190759	410	40.72066442	-73.98517977	1
0	22	9841	212	40.74334935	-74.00681753	405	40.739323	-74.008119	1
0	22	35870	382	40.73492695	-73.99200509	538	40.75795248	-73.97787642	1
0	22	13726	375	40.72679454	-73.99695094	150	40.7208736	-73.98085795	1
0	22	13905	499	40.76915505	-73.98191841	529	40.7575699	-73.99098507	1
0	22	23172	296	40.71413089	-73.9970468	2009	40.71117444	-73.99682619	1
0	22	41260	462	40.74691959	-74.00451887	423	40.76584941	-73.98690506	1
0	22	12634	417	40.71291224	-74.01020234	127	40.73172428	-74.00674436	1
0	22	469	513	40.768254	-73.988639	490	40.751551	-73.993934	1
0	22	3478	276	40.71748752	-74.0104554	79	40.71911552	-74.00666661	1
0	22	33942	252	40.73226398	-73.99852205	511	40.72938685	-73.97772429	1
0	22	44562	223	40.73781509	-73.99994661	438	40.72779126	-73.98564945	1
0	22	40842	300	40.728145	-73.990214	488	40.75645824	-73.99372222	1
0	22	10002	448	40.75660359	-73.9979009	459	40.746745	-74.007756	1
0	22	19922	459	40.746745	-74.007756	293	40.73028666	-73.9907647	2
0	22	65280	348	40.72490985	-74.00154702	366	40.693261	-73.968896	1
0	22	33820	391	40.69760127	-73.99344559	310	40.68926942	-73.98912867	1
0	22	26978	393	40.72299208	-73.97995466	504	40.73221853	-73.98165557	1
0	22	13887	2006	40.76590936	-73.97634151	153	40.752062307	-73.9816324043	1
0	22	8767	311	40.7172274	-73.98802084	268	40.71910537	-73.99973337	1
0	22	19902	251	40.72317958	-73.99480012	532	40.710451	-73.960876	1
0	22	39515	164	40.75323098	-73.97032517	463	40.74206539	-74.00443172	1
0	22	9208	358	40.73291553	-74.00711384	323	40.69236178	-73.98631746	1
0	22	29624	505	40.74901271	-73.98848395	546	40.74444921	-73.98303529	1
0	22	613	488	40.75645824	-73.99372222	458	40.751396	-74.005226	1
0	22	15678	465	40.75513557	-73.98658032	514	40.76087502	-74.00277668	1
0	22	1281	518	40.74780373	-73.9734419	173	40.76064679	-73.98442659	1
0	22	13126	72	40.76727216	-73.99392888	466	40.74395411	-73.99144871	1
0	22	5935	382	40.73492695	-73.99200509	475	40.73524276	-73.98758561	1
0	22	1757	539	40.71534825	-73.96024116	282	40.70827295	-73.96834101	1
0	22	35108	161	40.72917025	-73.99810231	160	40.748238	-73.978311	1
0	22	10954	510	40.7606597	-73.98042047	468	40.7652654	-73.98192338	1
0	22	31058	2002	40.716887	-73.963198	301	40.72217444	-73.98368779	1
0	22	18076	147	40.71542197	-74.01121978	224	40.71146364	-74.00552427	1
0	22	42101	495	40.76269882	-73.99301222	468	40.7652654	-73.98192338	1
0	22	53302	411	40.72228087	-73.97668709	311	40.7172274	-73.98802084	1
0	22	15776	438	40.72779126	-73.98564945	237	40.73047309	-73.98672378	1
0	22	23203	536	40.74144387	-73.97536082	521	40.75044999	-73.99481051	1
0	22	21343	536	40.74144387	-73.97536082	375	40.72679454	-73.99695094	2
0	22	42994	539	40.71534825	-73.96024116	368	40.73038599	-74.00214988	1
0	22	1333	387	40.71273266	-74.0046073	329	40.72043411	-74.01020609	1
0	22	24281	477	40.75640548	-73.9900262	461	40.73587678	-73.98205027	1
0	22	55680	390	40.69221589	-73.9842844	416	40.68753406	-73.97265183	1
0	22	22377	511	40.72938685	-73.97772429	439	40.7262807	-73.98978041	1
0	22	10368	228	40.7546011026	-73.971878855	305	40.76095756	-73.96724467	1
0	22	11750	263	40.71729	-73.996375	195	40.70905623	-74.01043382	2
0	22	10560	497	40.73704984	-73.99009296	347	40.72873888	-74.00748842	1
0	22	1930	519	40.75188406	-73.97770164	545	40.736502	-73.97809472	1
0	22	18919	488	40.75645824	-73.99372222	515	40.76009437	-73.99461843	1
0	22	10638	128	40.72710258	-74.00297088	368	40.73038599	-74.00214988	1
0	22	177	151	40.7218158	-73.99720307	361	40.71605866	-73.99190759	1
0	22	41375	345	40.73649403	-73.99704374	257	40.71939226	-74.00247214	1
0	22	38905	296	40.71413089	-73.9970468	306	40.70823502	-74.00530063	2
0	22	52538	490	40.751551	-73.993934	358	40.73291553	-74.00711384	1
0	22	25747	540	40.74147286	-73.98320928	380	40.73401143	-74.00293877	1
0	22	9958	495	40.76269882	-73.99301222	493	40.7568001	-73.98291153	1
0	22	22315	439	40.7262807	-73.98978041	323	40.69236178	-73.98631746	1
0	22	65281	249	40.71870987	-74.0090009	373	40.69331716	-73.95381995	1
0	22	9540	462	40.74691959	-74.00451887	446	40.74487634	-73.99529885	1
0	22	24171	513	40.768254	-73.988639	521	40.75044999	-73.99481051	1
0	22	54648	254	40.73532427	-73.99800419	525	40.75594159	-74.0021163	1
0	22	5837	383	40.735238	-74.000271	459	40.746745	-74.007756	1
0	22	10901	257	40.71939226	-74.00247214	147	40.71542197	-74.01121978	1
0	22	33911	470	40.74345335	-74.00004031	508	40.76341379	-73.99667444	1
0	22	15942	276	40.71748752	-74.0104554	224	40.71146364	-74.00552427	1
0	22	9501	525	40.75594159	-74.0021163	127	40.73172428	-74.00674436	1
0	22	4829	403	40.72502876	-73.99069656	336	40.73047747	-73.99906065	1
0	22	34972	449	40.76461837	-73.98789473	453	40.74475148	-73.99915362	1
0	22	23447	494	40.74734825	-73.99723551	546	40.74444921	-73.98303529	1
0	22	5838	477	40.75640548	-73.9900262	380	40.73401143	-74.00293877	1
0	22	8613	435	40.74173969	-73.99415556	490	40.751551	-73.993934	1
0	22	22934	253	40.73543934	-73.99453948	244	40.69196035	-73.96536851	1
0	22	442	539	40.71534825	-73.96024116	532	40.710451	-73.960876	1
0	22	2223	394	40.72521311	-73.97768752	280	40.73331967	-73.99510132	2
0	22	9411	447	40.76370739	-73.9851615	385	40.75797322	-73.96603308	1
0	22	34627	83	40.68382604	-73.97632328	353	40.68539567	-73.97431458	1
0	22	11762	545	40.736502	-73.97809472	545	40.736502	-73.97809472	1
0	22	3960	426	40.71754834	-74.01322069	405	40.739323	-74.008119	1
0	22	55758	325	40.73624527	-73.98473765	455	40.75001986	-73.96905301	1
0	22	9641	404	40.7405826	-74.00550867	327	40.7153379	-74.01658354	1
0	22	61369	533	40.75299641	-73.98721619	508	40.76341379	-73.99667444	1
0	22	25784	546	40.74444921	-73.98303529	360	40.70717936	-74.00887308	1
0	22	40429	368	40.73038599	-74.00214988	320	40.71743998	-74.00583475	1
0	22	43340	516	40.75206862	-73.96784384	2010	40.72165481	-74.00234737	1
0	22	21514	531	40.71893904	-73.99266288	531	40.71893904	-73.99266288	1
0	22	22750	447	40.76370739	-73.9851615	280	40.73331967	-73.99510132	1
0	22	45773	438	40.72779126	-73.98564945	454	40.75455731	-73.96592976	1
0	22	65282	483	40.73223272	-73.98889957	340	40.71269042	-73.98776323	1
0	22	29449	161	40.72917025	-73.99810231	319	40.71336124	-74.00937622	1
0	22	15548	295	40.71406667	-73.99293911	341	40.71782143	-73.97628939	1
0	22	8559	497	40.73704984	-73.99009296	546	40.74444921	-73.98303529	1
0	22	11757	164	40.75323098	-73.97032517	456	40.7597108	-73.97402311	1
0	22	65283	385	40.75797322	-73.96603308	127	40.73172428	-74.00674436	1
0	22	48279	293	40.73028666	-73.9907647	361	40.71605866	-73.99190759	1
0	22	16000	300	40.728145	-73.990214	403	40.72502876	-73.99069656	1
0	22	12048	449	40.76461837	-73.98789473	498	40.74854862	-73.98808416	1
0	22	37750	241	40.68981035	-73.97493121	275	40.68650065	-73.96563307	1
0	22	4481	2002	40.716887	-73.963198	539	40.71534825	-73.96024116	3
0	22	20823	493	40.7568001	-73.98291153	510	40.7606597	-73.98042047	2
0	22	2557	363	40.70834698	-74.01713445	195	40.70905623	-74.01043382	1
0	22	20402	383	40.735238	-74.000271	147	40.71542197	-74.01121978	1
0	22	2822	487	40.73314259	-73.97573881	545	40.736502	-73.97809472	1
0	22	16500	324	40.689888	-73.981013	270	40.69308257	-73.97178913	1
0	22	3648	426	40.71754834	-74.01322069	363	40.70834698	-74.01713445	1
0	22	15852	540	40.74147286	-73.98320928	174	40.7381765	-73.97738662	1
0	22	22507	263	40.71729	-73.996375	488	40.75645824	-73.99372222	1
0	22	33905	482	40.73935542	-73.99931783	263	40.71729	-73.996375	1
0	22	24083	347	40.72873888	-74.00748842	79	40.71911552	-74.00666661	1
0	22	20859	368	40.73038599	-74.00214988	505	40.74901271	-73.98848395	1
0	22	65284	280	40.73331967	-73.99510132	306	40.70823502	-74.00530063	1
0	22	14397	504	40.73221853	-73.98165557	454	40.75455731	-73.96592976	1
0	22	27489	483	40.73223272	-73.98889957	536	40.74144387	-73.97536082	1
0	22	11954	380	40.73401143	-74.00293877	439	40.7262807	-73.98978041	1
0	22	1719	243	40.687979	-73.978474	484	40.75500254	-73.98014437	1
0	22	6089	475	40.73524276	-73.98758561	466	40.74395411	-73.99144871	1
0	22	337	521	40.75044999	-73.99481051	508	40.76341379	-73.99667444	1
0	22	38566	2006	40.76590936	-73.97634151	137	40.761628	-73.972924	1
0	22	8039	335	40.72903917	-73.99404649	257	40.71939226	-74.00247214	1
0	22	19448	325	40.73624527	-73.98473765	528	40.74290902	-73.97706058	1
0	22	22552	223	40.73781509	-73.99994661	336	40.73047747	-73.99906065	3
0	22	14239	511	40.72938685	-73.97772429	459	40.746745	-74.007756	1
0	22	6605	347	40.72873888	-74.00748842	152	40.71473993	-74.00910627	1
0	22	9900	483	40.73223272	-73.98889957	151	40.7218158	-73.99720307	1
0	22	20485	492	40.75019995	-73.99093085	499	40.76915505	-73.98191841	1
0	22	16064	285	40.73454567	-73.99074142	268	40.71910537	-73.99973337	1
0	22	19854	368	40.73038599	-74.00214988	402	40.7403432	-73.98955109	1
0	22	34877	168	40.73971301	-73.99456405	306	40.70823502	-74.00530063	1
0	22	46049	237	40.73047309	-73.98672378	150	40.7208736	-73.98085795	1
0	22	2852	305	40.76095756	-73.96724467	228	40.7546011026	-73.971878855	2
0	22	29237	493	40.7568001	-73.98291153	238	40.7361967	-74.00859207	1
0	22	11779	2001	40.69892054	-73.97332996	2005	40.70531194	-73.97100056	2
0	22	4423	391	40.69760127	-73.99344559	2000	40.70255088	-73.98940236	1
0	22	36115	349	40.71850211	-73.98329859	459	40.746745	-74.007756	1
0	22	31479	504	40.73221853	-73.98165557	455	40.75001986	-73.96905301	1
0	22	9470	348	40.72490985	-74.00154702	521	40.75044999	-73.99481051	1
0	22	451	151	40.7218158	-73.99720307	376	40.70862144	-74.00722156	1
0	22	16117	249	40.71870987	-74.0090009	147	40.71542197	-74.01121978	1
0	22	4913	486	40.7462009	-73.98855723	444	40.7423543	-73.98915076	1
0	22	13499	521	40.75044999	-73.99481051	368	40.73038599	-74.00214988	1
0	22	22791	252	40.73226398	-73.99852205	368	40.73038599	-74.00214988	1
0	22	7886	457	40.76695317	-73.98169333	448	40.75660359	-73.9979009	1
0	22	22776	325	40.73624527	-73.98473765	284	40.7390169121	-74.0026376103	1
0	22	1616	376	40.70862144	-74.00722156	316	40.70955958	-74.00653609	1
0	22	24188	439	40.7262807	-73.98978041	349	40.71850211	-73.98329859	1
0	22	969	293	40.73028666	-73.9907647	459	40.746745	-74.007756	1
0	22	558	395	40.68807003	-73.98410637	271	40.68528172	-73.97805813	1
0	22	43075	360	40.70717936	-74.00887308	358	40.73291553	-74.00711384	1
0	22	10294	459	40.746745	-74.007756	448	40.75660359	-73.9979009	1
0	22	22039	223	40.73781509	-73.99994661	380	40.73401143	-74.00293877	1
0	22	39944	441	40.756014	-73.967416	450	40.76227205	-73.98788205	1
0	22	63164	218	40.69028437	-73.98707105	397	40.68415748	-73.96922273	1
0	22	20176	531	40.71893904	-73.99266288	507	40.73912601	-73.97973776	1
0	22	3150	428	40.72467721	-73.98783413	545	40.736502	-73.97809472	1
0	22	15254	441	40.756014	-73.967416	448	40.75660359	-73.9979009	1
0	22	1119	521	40.75044999	-73.99481051	463	40.74206539	-74.00443172	1
0	22	41790	440	40.75255434	-73.97282625	361	40.71605866	-73.99190759	1
0	22	48554	236	40.7284186	-73.98713956	238	40.7361967	-74.00859207	1
0	22	17273	388	40.749717753	-74.002950346	521	40.75044999	-73.99481051	1
0	22	23286	368	40.73038599	-74.00214988	361	40.71605866	-73.99190759	1
0	22	43607	456	40.7597108	-73.97402311	237	40.73047309	-73.98672378	1
0	22	8404	2021	40.75929124	-73.98859651	459	40.746745	-74.007756	1
0	22	985	515	40.76009437	-73.99461843	318	40.75320159	-73.9779874	1
0	22	466	545	40.736502	-73.97809472	546	40.74444921	-73.98303529	1
0	22	12417	459	40.746745	-74.007756	295	40.71406667	-73.99293911	1
0	22	44536	82	40.71117416	-74.00016545	296	40.71413089	-73.9970468	1
0	22	36460	462	40.74691959	-74.00451887	536	40.74144387	-73.97536082	1
0	22	26696	328	40.72405549	-74.00965965	254	40.73532427	-73.99800419	1
0	22	455	426	40.71754834	-74.01322069	514	40.76087502	-74.00277668	1
0	22	13258	146	40.71625008	-74.0091059	329	40.72043411	-74.01020609	1
0	22	52165	494	40.74734825	-73.99723551	301	40.72217444	-73.98368779	1
0	22	27314	403	40.72502876	-73.99069656	507	40.73912601	-73.97973776	1
0	22	33040	449	40.76461837	-73.98789473	478	40.76030096	-73.99884222	1
0	22	936	513	40.768254	-73.988639	499	40.76915505	-73.98191841	1
0	22	25101	357	40.73261787	-73.99158043	174	40.7381765	-73.97738662	1
0	22	22724	494	40.74734825	-73.99723551	499	40.76915505	-73.98191841	1
0	22	18619	459	40.746745	-74.007756	325	40.73624527	-73.98473765	1
0	22	28267	79	40.71911552	-74.00666661	319	40.71336124	-74.00937622	1
0	22	9522	494	40.74734825	-73.99723551	447	40.76370739	-73.9851615	1
0	22	9002	394	40.72521311	-73.97768752	401	40.72019576	-73.98997825	1
0	22	15578	173	40.76064679	-73.98442659	529	40.7575699	-73.99098507	1
0	22	22262	237	40.73047309	-73.98672378	507	40.73912601	-73.97973776	1
0	22	35016	447	40.76370739	-73.9851615	294	40.73049393	-73.9957214	1
0	22	6943	531	40.71893904	-73.99266288	518	40.74780373	-73.9734419	1
0	22	14207	2012	40.739445	-73.976806	382	40.73492695	-73.99200509	1
0	22	32078	524	40.75527307	-73.98316936	539	40.71534825	-73.96024116	1
0	22	60474	320	40.71743998	-74.00583475	2021	40.75929124	-73.98859651	1
0	22	14280	335	40.72903917	-73.99404649	317	40.72453734	-73.98185424	1
0	22	21341	382	40.73492695	-73.99200509	528	40.74290902	-73.97706058	1
0	22	11892	401	40.72019576	-73.98997825	401	40.72019576	-73.98997825	1
0	22	25418	536	40.74144387	-73.97536082	445	40.72740794	-73.98142006	1
0	22	21119	528	40.74290902	-73.97706058	325	40.73624527	-73.98473765	1
0	22	23512	328	40.72405549	-74.00965965	494	40.74734825	-73.99723551	1
0	22	13641	459	40.746745	-74.007756	349	40.71850211	-73.98329859	1
0	22	52665	369	40.73224119	-74.00026394	422	40.770513	-73.988038	1
0	22	65285	137	40.761628	-73.972924	116	40.74177603	-74.00149746	1
0	22	32926	428	40.72467721	-73.98783413	307	40.71427487	-73.98990025	1
0	22	20667	528	40.74290902	-73.97706058	498	40.74854862	-73.98808416	1
0	22	15233	494	40.74734825	-73.99723551	450	40.76227205	-73.98788205	1
0	22	65286	384	40.68317813	-73.9659641	261	40.69474881	-73.98362464	1
0	22	23125	284	40.7390169121	-74.0026376103	380	40.73401143	-74.00293877	1
0	22	9404	466	40.74395411	-73.99144871	290	40.76020258	-73.96478473	1
0	22	28850	494	40.74734825	-73.99723551	457	40.76695317	-73.98169333	1
0	22	933	545	40.736502	-73.97809472	518	40.74780373	-73.9734419	1
0	22	40748	512	40.7500727	-73.99839279	128	40.72710258	-74.00297088	2
0	22	15661	494	40.74734825	-73.99723551	312	40.722055	-73.989111	1
0	22	44097	325	40.73624527	-73.98473765	223	40.73781509	-73.99994661	2
0	22	29548	281	40.7643971	-73.97371465	468	40.7652654	-73.98192338	1
0	22	13506	350	40.71559509	-73.9870295	502	40.714215	-73.981346	1
0	22	57293	361	40.71605866	-73.99190759	174	40.7381765	-73.97738662	1
0	22	4831	490	40.751551	-73.993934	469	40.76344058	-73.98268129	1
0	22	22534	498	40.74854862	-73.98808416	528	40.74290902	-73.97706058	1
0	22	34558	389	40.71044554	-73.96525063	389	40.71044554	-73.96525063	1
0	22	21276	312	40.722055	-73.989111	308	40.71307916	-73.99851193	1
0	22	23284	297	40.734232	-73.986923	540	40.74147286	-73.98320928	1
0	22	65287	116	40.74177603	-74.00149746	366	40.693261	-73.968896	1
0	22	1538	528	40.74290902	-73.97706058	305	40.76095756	-73.96724467	3
0	22	8285	229	40.72743423	-73.99379025	523	40.75466591	-73.99138152	1
0	22	13522	254	40.73532427	-73.99800419	347	40.72873888	-74.00748842	2
0	22	36800	490	40.751551	-73.993934	433	40.72955361	-73.98057249	1
0	22	52750	349	40.71850211	-73.98329859	79	40.71911552	-74.00666661	1
0	22	206	300	40.728145	-73.990214	254	40.73532427	-73.99800419	1
0	22	7845	329	40.72043411	-74.01020609	294	40.73049393	-73.9957214	1
0	22	15771	517	40.75149263	-73.97798848	167	40.7489006	-73.97604882	1
0	22	15667	494	40.74734825	-73.99723551	521	40.75044999	-73.99481051	1
0	22	29992	319	40.71336124	-74.00937622	361	40.71605866	-73.99190759	1
0	22	36852	311	40.7172274	-73.98802084	528	40.74290902	-73.97706058	2
0	22	21137	478	40.76030096	-73.99884222	477	40.75640548	-73.9900262	1
0	22	3530	167	40.7489006	-73.97604882	228	40.7546011026	-73.971878855	1
0	22	12573	528	40.74290902	-73.97706058	504	40.73221853	-73.98165557	1
0	22	28470	151	40.7218158	-73.99720307	435	40.74173969	-73.99415556	1
0	22	9847	402	40.7403432	-73.98955109	498	40.74854862	-73.98808416	1
0	22	23620	224	40.71146364	-74.00552427	417	40.71291224	-74.01020234	1
0	22	4410	327	40.7153379	-74.01658354	304	40.70463334	-74.01361706	1
0	22	65288	380	40.73401143	-74.00293877	385	40.75797322	-73.96603308	1
0	22	28698	490	40.751551	-73.993934	151	40.7218158	-73.99720307	1
0	22	16796	518	40.74780373	-73.9734419	521	40.75044999	-73.99481051	1
0	22	41671	225	40.74195138	-74.00803013	368	40.73038599	-74.00214988	1
0	22	33157	301	40.72217444	-73.98368779	237	40.73047309	-73.98672378	1
0	22	61180	404	40.7405826	-74.00550867	507	40.73912601	-73.97973776	1
0	22	9304	466	40.74395411	-73.99144871	466	40.74395411	-73.99144871	1
0	22	21474	195	40.70905623	-74.01043382	236	40.7284186	-73.98713956	1
0	22	5482	446	40.74487634	-73.99529885	475	40.73524276	-73.98758561	1
0	22	8554	488	40.75645824	-73.99372222	521	40.75044999	-73.99481051	1
0	22	7308	492	40.75019995	-73.99093085	448	40.75660359	-73.9979009	1
0	22	22422	403	40.72502876	-73.99069656	403	40.72502876	-73.99069656	1
0	22	52519	540	40.74147286	-73.98320928	361	40.71605866	-73.99190759	1
0	22	49030	426	40.71754834	-74.01322069	258	40.68940747	-73.96885458	1
0	22	13515	368	40.73038599	-74.00214988	401	40.72019576	-73.98997825	1
0	22	9017	444	40.7423543	-73.98915076	325	40.73624527	-73.98473765	1
0	22	9431	439	40.7262807	-73.98978041	254	40.73532427	-73.99800419	1
0	22	21548	116	40.74177603	-74.00149746	2022	40.75849116	-73.95920622	1
0	22	5912	300	40.728145	-73.990214	319	40.71336124	-74.00937622	1
0	22	23575	146	40.71625008	-74.0091059	306	40.70823502	-74.00530063	1
0	22	2308	294	40.73049393	-73.9957214	294	40.73049393	-73.9957214	1
0	22	22211	509	40.7454973	-74.00197139	300	40.728145	-73.990214	1
0	22	4394	244	40.69196035	-73.96536851	399	40.68851534	-73.9647628	1
0	22	28067	284	40.7390169121	-74.0026376103	485	40.75038009	-73.98338988	1
0	22	45217	528	40.74290902	-73.97706058	455	40.75001986	-73.96905301	1
0	22	23339	358	40.73291553	-74.00711384	449	40.76461837	-73.98789473	2
0	22	192	477	40.75640548	-73.9900262	407	40.700469	-73.991454	1
0	22	21148	504	40.73221853	-73.98165557	361	40.71605866	-73.99190759	1
0	22	14594	480	40.76669671	-73.99061728	529	40.7575699	-73.99098507	1
0	22	14223	450	40.76227205	-73.98788205	480	40.76669671	-73.99061728	1
0	22	26043	518	40.74780373	-73.9734419	485	40.75038009	-73.98338988	1
0	22	7427	403	40.72502876	-73.99069656	151	40.7218158	-73.99720307	1
0	22	38262	153	40.752062307	-73.9816324043	284	40.7390169121	-74.0026376103	1
0	22	20441	380	40.73401143	-74.00293877	251	40.72317958	-73.99480012	1
0	22	31257	315	40.70355377	-74.00670227	167	40.7489006	-73.97604882	1
0	22	20620	151	40.7218158	-73.99720307	317	40.72453734	-73.98185424	1
0	22	26856	387	40.71273266	-74.0046073	402	40.7403432	-73.98955109	1
0	22	32081	445	40.72740794	-73.98142006	306	40.70823502	-74.00530063	1
0	22	12643	151	40.7218158	-73.99720307	326	40.72953837	-73.98426726	1
