0	22	67187	264	40.70706456	-74.00731853	356	40.71622644	-73.98261206	1
0	22	20653	243	40.687979	-73.978474	521	40.75044999	-73.99481051	1
0	22	594	116	40.74177603	-74.00149746	482	40.73935542	-73.99931783	1
0	22	27466	238	40.7361967	-74.00859207	434	40.74317449	-74.00366443	1
0	22	31158	427	40.70251526	-74.01427023	368	40.73038599	-74.00214988	1
0	22	21468	212	40.74334935	-74.00681753	247	40.73535398	-74.00483091	1
0	22	48232	427	40.70251526	-74.01427023	439	40.7262807	-73.98978041	1
0	22	52358	518	40.74780373	-73.9734419	392	40.695065	-73.987167	1
0	22	39346	484	40.75500254	-73.98014437	161	40.72917025	-73.99810231	1
0	22	2761	519	40.75188406	-73.97770164	329	40.72043411	-74.01020609	1
0	22	2389	328	40.72405549	-74.00965965	449	40.76461837	-73.98789473	1
0	22	74629	455	40.75001986	-73.96905301	244	40.69196035	-73.96536851	1
0	22	52936	290	40.76020258	-73.96478473	393	40.72299208	-73.97995466	1
0	22	1448	410	40.72066442	-73.98517977	116	40.74177603	-74.00149746	2
0	22	26630	168	40.73971301	-73.99456405	423	40.76584941	-73.98690506	1
0	22	1647	168	40.73971301	-73.99456405	326	40.72953837	-73.98426726	1
0	22	16610	312	40.722055	-73.989111	450	40.76227205	-73.98788205	1
0	22	22279	2003	40.73416059	-73.98024289	388	40.749717753	-74.002950346	1
0	22	54521	375	40.72679454	-73.99695094	2021	40.75929124	-73.98859651	1
0	22	25619	212	40.74334935	-74.00681753	306	40.70823502	-74.00530063	1
0	22	1847	475	40.73524276	-73.98758561	167	40.7489006	-73.97604882	1
0	22	45829	328	40.72405549	-74.00965965	518	40.74780373	-73.9734419	1
0	22	47065	300	40.728145	-73.990214	479	40.76019252	-73.9912551	1
0	22	39280	499	40.76915505	-73.98191841	237	40.73047309	-73.98672378	1
0	22	74631	267	40.75097711	-73.98765428	276	40.71748752	-74.0104554	1
0	22	67056	490	40.751551	-73.993934	147	40.71542197	-74.01121978	1
0	22	22977	302	40.72082834	-73.97793172	325	40.73624527	-73.98473765	1
0	22	36383	147	40.71542197	-74.01121978	513	40.768254	-73.988639	1
0	22	23067	318	40.75320159	-73.9779874	174	40.7381765	-73.97738662	1
0	22	33939	351	40.70530954	-74.00612572	433	40.72955361	-73.98057249	1
0	22	842	477	40.75640548	-73.9900262	352	40.76340613	-73.97722479	2
0	22	46762	2017	40.75022392	-73.97121414	401	40.72019576	-73.98997825	1
0	22	10940	380	40.73401143	-74.00293877	312	40.722055	-73.989111	1
0	22	16984	2017	40.75022392	-73.97121414	237	40.73047309	-73.98672378	1
0	22	26123	505	40.74901271	-73.98848395	290	40.76020258	-73.96478473	1
0	22	61905	427	40.70251526	-74.01427023	450	40.76227205	-73.98788205	1
0	22	14470	518	40.74780373	-73.9734419	340	40.71269042	-73.98776323	1
0	22	41878	290	40.76020258	-73.96478473	423	40.76584941	-73.98690506	1
0	22	39978	448	40.75660359	-73.9979009	238	40.7361967	-74.00859207	1
0	22	24042	237	40.73047309	-73.98672378	296	40.71413089	-73.9970468	3
0	22	34354	467	40.68312489	-73.97895137	436	40.68216564	-73.95399026	1
0	22	64398	195	40.70905623	-74.01043382	325	40.73624527	-73.98473765	1
0	22	23636	2021	40.75929124	-73.98859651	223	40.73781509	-73.99994661	1
0	22	3415	410	40.72066442	-73.98517977	345	40.73649403	-73.99704374	1
0	22	17127	337	40.7037992	-74.00838676	410	40.72066442	-73.98517977	1
0	22	23868	494	40.74734825	-73.99723551	293	40.73028666	-73.9907647	1
0	22	34621	540	40.74147286	-73.98320928	265	40.72229346	-73.99147535	1
0	22	33319	538	40.75795248	-73.97787642	515	40.76009437	-73.99461843	1
0	22	52864	406	40.69512845	-73.99595065	488	40.75645824	-73.99372222	1
0	22	46536	488	40.75645824	-73.99372222	174	40.7381765	-73.97738662	1
0	22	23896	504	40.73221853	-73.98165557	433	40.72955361	-73.98057249	1
0	22	23775	479	40.76019252	-73.9912551	128	40.72710258	-74.00297088	1
0	22	33685	497	40.73704984	-73.99009296	415	40.7047177	-74.00926027	1
0	22	48000	485	40.75038009	-73.98338988	441	40.756014	-73.967416	1
0	22	18430	417	40.71291224	-74.01020234	488	40.75645824	-73.99372222	1
0	22	1668	540	40.74147286	-73.98320928	426	40.71754834	-74.01322069	1
0	22	21143	495	40.76269882	-73.99301222	515	40.76009437	-73.99461843	1
0	22	6376	457	40.76695317	-73.98169333	167	40.7489006	-73.97604882	1
0	22	23349	144	40.69839895	-73.98068914	437	40.6809833854	-73.9500479759	1
0	22	30826	528	40.74290902	-73.97706058	334	40.74238787	-73.99726235	1
0	22	23134	164	40.75323098	-73.97032517	295	40.71406667	-73.99293911	1
0	22	1181	499	40.76915505	-73.98191841	318	40.75320159	-73.9779874	1
0	22	68308	391	40.69760127	-73.99344559	224	40.71146364	-74.00552427	1
0	22	28163	470	40.74345335	-74.00004031	334	40.74238787	-73.99726235	1
0	22	2476	511	40.72938685	-73.97772429	519	40.75188406	-73.97770164	1
0	22	69870	433	40.72955361	-73.98057249	406	40.69512845	-73.99595065	1
0	22	22330	422	40.770513	-73.988038	490	40.751551	-73.993934	1
0	22	47237	326	40.72953837	-73.98426726	334	40.74238787	-73.99726235	1
0	22	33220	467	40.68312489	-73.97895137	2002	40.716887	-73.963198	1
0	22	29207	161	40.72917025	-73.99810231	359	40.75510267	-73.97498696	1
0	22	8603	236	40.7284186	-73.98713956	536	40.74144387	-73.97536082	1
0	22	29042	497	40.73704984	-73.99009296	293	40.73028666	-73.9907647	1
0	22	6090	212	40.74334935	-74.00681753	380	40.73401143	-74.00293877	2
0	22	46037	265	40.72229346	-73.99147535	394	40.72521311	-73.97768752	1
0	22	33289	345	40.73649403	-73.99704374	537	40.74025878	-73.98409214	1
0	22	30291	490	40.751551	-73.993934	513	40.768254	-73.988639	1
0	22	34004	488	40.75645824	-73.99372222	254	40.73532427	-73.99800419	1
0	22	17566	382	40.73492695	-73.99200509	323	40.69236178	-73.98631746	1
0	22	9580	387	40.71273266	-74.0046073	232	40.69597683	-73.99014892	1
0	22	12827	79	40.71911552	-74.00666661	3002	40.711512	-74.015756	1
0	22	23221	309	40.7149787	-74.013012	405	40.739323	-74.008119	1
0	22	54321	442	40.746647	-73.993915	150	40.7208736	-73.98085795	1
0	22	43824	473	40.72110063	-73.9919254	284	40.7390169121	-74.0026376103	1
0	22	22641	352	40.76340613	-73.97722479	2021	40.75929124	-73.98859651	1
0	22	8740	355	40.71602118	-73.99974372	361	40.71605866	-73.99190759	1
0	22	32821	355	40.71602118	-73.99974372	312	40.722055	-73.989111	1
0	22	15535	168	40.73971301	-73.99456405	477	40.75640548	-73.9900262	1
0	22	43970	546	40.74444921	-73.98303529	237	40.73047309	-73.98672378	1
0	22	43591	526	40.74765947	-73.98490707	447	40.76370739	-73.9851615	1
0	22	5287	356	40.71622644	-73.98261206	151	40.7218158	-73.99720307	1
0	22	56203	480	40.76669671	-73.99061728	335	40.72903917	-73.99404649	1
0	22	34162	405	40.739323	-74.008119	404	40.7405826	-74.00550867	1
0	22	32360	529	40.7575699	-73.99098507	412	40.7158155	-73.99422366	1
0	22	33268	368	40.73038599	-74.00214988	472	40.7457121	-73.98194829	1
0	22	13530	444	40.7423543	-73.98915076	499	40.76915505	-73.98191841	1
0	22	21918	268	40.71910537	-73.99973337	507	40.73912601	-73.97973776	1
0	22	50079	143	40.69239502	-73.99337909	416	40.68753406	-73.97265183	1
0	22	98	329	40.72043411	-74.01020609	224	40.71146364	-74.00552427	1
0	22	12342	369	40.73224119	-74.00026394	323	40.69236178	-73.98631746	1
0	22	20699	237	40.73047309	-73.98672378	223	40.73781509	-73.99994661	1
0	22	38604	499	40.76915505	-73.98191841	540	40.74147286	-73.98320928	1
0	22	15741	444	40.7423543	-73.98915076	482	40.73935542	-73.99931783	1
0	22	20412	369	40.73224119	-74.00026394	276	40.71748752	-74.0104554	1
0	22	7470	2021	40.75929124	-73.98859651	423	40.76584941	-73.98690506	1
0	22	34328	261	40.69474881	-73.98362464	366	40.693261	-73.968896	1
0	22	7439	518	40.74780373	-73.9734419	422	40.770513	-73.988038	1
0	22	5173	164	40.75323098	-73.97032517	477	40.75640548	-73.9900262	1
0	22	244	297	40.734232	-73.986923	531	40.71893904	-73.99266288	1
0	22	29681	360	40.70717936	-74.00887308	150	40.7208736	-73.98085795	1
0	22	32891	377	40.72243797	-74.00566443	146	40.71625008	-74.0091059	1
0	22	64565	344	40.6851443	-73.95380904	83	40.68382604	-73.97632328	1
0	22	34558	389	40.71044554	-73.96525063	389	40.71044554	-73.96525063	2
0	22	24934	265	40.72229346	-73.99147535	150	40.7208736	-73.98085795	1
0	22	1964	161	40.72917025	-73.99810231	426	40.71754834	-74.01322069	1
0	22	6721	127	40.73172428	-74.00674436	294	40.73049393	-73.9957214	1
0	22	41928	312	40.722055	-73.989111	247	40.73535398	-74.00483091	1
0	22	1180	450	40.76227205	-73.98788205	318	40.75320159	-73.9779874	1
0	22	48987	168	40.73971301	-73.99456405	237	40.73047309	-73.98672378	1
0	22	31103	402	40.7403432	-73.98955109	515	40.76009437	-73.99461843	1
0	22	1531	258	40.68940747	-73.96885458	274	40.68691865	-73.976682	2
0	22	7025	382	40.73492695	-73.99200509	2010	40.72165481	-74.00234737	1
0	22	27399	161	40.72917025	-73.99810231	297	40.734232	-73.986923	1
0	22	2883	519	40.75188406	-73.97770164	497	40.73704984	-73.99009296	1
0	22	34186	482	40.73935542	-73.99931783	2021	40.75929124	-73.98859651	1
0	22	3444	271	40.68528172	-73.97805813	399	40.68851534	-73.9647628	1
0	22	24492	487	40.73314259	-73.97573881	388	40.749717753	-74.002950346	1
0	22	14982	518	40.74780373	-73.9734419	529	40.7575699	-73.99098507	1
0	22	34942	225	40.74195138	-74.00803013	507	40.73912601	-73.97973776	1
0	22	5950	540	40.74147286	-73.98320928	442	40.746647	-73.993915	1
0	22	5293	312	40.722055	-73.989111	236	40.7284186	-73.98713956	1
0	22	396	2021	40.75929124	-73.98859651	284	40.7390169121	-74.0026376103	1
0	22	35750	375	40.72679454	-73.99695094	518	40.74780373	-73.9734419	1
0	22	31868	303	40.72362738	-73.99949601	531	40.71893904	-73.99266288	1
0	22	15314	494	40.74734825	-73.99723551	2021	40.75929124	-73.98859651	1
0	22	60206	477	40.75640548	-73.9900262	278	40.69766564	-73.98476437	1
0	22	21244	362	40.75172632	-73.98753523	284	40.7390169121	-74.0026376103	2
0	22	609	366	40.693261	-73.968896	323	40.69236178	-73.98631746	1
0	22	392	161	40.72917025	-73.99810231	249	40.71870987	-74.0090009	2
0	22	51764	147	40.71542197	-74.01121978	2022	40.75849116	-73.95920622	1
0	22	64096	458	40.751396	-74.005226	366	40.693261	-73.968896	1
0	22	25908	384	40.68317813	-73.9659641	258	40.68940747	-73.96885458	1
0	22	2355	477	40.75640548	-73.9900262	518	40.74780373	-73.9734419	1
0	22	31767	223	40.73781509	-73.99994661	442	40.746647	-73.993915	1
0	22	14747	507	40.73912601	-73.97973776	237	40.73047309	-73.98672378	1
0	22	20437	233	40.69246277	-73.98963911	313	40.69610226	-73.96751037	1
0	22	66641	362	40.75172632	-73.98753523	316	40.70955958	-74.00653609	1
0	22	24498	352	40.76340613	-73.97722479	128	40.72710258	-74.00297088	1
0	22	12371	521	40.75044999	-73.99481051	477	40.75640548	-73.9900262	1
0	22	14757	293	40.73028666	-73.9907647	252	40.73226398	-73.99852205	1
0	22	4686	393	40.72299208	-73.97995466	382	40.73492695	-73.99200509	1
0	22	26674	462	40.74691959	-74.00451887	174	40.7381765	-73.97738662	1
0	22	13495	528	40.74290902	-73.97706058	174	40.7381765	-73.97738662	2
0	22	27033	151	40.7218158	-73.99720307	382	40.73492695	-73.99200509	1
0	22	27011	251	40.72317958	-73.99480012	2009	40.71117444	-73.99682619	1
0	22	42687	521	40.75044999	-73.99481051	385	40.75797322	-73.96603308	1
0	22	9950	402	40.7403432	-73.98955109	519	40.75188406	-73.97770164	1
0	22	13059	247	40.73535398	-74.00483091	323	40.69236178	-73.98631746	1
0	22	1903	394	40.72521311	-73.97768752	285	40.73454567	-73.99074142	1
0	22	7939	254	40.73532427	-73.99800419	459	40.746745	-74.007756	1
0	22	3557	449	40.76461837	-73.98789473	482	40.73935542	-73.99931783	1
0	22	40146	2021	40.75929124	-73.98859651	3002	40.711512	-74.015756	1
0	22	121	345	40.73649403	-73.99704374	459	40.746745	-74.007756	1
0	22	22841	79	40.71911552	-74.00666661	345	40.73649403	-73.99704374	1
0	22	38122	267	40.75097711	-73.98765428	388	40.749717753	-74.002950346	1
0	22	21430	435	40.74173969	-73.99415556	347	40.72873888	-74.00748842	1
0	22	12550	488	40.75645824	-73.99372222	450	40.76227205	-73.98788205	1
0	22	61429	490	40.751551	-73.993934	300	40.728145	-73.990214	1
0	22	12395	449	40.76461837	-73.98789473	513	40.768254	-73.988639	1
0	22	37682	499	40.76915505	-73.98191841	223	40.73781509	-73.99994661	1
0	22	28806	479	40.76019252	-73.9912551	127	40.73172428	-74.00674436	1
0	22	9969	264	40.70706456	-74.00731853	264	40.70706456	-74.00731853	1
0	22	74632	392	40.695065	-73.987167	406	40.69512845	-73.99595065	1
0	22	35708	509	40.7454973	-74.00197139	457	40.76695317	-73.98169333	1
0	22	23920	280	40.73331967	-73.99510132	432	40.72621788	-73.98379855	1
0	22	6998	375	40.72679454	-73.99695094	284	40.7390169121	-74.0026376103	1
0	22	23250	449	40.76461837	-73.98789473	467	40.68312489	-73.97895137	1
0	22	42068	439	40.7262807	-73.98978041	453	40.74475148	-73.99915362	1
0	22	8207	433	40.72955361	-73.98057249	410	40.72066442	-73.98517977	2
0	22	23212	499	40.76915505	-73.98191841	512	40.7500727	-73.99839279	1
0	22	10968	486	40.7462009	-73.98855723	465	40.75513557	-73.98658032	1
0	22	55	466	40.74395411	-73.99144871	167	40.7489006	-73.97604882	1
0	22	21065	349	40.71850211	-73.98329859	229	40.72743423	-73.99379025	2
0	22	23177	223	40.73781509	-73.99994661	519	40.75188406	-73.97770164	1
0	22	56853	285	40.73454567	-73.99074142	310	40.68926942	-73.98912867	1
0	22	14760	284	40.7390169121	-74.0026376103	116	40.74177603	-74.00149746	1
0	22	15973	290	40.76020258	-73.96478473	352	40.76340613	-73.97722479	1
0	22	21108	415	40.7047177	-74.00926027	355	40.71602118	-73.99974372	1
0	22	1507	147	40.71542197	-74.01121978	306	40.70823502	-74.00530063	1
0	22	20168	2021	40.75929124	-73.98859651	426	40.71754834	-74.01322069	1
0	22	12856	368	40.73038599	-74.00214988	2004	40.724399	-74.004704	1
0	22	4037	173	40.76064679	-73.98442659	515	40.76009437	-73.99461843	1
0	22	20019	434	40.74317449	-74.00366443	519	40.75188406	-73.97770164	1
0	22	27403	459	40.746745	-74.007756	513	40.768254	-73.988639	1
0	22	41801	439	40.7262807	-73.98978041	2009	40.71117444	-73.99682619	1
0	22	17574	331	40.71173107	-73.99193043	2009	40.71117444	-73.99682619	1
0	22	34890	404	40.7405826	-74.00550867	325	40.73624527	-73.98473765	1
0	22	18385	324	40.689888	-73.981013	241	40.68981035	-73.97493121	3
0	22	7042	344	40.6851443	-73.95380904	384	40.68317813	-73.9659641	1
0	22	23494	423	40.76584941	-73.98690506	422	40.770513	-73.988038	2
0	22	34868	509	40.7454973	-74.00197139	369	40.73224119	-74.00026394	1
0	22	44137	345	40.73649403	-73.99704374	355	40.71602118	-73.99974372	1
0	22	67935	2004	40.724399	-74.004704	504	40.73221853	-73.98165557	1
0	22	7557	467	40.68312489	-73.97895137	314	40.69424674	-73.99215922	1
0	22	6755	323	40.69236178	-73.98631746	342	40.71739973	-73.98016555	1
0	22	23437	422	40.770513	-73.988038	472	40.7457121	-73.98194829	2
0	22	16495	369	40.73224119	-74.00026394	293	40.73028666	-73.9907647	1
0	22	39795	450	40.76227205	-73.98788205	449	40.76461837	-73.98789473	1
0	22	10349	362	40.75172632	-73.98753523	253	40.73543934	-73.99453948	1
0	22	38956	296	40.71413089	-73.9970468	432	40.72621788	-73.98379855	1
0	22	31971	422	40.770513	-73.988038	153	40.752062307	-73.9816324043	1
0	22	23375	518	40.74780373	-73.9734419	2000	40.70255088	-73.98940236	1
0	22	24927	422	40.770513	-73.988038	456	40.7597108	-73.97402311	1
0	22	44184	457	40.76695317	-73.98169333	546	40.74444921	-73.98303529	1
0	22	14896	382	40.73492695	-73.99200509	247	40.73535398	-74.00483091	1
0	22	68114	458	40.751396	-74.005226	291	40.713126	-73.984844	1
0	22	17345	168	40.73971301	-73.99456405	462	40.74691959	-74.00451887	1
0	22	74633	304	40.70463334	-74.01361706	443	40.70853074	-73.96408963	1
0	22	20692	377	40.72243797	-74.00566443	368	40.73038599	-74.00214988	1
0	22	27114	2021	40.75929124	-73.98859651	251	40.72317958	-73.99480012	1
0	22	8917	237	40.73047309	-73.98672378	251	40.72317958	-73.99480012	1
0	22	24072	401	40.72019576	-73.98997825	331	40.71173107	-73.99193043	1
0	22	5135	497	40.73704984	-73.99009296	168	40.73971301	-73.99456405	1
0	22	8866	326	40.72953837	-73.98426726	335	40.72903917	-73.99404649	1
0	22	23587	312	40.722055	-73.989111	507	40.73912601	-73.97973776	1
0	22	41274	473	40.72110063	-73.9919254	433	40.72955361	-73.98057249	1
0	22	23620	224	40.71146364	-74.00552427	417	40.71291224	-74.01020234	1
0	22	13841	520	40.75992262	-73.97648516	485	40.75038009	-73.98338988	1
0	22	61639	529	40.7575699	-73.99098507	160	40.748238	-73.978311	1
0	22	5676	147	40.71542197	-74.01121978	2008	40.70569254	-74.01677685	1
0	22	45498	497	40.73704984	-73.99009296	150	40.7208736	-73.98085795	1
0	22	13713	264	40.70706456	-74.00731853	3002	40.711512	-74.015756	1
0	22	3127	303	40.72362738	-73.99949601	116	40.74177603	-74.00149746	1
0	22	23584	385	40.75797322	-73.96603308	518	40.74780373	-73.9734419	1
0	22	14117	2010	40.72165481	-74.00234737	336	40.73047747	-73.99906065	1
0	22	27701	319	40.71336124	-74.00937622	380	40.73401143	-74.00293877	1
0	22	60487	428	40.72467721	-73.98783413	276	40.71748752	-74.0104554	1
0	22	14639	296	40.71413089	-73.9970468	342	40.71739973	-73.98016555	2
0	22	74634	458	40.751396	-74.005226	339	40.72580614	-73.97422494	1
0	22	11915	224	40.71146364	-74.00552427	415	40.7047177	-74.00926027	2
0	22	6765	347	40.72873888	-74.00748842	284	40.7390169121	-74.0026376103	1
0	22	14557	537	40.74025878	-73.98409214	291	40.713126	-73.984844	1
0	22	13863	306	40.70823502	-74.00530063	291	40.713126	-73.984844	1
0	22	52310	296	40.71413089	-73.9970468	427	40.70251526	-74.01427023	1
0	22	2496	318	40.75320159	-73.9779874	477	40.75640548	-73.9900262	1
0	22	33970	294	40.73049393	-73.9957214	223	40.73781509	-73.99994661	1
0	22	14480	168	40.73971301	-73.99456405	479	40.76019252	-73.9912551	1
0	22	2467	498	40.74854862	-73.98808416	340	40.71269042	-73.98776323	1
0	22	23773	384	40.68317813	-73.9659641	2000	40.70255088	-73.98940236	1
0	22	23368	462	40.74691959	-74.00451887	2021	40.75929124	-73.98859651	1
0	22	17304	296	40.71413089	-73.9970468	291	40.713126	-73.984844	1
0	22	4160	285	40.73454567	-73.99074142	2012	40.739445	-73.976806	1
0	22	9194	498	40.74854862	-73.98808416	174	40.7381765	-73.97738662	1
0	22	14697	536	40.74144387	-73.97536082	498	40.74854862	-73.98808416	1
0	22	23202	324	40.689888	-73.981013	354	40.69363137	-73.96223558	1
0	22	46236	362	40.75172632	-73.98753523	475	40.73524276	-73.98758561	1
0	22	51346	449	40.76461837	-73.98789473	459	40.746745	-74.007756	1
0	22	20316	254	40.73532427	-73.99800419	254	40.73532427	-73.99800419	1
0	22	39622	276	40.71748752	-74.0104554	360	40.70717936	-74.00887308	1
0	22	8203	173	40.76064679	-73.98442659	448	40.75660359	-73.9979009	1
0	22	73868	296	40.71413089	-73.9970468	388	40.749717753	-74.002950346	1
0	22	33416	528	40.74290902	-73.97706058	537	40.74025878	-73.98409214	1
0	22	20679	173	40.76064679	-73.98442659	505	40.74901271	-73.98848395	1
0	22	74635	467	40.68312489	-73.97895137	495	40.76269882	-73.99301222	1
0	22	31713	377	40.72243797	-74.00566443	380	40.73401143	-74.00293877	1
0	22	15977	456	40.7597108	-73.97402311	2021	40.75929124	-73.98859651	1
0	22	21610	334	40.74238787	-73.99726235	447	40.76370739	-73.9851615	1
0	22	34614	252	40.73226398	-73.99852205	394	40.72521311	-73.97768752	1
0	22	17917	318	40.75320159	-73.9779874	518	40.74780373	-73.9734419	2
0	22	45395	481	40.71260486	-73.96264403	460	40.71285887	-73.96590294	1
0	22	58623	477	40.75640548	-73.9900262	454	40.75455731	-73.96592976	1
0	22	185	352	40.76340613	-73.97722479	477	40.75640548	-73.9900262	1
0	22	34129	456	40.7597108	-73.97402311	285	40.73454567	-73.99074142	1
0	22	23061	537	40.74025878	-73.98409214	494	40.74734825	-73.99723551	1
0	22	4556	406	40.69512845	-73.99595065	143	40.69239502	-73.99337909	1
0	22	428	509	40.7454973	-74.00197139	442	40.746647	-73.993915	1
0	22	29136	146	40.71625008	-74.0091059	224	40.71146364	-74.00552427	1
0	22	5253	284	40.7390169121	-74.0026376103	388	40.749717753	-74.002950346	1
0	22	24769	128	40.72710258	-74.00297088	116	40.74177603	-74.00149746	1
0	22	8467	2021	40.75929124	-73.98859651	263	40.71729	-73.996375	1
0	22	5405	423	40.76584941	-73.98690506	469	40.76344058	-73.98268129	1
0	22	33455	285	40.73454567	-73.99074142	361	40.71605866	-73.99190759	1
0	22	22689	263	40.71729	-73.996375	340	40.71269042	-73.98776323	1
0	22	21483	284	40.7390169121	-74.0026376103	494	40.74734825	-73.99723551	1
0	22	9691	508	40.76341379	-73.99667444	229	40.72743423	-73.99379025	1
0	22	22921	385	40.75797322	-73.96603308	440	40.75255434	-73.97282625	1
0	22	21357	539	40.71534825	-73.96024116	443	40.70853074	-73.96408963	1
0	22	18688	459	40.746745	-74.007756	150	40.7208736	-73.98085795	1
0	22	30964	428	40.72467721	-73.98783413	393	40.72299208	-73.97995466	1
0	22	10719	401	40.72019576	-73.98997825	410	40.72066442	-73.98517977	1
0	22	1392	229	40.72743423	-73.99379025	401	40.72019576	-73.98997825	2
0	22	3862	488	40.75645824	-73.99372222	463	40.74206539	-74.00443172	1
0	22	1394	328	40.72405549	-74.00965965	328	40.72405549	-74.00965965	1
0	22	56557	375	40.72679454	-73.99695094	342	40.71739973	-73.98016555	1
0	22	19581	458	40.751396	-74.005226	334	40.74238787	-73.99726235	1
0	22	775	459	40.746745	-74.007756	334	40.74238787	-73.99726235	1
0	22	8750	285	40.73454567	-73.99074142	223	40.73781509	-73.99994661	1
0	22	28893	454	40.75455731	-73.96592976	518	40.74780373	-73.9734419	1
0	22	42593	291	40.713126	-73.984844	400	40.71926081	-73.98178024	1
0	22	666	519	40.75188406	-73.97770164	546	40.74444921	-73.98303529	1
0	22	33368	362	40.75172632	-73.98753523	462	40.74691959	-74.00451887	1
0	22	1348	284	40.7390169121	-74.0026376103	382	40.73492695	-73.99200509	1
0	22	38500	423	40.76584941	-73.98690506	281	40.7643971	-73.97371465	1
0	22	9052	2012	40.739445	-73.976806	2003	40.73416059	-73.98024289	1
0	22	20146	434	40.74317449	-74.00366443	475	40.73524276	-73.98758561	1
0	22	7608	161	40.72917025	-73.99810231	521	40.75044999	-73.99481051	1
0	22	22124	499	40.76915505	-73.98191841	525	40.75594159	-74.0021163	2
0	22	21697	151	40.7218158	-73.99720307	127	40.73172428	-74.00674436	1
0	22	32538	295	40.71406667	-73.99293911	311	40.7172274	-73.98802084	1
0	22	18778	348	40.72490985	-74.00154702	297	40.734232	-73.986923	1
0	22	51497	325	40.73624527	-73.98473765	280	40.73331967	-73.99510132	1
0	22	2835	477	40.75640548	-73.9900262	513	40.768254	-73.988639	1
0	22	34571	489	40.75066386	-74.00176802	422	40.770513	-73.988038	1
0	22	22532	347	40.72873888	-74.00748842	504	40.73221853	-73.98165557	1
0	22	29250	401	40.72019576	-73.98997825	336	40.73047747	-73.99906065	1
0	22	18333	434	40.74317449	-74.00366443	346	40.73652889	-74.00618026	1
0	22	46318	433	40.72955361	-73.98057249	528	40.74290902	-73.97706058	1
0	22	3936	382	40.73492695	-73.99200509	405	40.739323	-74.008119	1
0	22	44981	457	40.76695317	-73.98169333	526	40.74765947	-73.98490707	1
0	22	23286	368	40.73038599	-74.00214988	361	40.71605866	-73.99190759	1
0	22	34903	489	40.75066386	-74.00176802	479	40.76019252	-73.9912551	1
0	22	16502	336	40.73047747	-73.99906065	363	40.70834698	-74.01713445	1
0	22	23561	462	40.74691959	-74.00451887	494	40.74734825	-73.99723551	1
0	22	21304	254	40.73532427	-73.99800419	150	40.7208736	-73.98085795	1
0	22	11284	293	40.73028666	-73.9907647	325	40.73624527	-73.98473765	1
0	22	7002	161	40.72917025	-73.99810231	428	40.72467721	-73.98783413	1
0	22	48666	416	40.68753406	-73.97265183	275	40.68650065	-73.96563307	1
0	22	13205	251	40.72317958	-73.99480012	410	40.72066442	-73.98517977	1
0	22	50855	225	40.74195138	-74.00803013	319	40.71336124	-74.00937622	1
0	22	2989	347	40.72873888	-74.00748842	345	40.73649403	-73.99704374	1
0	22	19332	364	40.68900443	-73.96023854	354	40.69363137	-73.96223558	1
0	22	30668	335	40.72903917	-73.99404649	380	40.73401143	-74.00293877	1
0	22	50466	531	40.71893904	-73.99266288	237	40.73047309	-73.98672378	1
0	22	15546	428	40.72467721	-73.98783413	358	40.73291553	-74.00711384	1
0	22	74636	348	40.72490985	-74.00154702	298	40.68683208	-73.9796772	1
0	22	20105	512	40.7500727	-73.99839279	454	40.75455731	-73.96592976	1
0	22	28861	128	40.72710258	-74.00297088	458	40.751396	-74.005226	1
0	22	34229	152	40.71473993	-74.00910627	415	40.7047177	-74.00926027	1
0	22	12454	465	40.75513557	-73.98658032	385	40.75797322	-73.96603308	1
0	22	50200	391	40.69760127	-73.99344559	258	40.68940747	-73.96885458	1
0	22	14205	285	40.73454567	-73.99074142	301	40.72217444	-73.98368779	1
0	22	7826	401	40.72019576	-73.98997825	323	40.69236178	-73.98631746	1
0	22	385	318	40.75320159	-73.9779874	439	40.7262807	-73.98978041	1
0	22	22825	251	40.72317958	-73.99480012	174	40.7381765	-73.97738662	1
0	22	46089	305	40.76095756	-73.96724467	516	40.75206862	-73.96784384	1
0	22	29744	467	40.68312489	-73.97895137	384	40.68317813	-73.9659641	1
0	22	1697	497	40.73704984	-73.99009296	297	40.734232	-73.986923	1
0	22	68612	329	40.72043411	-74.01020609	150	40.7208736	-73.98085795	1
0	22	17228	391	40.69760127	-73.99344559	406	40.69512845	-73.99595065	1
0	22	40291	368	40.73038599	-74.00214988	442	40.746647	-73.993915	1
0	22	7848	2021	40.75929124	-73.98859651	508	40.76341379	-73.99667444	1
0	22	3852	482	40.73935542	-73.99931783	469	40.76344058	-73.98268129	1
0	22	3510	127	40.73172428	-74.00674436	116	40.74177603	-74.00149746	1
0	22	1893	282	40.70827295	-73.96834101	539	40.71534825	-73.96024116	1
0	22	210	358	40.73291553	-74.00711384	284	40.7390169121	-74.0026376103	1
0	22	32807	347	40.72873888	-74.00748842	401	40.72019576	-73.98997825	1
0	22	35421	409	40.6906495	-73.95643107	324	40.689888	-73.981013	1
0	22	52023	395	40.68807003	-73.98410637	239	40.69196566	-73.9813018	1
0	22	44358	2010	40.72165481	-74.00234737	335	40.72903917	-73.99404649	2
0	22	32523	285	40.73454567	-73.99074142	307	40.71427487	-73.98990025	1
0	22	25520	531	40.71893904	-73.99266288	401	40.72019576	-73.98997825	1
0	22	6408	398	40.69165183	-73.9999786	414	40.70281858	-73.98765762	2
0	22	18170	447	40.76370739	-73.9851615	448	40.75660359	-73.9979009	1
0	22	65235	304	40.70463334	-74.01361706	400	40.71926081	-73.98178024	1
0	22	23746	316	40.70955958	-74.00653609	306	40.70823502	-74.00530063	2
0	22	56892	328	40.72405549	-74.00965965	317	40.72453734	-73.98185424	1
0	22	14812	167	40.7489006	-73.97604882	504	40.73221853	-73.98165557	1
0	22	32853	519	40.75188406	-73.97770164	312	40.722055	-73.989111	1
0	22	1165	504	40.73221853	-73.98165557	507	40.73912601	-73.97973776	1
0	22	6418	382	40.73492695	-73.99200509	509	40.7454973	-74.00197139	1
0	22	10385	251	40.72317958	-73.99480012	336	40.73047747	-73.99906065	1
0	22	19924	375	40.72679454	-73.99695094	151	40.7218158	-73.99720307	1
0	22	24837	477	40.75640548	-73.9900262	2021	40.75929124	-73.98859651	1
0	22	9161	383	40.735238	-74.000271	435	40.74173969	-73.99415556	1
0	22	30528	348	40.72490985	-74.00154702	252	40.73226398	-73.99852205	1
0	22	39031	403	40.72502876	-73.99069656	349	40.71850211	-73.98329859	2
0	22	10765	442	40.746647	-73.993915	254	40.73532427	-73.99800419	2
0	22	40719	2010	40.72165481	-74.00234737	331	40.71173107	-73.99193043	1
0	22	6273	307	40.71427487	-73.98990025	342	40.71739973	-73.98016555	1
0	22	768	519	40.75188406	-73.97770164	526	40.74765947	-73.98490707	1
0	22	35031	479	40.76019252	-73.9912551	540	40.74147286	-73.98320928	1
0	22	4104	472	40.7457121	-73.98194829	164	40.75323098	-73.97032517	1
0	22	15621	540	40.74147286	-73.98320928	433	40.72955361	-73.98057249	1
0	22	54665	432	40.72621788	-73.98379855	349	40.71850211	-73.98329859	1
0	22	8666	336	40.73047747	-73.99906065	229	40.72743423	-73.99379025	1
0	22	46867	507	40.73912601	-73.97973776	531	40.71893904	-73.99266288	1
0	22	6385	442	40.746647	-73.993915	521	40.75044999	-73.99481051	1
0	22	11486	479	40.76019252	-73.9912551	479	40.76019252	-73.9912551	1
0	22	19895	434	40.74317449	-74.00366443	168	40.73971301	-73.99456405	1
0	22	14879	2003	40.73416059	-73.98024289	237	40.73047309	-73.98672378	1
0	22	44094	225	40.74195138	-74.00803013	128	40.72710258	-74.00297088	1
0	22	22348	384	40.68317813	-73.9659641	344	40.6851443	-73.95380904	1
0	22	23754	290	40.76020258	-73.96478473	441	40.756014	-73.967416	1
0	22	3974	380	40.73401143	-74.00293877	404	40.7405826	-74.00550867	1
0	22	17321	323	40.69236178	-73.98631746	293	40.73028666	-73.9907647	1
0	22	37671	224	40.71146364	-74.00552427	361	40.71605866	-73.99190759	1
0	22	1596	513	40.768254	-73.988639	352	40.76340613	-73.97722479	1
0	22	21539	401	40.72019576	-73.98997825	150	40.7208736	-73.98085795	1
0	22	33495	450	40.76227205	-73.98788205	528	40.74290902	-73.97706058	1
0	22	68959	116	40.74177603	-74.00149746	150	40.7208736	-73.98085795	1
0	22	15044	310	40.68926942	-73.98912867	416	40.68753406	-73.97265183	2
0	22	58209	394	40.72521311	-73.97768752	168	40.73971301	-73.99456405	1
0	22	10685	335	40.72903917	-73.99404649	285	40.73454567	-73.99074142	1
0	22	23199	271	40.68528172	-73.97805813	420	40.68764484	-73.96968902	1
0	22	19057	323	40.69236178	-73.98631746	150	40.7208736	-73.98085795	1
0	22	1787	404	40.7405826	-74.00550867	521	40.75044999	-73.99481051	1
0	22	20095	495	40.76269882	-73.99301222	127	40.73172428	-74.00674436	1
0	22	22991	237	40.73047309	-73.98672378	2009	40.71117444	-73.99682619	1
0	22	5176	153	40.752062307	-73.9816324043	305	40.76095756	-73.96724467	1
0	22	11156	254	40.73532427	-73.99800419	435	40.74173969	-73.99415556	1
0	22	26860	116	40.74177603	-74.00149746	195	40.70905623	-74.01043382	1
0	22	70214	261	40.69474881	-73.98362464	336	40.73047747	-73.99906065	1
0	22	7350	475	40.73524276	-73.98758561	345	40.73649403	-73.99704374	1
0	22	41850	532	40.710451	-73.960876	119	40.69608941	-73.97803415	1
0	22	25076	347	40.72873888	-74.00748842	224	40.71146364	-74.00552427	1
0	22	29371	116	40.74177603	-74.00149746	382	40.73492695	-73.99200509	1
0	22	23401	479	40.76019252	-73.9912551	383	40.735238	-74.000271	1
0	22	51614	146	40.71625008	-74.0091059	296	40.71413089	-73.9970468	1
0	22	64580	405	40.739323	-74.008119	469	40.76344058	-73.98268129	4
0	22	18048	143	40.69239502	-73.99337909	406	40.69512845	-73.99595065	1
0	22	27389	505	40.74901271	-73.98848395	472	40.7457121	-73.98194829	2
0	22	65117	79	40.71911552	-74.00666661	499	40.76915505	-73.98191841	1
0	22	11152	334	40.74238787	-73.99726235	383	40.735238	-74.000271	1
0	22	33811	362	40.75172632	-73.98753523	528	40.74290902	-73.97706058	1
0	22	25031	312	40.722055	-73.989111	472	40.7457121	-73.98194829	1
0	22	1835	426	40.71754834	-74.01322069	284	40.7390169121	-74.0026376103	1
0	22	46046	428	40.72467721	-73.98783413	150	40.7208736	-73.98085795	1
0	22	2515	297	40.734232	-73.986923	174	40.7381765	-73.97738662	1
0	22	43247	72	40.76727216	-73.99392888	457	40.76695317	-73.98169333	1
0	22	29424	428	40.72467721	-73.98783413	536	40.74144387	-73.97536082	1
0	22	56339	464	40.75934501	-73.96759673	294	40.73049393	-73.9957214	1
0	22	33819	296	40.71413089	-73.9970468	263	40.71729	-73.996375	1
0	22	47091	457	40.76695317	-73.98169333	174	40.7381765	-73.97738662	1
0	22	668	410	40.72066442	-73.98517977	229	40.72743423	-73.99379025	1
0	22	19896	127	40.73172428	-74.00674436	482	40.73935542	-73.99931783	1
0	22	13763	488	40.75645824	-73.99372222	434	40.74317449	-74.00366443	1
0	22	20524	458	40.751396	-74.005226	383	40.735238	-74.000271	1
0	22	11774	489	40.75066386	-74.00176802	334	40.74238787	-73.99726235	1
0	22	3912	223	40.73781509	-73.99994661	483	40.73223272	-73.98889957	1
0	22	8869	2002	40.716887	-73.963198	2002	40.716887	-73.963198	2
0	22	8212	434	40.74317449	-74.00366443	489	40.75066386	-74.00176802	1
0	22	14584	365	40.68223166	-73.9614583	467	40.68312489	-73.97895137	2
0	22	21342	470	40.74345335	-74.00004031	494	40.74734825	-73.99723551	1
0	22	42684	473	40.72110063	-73.9919254	442	40.746647	-73.993915	1
0	22	15864	528	40.74290902	-73.97706058	401	40.72019576	-73.98997825	1
0	22	1752	528	40.74290902	-73.97706058	528	40.74290902	-73.97706058	1
0	22	9657	251	40.72317958	-73.99480012	285	40.73454567	-73.99074142	1
0	22	31685	482	40.73935542	-73.99931783	470	40.74345335	-74.00004031	1
0	22	25681	401	40.72019576	-73.98997825	325	40.73624527	-73.98473765	1
0	22	58410	446	40.74487634	-73.99529885	411	40.72228087	-73.97668709	1
0	22	25494	526	40.74765947	-73.98490707	472	40.7457121	-73.98194829	2
0	22	2356	399	40.68851534	-73.9647628	271	40.68528172	-73.97805813	1
0	22	10881	477	40.75640548	-73.9900262	478	40.76030096	-73.99884222	1
0	22	12642	453	40.74475148	-73.99915362	515	40.76009437	-73.99461843	1
0	22	22860	483	40.73223272	-73.98889957	470	40.74345335	-74.00004031	1
0	22	73095	271	40.68528172	-73.97805813	2002	40.716887	-73.963198	1
0	22	13015	453	40.74475148	-73.99915362	446	40.74487634	-73.99529885	1
0	22	44333	528	40.74290902	-73.97706058	484	40.75500254	-73.98014437	1
0	22	45482	434	40.74317449	-74.00366443	146	40.71625008	-74.0091059	1
0	22	57062	249	40.71870987	-74.0090009	296	40.71413089	-73.9970468	1
0	22	2115	358	40.73291553	-74.00711384	504	40.73221853	-73.98165557	1
0	22	2064	168	40.73971301	-73.99456405	515	40.76009437	-73.99461843	1
0	22	3532	423	40.76584941	-73.98690506	488	40.75645824	-73.99372222	1
0	22	40328	247	40.73535398	-74.00483091	312	40.722055	-73.989111	2
0	22	1972	362	40.75172632	-73.98753523	359	40.75510267	-73.97498696	1
0	22	16577	521	40.75044999	-73.99481051	383	40.735238	-74.000271	1
0	22	28998	416	40.68753406	-73.97265183	262	40.69178232	-73.97372989	1
0	22	9031	404	40.7405826	-74.00550867	450	40.76227205	-73.98788205	1
0	22	16209	161	40.72917025	-73.99810231	325	40.73624527	-73.98473765	1
0	22	31317	325	40.73624527	-73.98473765	368	40.73038599	-74.00214988	1
0	22	43337	417	40.71291224	-74.01020234	251	40.72317958	-73.99480012	1
0	22	36397	401	40.72019576	-73.98997825	195	40.70905623	-74.01043382	1
0	22	10753	405	40.739323	-74.008119	3002	40.711512	-74.015756	1
0	22	38979	237	40.73047309	-73.98672378	368	40.73038599	-74.00214988	1
0	22	14892	174	40.7381765	-73.97738662	528	40.74290902	-73.97706058	1
0	22	29684	116	40.74177603	-74.00149746	487	40.73314259	-73.97573881	1
0	22	10043	2010	40.72165481	-74.00234737	417	40.71291224	-74.01020234	1
0	22	46721	345	40.73649403	-73.99704374	326	40.72953837	-73.98426726	1
0	22	29868	346	40.73652889	-74.00618026	306	40.70823502	-74.00530063	1
0	22	18598	326	40.72953837	-73.98426726	511	40.72938685	-73.97772429	1
0	22	36274	237	40.73047309	-73.98672378	339	40.72580614	-73.97422494	1
0	22	12443	490	40.751551	-73.993934	505	40.74901271	-73.98848395	1
0	22	8048	457	40.76695317	-73.98169333	290	40.76020258	-73.96478473	1
0	22	19883	146	40.71625008	-74.0091059	3002	40.711512	-74.015756	1
0	22	9317	127	40.73172428	-74.00674436	293	40.73028666	-73.9907647	1
0	22	4062	2021	40.75929124	-73.98859651	318	40.75320159	-73.9779874	1
0	22	26285	293	40.73028666	-73.9907647	394	40.72521311	-73.97768752	1
0	22	10557	168	40.73971301	-73.99456405	254	40.73532427	-73.99800419	1
0	22	34043	399	40.68851534	-73.9647628	275	40.68650065	-73.96563307	1
0	22	63793	471	40.71286844	-73.95698119	349	40.71850211	-73.98329859	1
0	22	7227	362	40.75172632	-73.98753523	472	40.7457121	-73.98194829	1
0	22	40899	433	40.72955361	-73.98057249	312	40.722055	-73.989111	1
0	22	15657	456	40.7597108	-73.97402311	465	40.75513557	-73.98658032	1
0	22	17200	446	40.74487634	-73.99529885	509	40.7454973	-74.00197139	1
0	22	23104	529	40.7575699	-73.99098507	494	40.74734825	-73.99723551	2
0	22	27844	456	40.7597108	-73.97402311	519	40.75188406	-73.97770164	1
0	22	28702	236	40.7284186	-73.98713956	492	40.75019995	-73.99093085	1
0	22	2070	293	40.73028666	-73.9907647	236	40.7284186	-73.98713956	1
0	22	164	223	40.73781509	-73.99994661	334	40.74238787	-73.99726235	1
0	22	33777	368	40.73038599	-74.00214988	432	40.72621788	-73.98379855	1
0	22	57956	362	40.75172632	-73.98753523	174	40.7381765	-73.97738662	1
0	22	22362	380	40.73401143	-74.00293877	405	40.739323	-74.008119	1
0	22	10310	459	40.746745	-74.007756	127	40.73172428	-74.00674436	1
0	22	1040	285	40.73454567	-73.99074142	546	40.74444921	-73.98303529	2
0	22	23671	518	40.74780373	-73.9734419	401	40.72019576	-73.98997825	1
0	22	14684	410	40.72066442	-73.98517977	473	40.72110063	-73.9919254	1
0	22	74637	232	40.69597683	-73.99014892	437	40.6809833854	-73.9500479759	1
0	22	28238	504	40.73221853	-73.98165557	325	40.73624527	-73.98473765	1
0	22	13983	368	40.73038599	-74.00214988	328	40.72405549	-74.00965965	1
0	22	15302	529	40.7575699	-73.99098507	453	40.74475148	-73.99915362	1
0	22	42091	380	40.73401143	-74.00293877	411	40.72228087	-73.97668709	1
0	22	24408	450	40.76227205	-73.98788205	456	40.7597108	-73.97402311	1
0	22	22482	375	40.72679454	-73.99695094	311	40.7172274	-73.98802084	3
0	22	7810	355	40.71602118	-73.99974372	151	40.7218158	-73.99720307	2
0	22	33202	446	40.74487634	-73.99529885	473	40.72110063	-73.9919254	1
0	22	5294	412	40.7158155	-73.99422366	295	40.71406667	-73.99293911	1
0	22	31229	377	40.72243797	-74.00566443	529	40.7575699	-73.99098507	1
0	22	18664	335	40.72903917	-73.99404649	505	40.74901271	-73.98848395	1
0	22	46155	497	40.73704984	-73.99009296	515	40.76009437	-73.99461843	1
0	22	74638	225	40.74195138	-74.00803013	467	40.68312489	-73.97895137	1
0	22	48576	380	40.73401143	-74.00293877	492	40.75019995	-73.99093085	1
0	22	44085	380	40.73401143	-74.00293877	422	40.770513	-73.988038	1
0	22	63173	449	40.76461837	-73.98789473	300	40.728145	-73.990214	1
0	22	26673	497	40.73704984	-73.99009296	147	40.71542197	-74.01121978	1
0	22	52082	498	40.74854862	-73.98808416	508	40.76341379	-73.99667444	1
0	22	34311	432	40.72621788	-73.98379855	290	40.76020258	-73.96478473	1
0	22	29318	423	40.76584941	-73.98690506	528	40.74290902	-73.97706058	1
0	22	14897	301	40.72217444	-73.98368779	403	40.72502876	-73.99069656	1
0	22	30026	442	40.746647	-73.993915	284	40.7390169121	-74.0026376103	1
0	22	31798	284	40.7390169121	-74.0026376103	450	40.76227205	-73.98788205	1
0	22	3664	167	40.7489006	-73.97604882	514	40.76087502	-74.00277668	1
0	22	9588	293	40.73028666	-73.9907647	128	40.72710258	-74.00297088	1
0	22	7161	528	40.74290902	-73.97706058	472	40.7457121	-73.98194829	1
0	22	39518	248	40.72185379	-74.00771779	380	40.73401143	-74.00293877	1
0	22	11176	357	40.73261787	-73.99158043	438	40.72779126	-73.98564945	1
0	22	64794	248	40.72185379	-74.00771779	405	40.739323	-74.008119	1
0	22	4590	519	40.75188406	-73.97770164	540	40.74147286	-73.98320928	1
0	22	55671	167	40.7489006	-73.97604882	438	40.72779126	-73.98564945	1
0	22	2804	368	40.73038599	-74.00214988	375	40.72679454	-73.99695094	1
0	22	20441	380	40.73401143	-74.00293877	251	40.72317958	-73.99480012	1
0	22	21288	403	40.72502876	-73.99069656	483	40.73223272	-73.98889957	1
0	22	18260	224	40.71146364	-74.00552427	340	40.71269042	-73.98776323	1
0	22	39798	311	40.7172274	-73.98802084	471	40.71286844	-73.95698119	1
0	22	11208	300	40.728145	-73.990214	537	40.74025878	-73.98409214	1
0	22	53223	2022	40.75849116	-73.95920622	160	40.748238	-73.978311	1
0	22	1514	406	40.69512845	-73.99595065	391	40.69760127	-73.99344559	1
0	22	19354	373	40.69331716	-73.95381995	373	40.69331716	-73.95381995	1
0	22	39525	457	40.76695317	-73.98169333	515	40.76009437	-73.99461843	1
0	22	31748	325	40.73624527	-73.98473765	490	40.751551	-73.993934	2
0	22	9408	347	40.72873888	-74.00748842	347	40.72873888	-74.00748842	1
0	22	47546	393	40.72299208	-73.97995466	356	40.71622644	-73.98261206	1
0	22	26042	347	40.72873888	-74.00748842	329	40.72043411	-74.01020609	1
0	22	27076	127	40.73172428	-74.00674436	497	40.73704984	-73.99009296	1
0	22	11169	483	40.73223272	-73.98889957	433	40.72955361	-73.98057249	1
0	22	10002	448	40.75660359	-73.9979009	459	40.746745	-74.007756	1
0	22	22815	457	40.76695317	-73.98169333	422	40.770513	-73.988038	1
0	22	570	2017	40.75022392	-73.97121414	459	40.746745	-74.007756	1
0	22	14324	312	40.722055	-73.989111	528	40.74290902	-73.97706058	1
0	22	23570	323	40.69236178	-73.98631746	366	40.693261	-73.968896	1
0	22	69	529	40.7575699	-73.99098507	478	40.76030096	-73.99884222	1
0	22	28936	2005	40.70531194	-73.97100056	2001	40.69892054	-73.97332996	1
0	22	53920	164	40.75323098	-73.97032517	342	40.71739973	-73.98016555	1
0	22	10745	2005	40.70531194	-73.97100056	2005	40.70531194	-73.97100056	1
0	22	16225	238	40.7361967	-74.00859207	347	40.72873888	-74.00748842	1
0	22	31553	528	40.74290902	-73.97706058	501	40.744219	-73.97121214	1
0	22	23041	487	40.73314259	-73.97573881	376	40.70862144	-74.00722156	1
0	22	1411	127	40.73172428	-74.00674436	521	40.75044999	-73.99481051	1
0	22	74639	241	40.68981035	-73.97493121	312	40.722055	-73.989111	1
0	22	15762	362	40.75172632	-73.98753523	492	40.75019995	-73.99093085	1
0	22	29928	152	40.71473993	-74.00910627	360	40.70717936	-74.00887308	1
0	22	11119	2021	40.75929124	-73.98859651	490	40.751551	-73.993934	1
0	22	3655	2003	40.73416059	-73.98024289	167	40.7489006	-73.97604882	2
0	22	14698	161	40.72917025	-73.99810231	345	40.73649403	-73.99704374	1
0	22	322	475	40.73524276	-73.98758561	2003	40.73416059	-73.98024289	1
0	22	21310	2003	40.73416059	-73.98024289	401	40.72019576	-73.98997825	1
0	22	11716	348	40.72490985	-74.00154702	151	40.7218158	-73.99720307	1
0	22	32641	324	40.689888	-73.981013	421	40.69573398	-73.97129668	1
0	22	34063	297	40.734232	-73.986923	2009	40.71117444	-73.99682619	1
0	22	42189	467	40.68312489	-73.97895137	297	40.734232	-73.986923	1
0	22	41233	236	40.7284186	-73.98713956	349	40.71850211	-73.98329859	2
0	22	17747	151	40.7218158	-73.99720307	312	40.722055	-73.989111	1
0	22	4119	336	40.73047747	-73.99906065	428	40.72467721	-73.98783413	1
0	22	29485	394	40.72521311	-73.97768752	380	40.73401143	-74.00293877	1
0	22	32281	369	40.73224119	-74.00026394	482	40.73935542	-73.99931783	1
0	22	2919	488	40.75645824	-73.99372222	334	40.74238787	-73.99726235	1
0	22	59574	313	40.69610226	-73.96751037	364	40.68900443	-73.96023854	1
0	22	17649	477	40.75640548	-73.9900262	521	40.75044999	-73.99481051	1
0	22	10245	494	40.74734825	-73.99723551	515	40.76009437	-73.99461843	1
0	22	35746	508	40.76341379	-73.99667444	249	40.71870987	-74.0090009	1
0	22	32117	248	40.72185379	-74.00771779	293	40.73028666	-73.9907647	1
0	22	53053	257	40.71939226	-74.00247214	494	40.74734825	-73.99723551	1
0	22	24190	355	40.71602118	-73.99974372	340	40.71269042	-73.98776323	1
0	22	6831	313	40.69610226	-73.96751037	261	40.69474881	-73.98362464	1
0	22	1921	504	40.73221853	-73.98165557	459	40.746745	-74.007756	1
0	22	13084	423	40.76584941	-73.98690506	448	40.75660359	-73.9979009	1
0	22	33225	144	40.69839895	-73.98068914	343	40.69794	-73.96986848	2
0	22	10610	261	40.69474881	-73.98362464	323	40.69236178	-73.98631746	1
0	22	41861	401	40.72019576	-73.98997825	316	40.70955958	-74.00653609	2
0	22	4261	327	40.7153379	-74.01658354	152	40.71473993	-74.00910627	1
0	22	11051	488	40.75645824	-73.99372222	488	40.75645824	-73.99372222	1
0	22	41169	531	40.71893904	-73.99266288	411	40.72228087	-73.97668709	1
0	22	10110	430	40.7014851	-73.98656928	430	40.7014851	-73.98656928	1
0	22	7733	435	40.74173969	-73.99415556	489	40.75066386	-74.00176802	1
0	22	30460	497	40.73704984	-73.99009296	268	40.71910537	-73.99973337	1
0	22	487	482	40.73935542	-73.99931783	380	40.73401143	-74.00293877	1
0	22	33347	296	40.71413089	-73.9970468	401	40.72019576	-73.98997825	1
0	22	43049	487	40.73314259	-73.97573881	501	40.744219	-73.97121214	2
0	22	381	128	40.72710258	-74.00297088	151	40.7218158	-73.99720307	1
0	22	13680	168	40.73971301	-73.99456405	447	40.76370739	-73.9851615	1
0	22	40211	79	40.71911552	-74.00666661	435	40.74173969	-73.99415556	1
0	22	17036	432	40.72621788	-73.98379855	311	40.7172274	-73.98802084	1
0	22	37344	449	40.76461837	-73.98789473	380	40.73401143	-74.00293877	1
0	22	2588	382	40.73492695	-73.99200509	336	40.73047747	-73.99906065	1
0	22	8341	340	40.71269042	-73.98776323	403	40.72502876	-73.99069656	1
0	22	39214	295	40.71406667	-73.99293911	150	40.7208736	-73.98085795	1
0	22	3212	531	40.71893904	-73.99266288	400	40.71926081	-73.98178024	1
0	22	33776	411	40.72228087	-73.97668709	482	40.73935542	-73.99931783	1
0	22	47297	2021	40.75929124	-73.98859651	161	40.72917025	-73.99810231	1
0	22	48672	446	40.74487634	-73.99529885	528	40.74290902	-73.97706058	1
0	22	22939	546	40.74444921	-73.98303529	546	40.74444921	-73.98303529	1
0	22	2875	422	40.770513	-73.988038	515	40.76009437	-73.99461843	1
0	22	34897	468	40.7652654	-73.98192338	160	40.748238	-73.978311	1
0	22	39823	362	40.75172632	-73.98753523	285	40.73454567	-73.99074142	1
0	22	13498	471	40.71286844	-73.95698119	539	40.71534825	-73.96024116	1
0	22	24809	519	40.75188406	-73.97770164	519	40.75188406	-73.97770164	1
0	22	23356	392	40.695065	-73.987167	391	40.69760127	-73.99344559	1
0	22	25455	267	40.75097711	-73.98765428	518	40.74780373	-73.9734419	1
0	22	3303	375	40.72679454	-73.99695094	174	40.7381765	-73.97738662	1
0	22	1722	457	40.76695317	-73.98169333	281	40.7643971	-73.97371465	2
0	22	8283	2012	40.739445	-73.976806	441	40.756014	-73.967416	1
0	22	36013	475	40.73524276	-73.98758561	268	40.71910537	-73.99973337	1
0	22	25084	312	40.722055	-73.989111	296	40.71413089	-73.9970468	1
0	22	57052	481	40.71260486	-73.96264403	416	40.68753406	-73.97265183	1
0	22	4293	438	40.72779126	-73.98564945	462	40.74691959	-74.00451887	1
0	22	48279	293	40.73028666	-73.9907647	361	40.71605866	-73.99190759	1
0	22	1968	411	40.72228087	-73.97668709	433	40.72955361	-73.98057249	1
0	22	46418	257	40.71939226	-74.00247214	540	40.74147286	-73.98320928	1
0	22	19140	475	40.73524276	-73.98758561	334	40.74238787	-73.99726235	1
0	22	12227	383	40.735238	-74.000271	347	40.72873888	-74.00748842	1
0	22	34767	416	40.68753406	-73.97265183	218	40.69028437	-73.98707105	1
0	22	27426	325	40.73624527	-73.98473765	439	40.7262807	-73.98978041	1
0	22	23607	368	40.73038599	-74.00214988	146	40.71625008	-74.0091059	1
0	22	1864	433	40.72955361	-73.98057249	285	40.73454567	-73.99074142	1
0	22	19229	252	40.73226398	-73.99852205	345	40.73649403	-73.99704374	1
0	22	24018	473	40.72110063	-73.9919254	348	40.72490985	-74.00154702	1
0	22	23670	311	40.7172274	-73.98802084	282	40.70827295	-73.96834101	1
0	22	15945	368	40.73038599	-74.00214988	116	40.74177603	-74.00149746	1
0	22	19251	450	40.76227205	-73.98788205	453	40.74475148	-73.99915362	1
0	22	46507	434	40.74317449	-74.00366443	300	40.728145	-73.990214	1
0	22	38602	377	40.72243797	-74.00566443	505	40.74901271	-73.98848395	1
0	22	36824	369	40.73224119	-74.00026394	297	40.734232	-73.986923	1
0	22	2294	173	40.76064679	-73.98442659	359	40.75510267	-73.97498696	1
0	22	4767	504	40.73221853	-73.98165557	167	40.7489006	-73.97604882	1
0	22	29517	484	40.75500254	-73.98014437	72	40.76727216	-73.99392888	1
0	22	30939	281	40.7643971	-73.97371465	515	40.76009437	-73.99461843	1
0	22	2455	368	40.73038599	-74.00214988	363	40.70834698	-74.01713445	1
0	22	23984	456	40.7597108	-73.97402311	448	40.75660359	-73.9979009	1
0	22	20977	312	40.722055	-73.989111	537	40.74025878	-73.98409214	1
0	22	24915	403	40.72502876	-73.99069656	348	40.72490985	-74.00154702	1
0	22	12040	116	40.74177603	-74.00149746	446	40.74487634	-73.99529885	1
0	22	8919	317	40.72453734	-73.98185424	151	40.7218158	-73.99720307	1
0	22	8327	284	40.7390169121	-74.0026376103	477	40.75640548	-73.9900262	1
0	22	18245	487	40.73314259	-73.97573881	504	40.73221853	-73.98165557	1
0	22	29073	428	40.72467721	-73.98783413	295	40.71406667	-73.99293911	2
0	22	52064	297	40.734232	-73.986923	404	40.7405826	-74.00550867	1
0	22	23656	499	40.76915505	-73.98191841	505	40.74901271	-73.98848395	1
0	22	30687	301	40.72217444	-73.98368779	537	40.74025878	-73.98409214	1
0	22	7797	489	40.75066386	-74.00176802	494	40.74734825	-73.99723551	1
0	22	38311	83	40.68382604	-73.97632328	275	40.68650065	-73.96563307	1
0	22	74640	242	40.69788349	-73.97350332	526	40.74765947	-73.98490707	1
0	22	17009	285	40.73454567	-73.99074142	152	40.71473993	-74.00910627	1
0	22	1119	521	40.75044999	-73.99481051	463	40.74206539	-74.00443172	1
0	22	11960	290	40.76020258	-73.96478473	528	40.74290902	-73.97706058	1
0	22	19198	494	40.74734825	-73.99723551	2003	40.73416059	-73.98024289	1
0	22	2342	477	40.75640548	-73.9900262	447	40.76370739	-73.9851615	1
0	22	13901	280	40.73331967	-73.99510132	426	40.71754834	-74.01322069	1
0	22	69824	436	40.68216564	-73.95399026	275	40.68650065	-73.96563307	1
0	22	8195	229	40.72743423	-73.99379025	301	40.72217444	-73.98368779	1
0	22	12428	265	40.72229346	-73.99147535	361	40.71605866	-73.99190759	1
0	22	33141	467	40.68312489	-73.97895137	278	40.69766564	-73.98476437	1
0	22	17379	2021	40.75929124	-73.98859651	514	40.76087502	-74.00277668	1
0	22	2	322	40.696192	-73.991218	398	40.69165183	-73.9999786	1
0	22	20859	368	40.73038599	-74.00214988	505	40.74901271	-73.98848395	1
0	22	21719	475	40.73524276	-73.98758561	160	40.748238	-73.978311	1
0	22	33934	300	40.728145	-73.990214	251	40.72317958	-73.99480012	1
0	22	12002	151	40.7218158	-73.99720307	349	40.71850211	-73.98329859	1
0	22	27860	539	40.71534825	-73.96024116	2002	40.716887	-73.963198	1
0	22	7872	294	40.73049393	-73.9957214	486	40.7462009	-73.98855723	1
0	22	11784	529	40.7575699	-73.99098507	515	40.76009437	-73.99461843	1
0	22	8595	151	40.7218158	-73.99720307	401	40.72019576	-73.98997825	1
0	22	10289	540	40.74147286	-73.98320928	285	40.73454567	-73.99074142	1
0	22	30689	511	40.72938685	-73.97772429	382	40.73492695	-73.99200509	1
0	22	27089	336	40.73047747	-73.99906065	380	40.73401143	-74.00293877	1
0	22	11422	335	40.72903917	-73.99404649	369	40.73224119	-74.00026394	1
0	22	12121	505	40.74901271	-73.98848395	477	40.75640548	-73.9900262	1
0	22	21640	308	40.71307916	-73.99851193	291	40.713126	-73.984844	1
0	22	1186	507	40.73912601	-73.97973776	236	40.7284186	-73.98713956	1
0	22	27258	334	40.74238787	-73.99726235	325	40.73624527	-73.98473765	1
0	22	4443	472	40.7457121	-73.98194829	490	40.751551	-73.993934	1
0	22	95	2021	40.75929124	-73.98859651	515	40.76009437	-73.99461843	1
0	22	24197	312	40.722055	-73.989111	295	40.71406667	-73.99293911	1
0	22	16262	361	40.71605866	-73.99190759	342	40.71739973	-73.98016555	2
0	22	12498	482	40.73935542	-73.99931783	127	40.73172428	-74.00674436	1
0	22	14956	441	40.756014	-73.967416	518	40.74780373	-73.9734419	1
0	22	1008	521	40.75044999	-73.99481051	458	40.751396	-74.005226	1
0	22	14716	485	40.75038009	-73.98338988	469	40.76344058	-73.98268129	1
0	22	23513	252	40.73226398	-73.99852205	335	40.72903917	-73.99404649	1
0	22	1376	229	40.72743423	-73.99379025	410	40.72066442	-73.98517977	1
0	22	10943	410	40.72066442	-73.98517977	151	40.7218158	-73.99720307	1
0	22	8378	168	40.73971301	-73.99456405	459	40.746745	-74.007756	1
0	22	2146	327	40.7153379	-74.01658354	363	40.70834698	-74.01713445	1
0	22	10427	529	40.7575699	-73.99098507	521	40.75044999	-73.99481051	1
0	22	50759	223	40.73781509	-73.99994661	453	40.74475148	-73.99915362	1
0	22	12015	293	40.73028666	-73.9907647	336	40.73047747	-73.99906065	1
0	22	3491	223	40.73781509	-73.99994661	284	40.7390169121	-74.0026376103	1
0	22	12525	293	40.73028666	-73.9907647	432	40.72621788	-73.98379855	1
0	22	46625	528	40.74290902	-73.97706058	516	40.75206862	-73.96784384	1
0	22	5241	380	40.73401143	-74.00293877	402	40.7403432	-73.98955109	1
0	22	1379	515	40.76009437	-73.99461843	490	40.751551	-73.993934	1
0	22	9074	428	40.72467721	-73.98783413	161	40.72917025	-73.99810231	1
0	22	8900	151	40.7218158	-73.99720307	268	40.71910537	-73.99973337	1
0	22	55909	432	40.72621788	-73.98379855	2022	40.75849116	-73.95920622	1
0	22	7768	463	40.74206539	-74.00443172	247	40.73535398	-74.00483091	1
0	22	23029	459	40.746745	-74.007756	403	40.72502876	-73.99069656	1
0	22	13839	363	40.70834698	-74.01713445	363	40.70834698	-74.01713445	1
0	22	21514	531	40.71893904	-73.99266288	531	40.71893904	-73.99266288	1
0	22	7939	254	40.73532427	-73.99800419	459	40.746745	-74.007756	1
0	22	3557	449	40.76461837	-73.98789473	482	40.73935542	-73.99931783	1
0	22	40146	2021	40.75929124	-73.98859651	3002	40.711512	-74.015756	1
0	22	121	345	40.73649403	-73.99704374	459	40.746745	-74.007756	1
0	22	22841	79	40.71911552	-74.00666661	345	40.73649403	-73.99704374	1
0	22	38122	267	40.75097711	-73.98765428	388	40.749717753	-74.002950346	1
0	22	21430	435	40.74173969	-73.99415556	347	40.72873888	-74.00748842	1
0	22	12550	488	40.75645824	-73.99372222	450	40.76227205	-73.98788205	1
0	22	61429	490	40.751551	-73.993934	300	40.728145	-73.990214	1
0	22	12395	449	40.76461837	-73.98789473	513	40.768254	-73.988639	1
0	22	37682	499	40.76915505	-73.98191841	223	40.73781509	-73.99994661	1
0	22	28806	479	40.76019252	-73.9912551	127	40.73172428	-74.00674436	1
0	22	9969	264	40.70706456	-74.00731853	264	40.70706456	-74.00731853	1
0	22	74632	392	40.695065	-73.987167	406	40.69512845	-73.99595065	1
0	22	35708	509	40.7454973	-74.00197139	457	40.76695317	-73.98169333	1
0	22	23920	280	40.73331967	-73.99510132	432	40.72621788	-73.98379855	1
0	22	6998	375	40.72679454	-73.99695094	284	40.7390169121	-74.0026376103	1
0	22	23250	449	40.76461837	-73.98789473	467	40.68312489	-73.97895137	1
0	22	42068	439	40.7262807	-73.98978041	453	40.74475148	-73.99915362	1
0	22	8207	433	40.72955361	-73.98057249	410	40.72066442	-73.98517977	2
0	22	23212	499	40.76915505	-73.98191841	512	40.7500727	-73.99839279	1
0	22	10968	486	40.7462009	-73.98855723	465	40.75513557	-73.98658032	1
0	22	55	466	40.74395411	-73.99144871	167	40.7489006	-73.97604882	1
0	22	21065	349	40.71850211	-73.98329859	229	40.72743423	-73.99379025	2
0	22	23177	223	40.73781509	-73.99994661	519	40.75188406	-73.97770164	1
0	22	56853	285	40.73454567	-73.99074142	310	40.68926942	-73.98912867	1
0	22	14760	284	40.7390169121	-74.0026376103	116	40.74177603	-74.00149746	1
0	22	15973	290	40.76020258	-73.96478473	352	40.76340613	-73.97722479	1
0	22	21108	415	40.7047177	-74.00926027	355	40.71602118	-73.99974372	1
0	22	1507	147	40.71542197	-74.01121978	306	40.70823502	-74.00530063	1
0	22	20168	2021	40.75929124	-73.98859651	426	40.71754834	-74.01322069	1
0	22	12856	368	40.73038599	-74.00214988	2004	40.724399	-74.004704	1
0	22	4037	173	40.76064679	-73.98442659	515	40.76009437	-73.99461843	2
0	22	20019	434	40.74317449	-74.00366443	519	40.75188406	-73.97770164	1
0	22	27403	459	40.746745	-74.007756	513	40.768254	-73.988639	1
0	22	41801	439	40.7262807	-73.98978041	2009	40.71117444	-73.99682619	1
0	22	17574	331	40.71173107	-73.99193043	2009	40.71117444	-73.99682619	1
0	22	34890	404	40.7405826	-74.00550867	325	40.73624527	-73.98473765	1
0	22	18385	324	40.689888	-73.981013	241	40.68981035	-73.97493121	3
0	22	7042	344	40.6851443	-73.95380904	384	40.68317813	-73.9659641	1
0	22	23494	423	40.76584941	-73.98690506	422	40.770513	-73.988038	2
0	22	34868	509	40.7454973	-74.00197139	369	40.73224119	-74.00026394	1
0	22	44137	345	40.73649403	-73.99704374	355	40.71602118	-73.99974372	1
0	22	67935	2004	40.724399	-74.004704	504	40.73221853	-73.98165557	1
0	22	7557	467	40.68312489	-73.97895137	314	40.69424674	-73.99215922	1
0	22	6755	323	40.69236178	-73.98631746	342	40.71739973	-73.98016555	1
0	22	23437	422	40.770513	-73.988038	472	40.7457121	-73.98194829	2
0	22	16495	369	40.73224119	-74.00026394	293	40.73028666	-73.9907647	1
0	22	39795	450	40.76227205	-73.98788205	449	40.76461837	-73.98789473	1
0	22	10349	362	40.75172632	-73.98753523	253	40.73543934	-73.99453948	1
0	22	38956	296	40.71413089	-73.9970468	432	40.72621788	-73.98379855	1
0	22	31971	422	40.770513	-73.988038	153	40.752062307	-73.9816324043	1
0	22	23375	518	40.74780373	-73.9734419	2000	40.70255088	-73.98940236	1
0	22	24927	422	40.770513	-73.988038	456	40.7597108	-73.97402311	1
0	22	44184	457	40.76695317	-73.98169333	546	40.74444921	-73.98303529	1
0	22	14896	382	40.73492695	-73.99200509	247	40.73535398	-74.00483091	1
0	22	68114	458	40.751396	-74.005226	291	40.713126	-73.984844	1
0	22	17345	168	40.73971301	-73.99456405	462	40.74691959	-74.00451887	1
0	22	74633	304	40.70463334	-74.01361706	443	40.70853074	-73.96408963	1
0	22	20692	377	40.72243797	-74.00566443	368	40.73038599	-74.00214988	1
0	22	27114	2021	40.75929124	-73.98859651	251	40.72317958	-73.99480012	1
0	22	8917	237	40.73047309	-73.98672378	251	40.72317958	-73.99480012	1
0	22	24072	401	40.72019576	-73.98997825	331	40.71173107	-73.99193043	1
0	22	5135	497	40.73704984	-73.99009296	168	40.73971301	-73.99456405	1
0	22	8866	326	40.72953837	-73.98426726	335	40.72903917	-73.99404649	1
0	22	23587	312	40.722055	-73.989111	507	40.73912601	-73.97973776	1
0	22	41274	473	40.72110063	-73.9919254	433	40.72955361	-73.98057249	1
0	22	23620	224	40.71146364	-74.00552427	417	40.71291224	-74.01020234	1
0	22	13841	520	40.75992262	-73.97648516	485	40.75038009	-73.98338988	1
0	22	61639	529	40.7575699	-73.99098507	160	40.748238	-73.978311	1
0	22	5676	147	40.71542197	-74.01121978	2008	40.70569254	-74.01677685	1
0	22	45498	497	40.73704984	-73.99009296	150	40.7208736	-73.98085795	1
0	22	13713	264	40.70706456	-74.00731853	3002	40.711512	-74.015756	1
0	22	3127	303	40.72362738	-73.99949601	116	40.74177603	-74.00149746	1
0	22	23584	385	40.75797322	-73.96603308	518	40.74780373	-73.9734419	1
0	22	14117	2010	40.72165481	-74.00234737	336	40.73047747	-73.99906065	1
0	22	27701	319	40.71336124	-74.00937622	380	40.73401143	-74.00293877	1
0	22	60487	428	40.72467721	-73.98783413	276	40.71748752	-74.0104554	1
0	22	14639	296	40.71413089	-73.9970468	342	40.71739973	-73.98016555	2
0	22	74634	458	40.751396	-74.005226	339	40.72580614	-73.97422494	1
0	22	11915	224	40.71146364	-74.00552427	415	40.7047177	-74.00926027	2
0	22	6765	347	40.72873888	-74.00748842	284	40.7390169121	-74.0026376103	1
0	22	14557	537	40.74025878	-73.98409214	291	40.713126	-73.984844	1
0	22	13863	306	40.70823502	-74.00530063	291	40.713126	-73.984844	1
0	22	52310	296	40.71413089	-73.9970468	427	40.70251526	-74.01427023	1
0	22	2496	318	40.75320159	-73.9779874	477	40.75640548	-73.9900262	1
0	22	33970	294	40.73049393	-73.9957214	223	40.73781509	-73.99994661	1
0	22	14480	168	40.73971301	-73.99456405	479	40.76019252	-73.9912551	1
0	22	2467	498	40.74854862	-73.98808416	340	40.71269042	-73.98776323	1
0	22	23773	384	40.68317813	-73.9659641	2000	40.70255088	-73.98940236	1
0	22	23368	462	40.74691959	-74.00451887	2021	40.75929124	-73.98859651	1
0	22	17304	296	40.71413089	-73.9970468	291	40.713126	-73.984844	1
0	22	4160	285	40.73454567	-73.99074142	2012	40.739445	-73.976806	1
0	22	9194	498	40.74854862	-73.98808416	174	40.7381765	-73.97738662	1
0	22	14697	536	40.74144387	-73.97536082	498	40.74854862	-73.98808416	1
0	22	23202	324	40.689888	-73.981013	354	40.69363137	-73.96223558	1
0	22	46236	362	40.75172632	-73.98753523	475	40.73524276	-73.98758561	1
0	22	51346	449	40.76461837	-73.98789473	459	40.746745	-74.007756	1
0	22	20316	254	40.73532427	-73.99800419	254	40.73532427	-73.99800419	1
0	22	39622	276	40.71748752	-74.0104554	360	40.70717936	-74.00887308	1
0	22	8203	173	40.76064679	-73.98442659	448	40.75660359	-73.9979009	1
0	22	73868	296	40.71413089	-73.9970468	388	40.749717753	-74.002950346	1
0	22	33416	528	40.74290902	-73.97706058	537	40.74025878	-73.98409214	1
0	22	20679	173	40.76064679	-73.98442659	505	40.74901271	-73.98848395	1
0	22	74635	467	40.68312489	-73.97895137	495	40.76269882	-73.99301222	1
0	22	31713	377	40.72243797	-74.00566443	380	40.73401143	-74.00293877	1
0	22	15977	456	40.7597108	-73.97402311	2021	40.75929124	-73.98859651	1
0	22	21610	334	40.74238787	-73.99726235	447	40.76370739	-73.9851615	1
0	22	34614	252	40.73226398	-73.99852205	394	40.72521311	-73.97768752	1
0	22	17917	318	40.75320159	-73.9779874	518	40.74780373	-73.9734419	2
0	22	45395	481	40.71260486	-73.96264403	460	40.71285887	-73.96590294	1
0	22	58623	477	40.75640548	-73.9900262	454	40.75455731	-73.96592976	1
0	22	185	352	40.76340613	-73.97722479	477	40.75640548	-73.9900262	1
0	22	34129	456	40.7597108	-73.97402311	285	40.73454567	-73.99074142	1
0	22	23061	537	40.74025878	-73.98409214	494	40.74734825	-73.99723551	1
0	22	4556	406	40.69512845	-73.99595065	143	40.69239502	-73.99337909	1
0	22	428	509	40.7454973	-74.00197139	442	40.746647	-73.993915	1
0	22	29136	146	40.71625008	-74.0091059	224	40.71146364	-74.00552427	1
0	22	5253	284	40.7390169121	-74.0026376103	388	40.749717753	-74.002950346	1
0	22	24769	128	40.72710258	-74.00297088	116	40.74177603	-74.00149746	1
0	22	8467	2021	40.75929124	-73.98859651	263	40.71729	-73.996375	1
0	22	5370	475	40.73524276	-73.98758561	444	40.7423543	-73.98915076	1
0	22	5405	423	40.76584941	-73.98690506	469	40.76344058	-73.98268129	1
0	22	33455	285	40.73454567	-73.99074142	361	40.71605866	-73.99190759	1
0	22	22689	263	40.71729	-73.996375	340	40.71269042	-73.98776323	1
0	22	21483	284	40.7390169121	-74.0026376103	494	40.74734825	-73.99723551	1
0	22	9691	508	40.76341379	-73.99667444	229	40.72743423	-73.99379025	1
0	22	22921	385	40.75797322	-73.96603308	440	40.75255434	-73.97282625	1
0	22	21357	539	40.71534825	-73.96024116	443	40.70853074	-73.96408963	1
0	22	18688	459	40.746745	-74.007756	150	40.7208736	-73.98085795	1
0	22	30964	428	40.72467721	-73.98783413	393	40.72299208	-73.97995466	1
0	22	10719	401	40.72019576	-73.98997825	410	40.72066442	-73.98517977	1
0	22	1392	229	40.72743423	-73.99379025	401	40.72019576	-73.98997825	2
0	22	3862	488	40.75645824	-73.99372222	463	40.74206539	-74.00443172	1
0	22	1394	328	40.72405549	-74.00965965	328	40.72405549	-74.00965965	1
0	22	56557	375	40.72679454	-73.99695094	342	40.71739973	-73.98016555	1
0	22	19581	458	40.751396	-74.005226	334	40.74238787	-73.99726235	1
0	22	775	459	40.746745	-74.007756	334	40.74238787	-73.99726235	1
0	22	8750	285	40.73454567	-73.99074142	223	40.73781509	-73.99994661	1
0	22	28893	454	40.75455731	-73.96592976	518	40.74780373	-73.9734419	1
0	22	42593	291	40.713126	-73.984844	400	40.71926081	-73.98178024	1
0	22	666	519	40.75188406	-73.97770164	546	40.74444921	-73.98303529	1
0	22	33368	362	40.75172632	-73.98753523	462	40.74691959	-74.00451887	1
0	22	1348	284	40.7390169121	-74.0026376103	382	40.73492695	-73.99200509	1
0	22	38500	423	40.76584941	-73.98690506	281	40.7643971	-73.97371465	1
0	22	9052	2012	40.739445	-73.976806	2003	40.73416059	-73.98024289	1
0	22	20146	434	40.74317449	-74.00366443	475	40.73524276	-73.98758561	1
0	22	7608	161	40.72917025	-73.99810231	521	40.75044999	-73.99481051	1
0	22	22124	499	40.76915505	-73.98191841	525	40.75594159	-74.0021163	2
0	22	21697	151	40.7218158	-73.99720307	127	40.73172428	-74.00674436	1
0	22	32538	295	40.71406667	-73.99293911	311	40.7172274	-73.98802084	1
0	22	18778	348	40.72490985	-74.00154702	297	40.734232	-73.986923	1
0	22	51497	325	40.73624527	-73.98473765	280	40.73331967	-73.99510132	1
0	22	2835	477	40.75640548	-73.9900262	513	40.768254	-73.988639	1
0	22	34571	489	40.75066386	-74.00176802	422	40.770513	-73.988038	1
0	22	22532	347	40.72873888	-74.00748842	504	40.73221853	-73.98165557	1
0	22	29250	401	40.72019576	-73.98997825	336	40.73047747	-73.99906065	1
0	22	18333	434	40.74317449	-74.00366443	346	40.73652889	-74.00618026	1
0	22	46318	433	40.72955361	-73.98057249	528	40.74290902	-73.97706058	1
0	22	3936	382	40.73492695	-73.99200509	405	40.739323	-74.008119	1
0	22	44981	457	40.76695317	-73.98169333	526	40.74765947	-73.98490707	1
0	22	23286	368	40.73038599	-74.00214988	361	40.71605866	-73.99190759	1
0	22	34903	489	40.75066386	-74.00176802	479	40.76019252	-73.9912551	1
0	22	16502	336	40.73047747	-73.99906065	363	40.70834698	-74.01713445	1
0	22	23561	462	40.74691959	-74.00451887	494	40.74734825	-73.99723551	1
0	22	21304	254	40.73532427	-73.99800419	150	40.7208736	-73.98085795	1
0	22	11284	293	40.73028666	-73.9907647	325	40.73624527	-73.98473765	1
0	22	7002	161	40.72917025	-73.99810231	428	40.72467721	-73.98783413	1
0	22	48666	416	40.68753406	-73.97265183	275	40.68650065	-73.96563307	1
0	22	13205	251	40.72317958	-73.99480012	410	40.72066442	-73.98517977	1
0	22	50855	225	40.74195138	-74.00803013	319	40.71336124	-74.00937622	1
0	22	2989	347	40.72873888	-74.00748842	345	40.73649403	-73.99704374	1
0	22	19332	364	40.68900443	-73.96023854	354	40.69363137	-73.96223558	1
0	22	30668	335	40.72903917	-73.99404649	380	40.73401143	-74.00293877	1
0	22	50466	531	40.71893904	-73.99266288	237	40.73047309	-73.98672378	1
0	22	15546	428	40.72467721	-73.98783413	358	40.73291553	-74.00711384	1
0	22	74636	348	40.72490985	-74.00154702	298	40.68683208	-73.9796772	1
0	22	20105	512	40.7500727	-73.99839279	454	40.75455731	-73.96592976	1
0	22	28861	128	40.72710258	-74.00297088	458	40.751396	-74.005226	1
0	22	34229	152	40.71473993	-74.00910627	415	40.7047177	-74.00926027	1
0	22	12454	465	40.75513557	-73.98658032	385	40.75797322	-73.96603308	1
0	22	50200	391	40.69760127	-73.99344559	258	40.68940747	-73.96885458	1
0	22	14205	285	40.73454567	-73.99074142	301	40.72217444	-73.98368779	1
0	22	7826	401	40.72019576	-73.98997825	323	40.69236178	-73.98631746	1
0	22	385	318	40.75320159	-73.9779874	439	40.7262807	-73.98978041	1
0	22	22825	251	40.72317958	-73.99480012	174	40.7381765	-73.97738662	1
0	22	46089	305	40.76095756	-73.96724467	516	40.75206862	-73.96784384	1
0	22	29744	467	40.68312489	-73.97895137	384	40.68317813	-73.9659641	1
0	22	1697	497	40.73704984	-73.99009296	297	40.734232	-73.986923	1
0	22	68612	329	40.72043411	-74.01020609	150	40.7208736	-73.98085795	1
0	22	17228	391	40.69760127	-73.99344559	406	40.69512845	-73.99595065	1
0	22	40291	368	40.73038599	-74.00214988	442	40.746647	-73.993915	1
0	22	7848	2021	40.75929124	-73.98859651	508	40.76341379	-73.99667444	1
0	22	3852	482	40.73935542	-73.99931783	469	40.76344058	-73.98268129	1
0	22	3510	127	40.73172428	-74.00674436	116	40.74177603	-74.00149746	1
0	22	1893	282	40.70827295	-73.96834101	539	40.71534825	-73.96024116	1
0	22	210	358	40.73291553	-74.00711384	284	40.7390169121	-74.0026376103	1
0	22	32807	347	40.72873888	-74.00748842	401	40.72019576	-73.98997825	1
0	22	35421	409	40.6906495	-73.95643107	324	40.689888	-73.981013	1
0	22	52023	395	40.68807003	-73.98410637	239	40.69196566	-73.9813018	1
0	22	44358	2010	40.72165481	-74.00234737	335	40.72903917	-73.99404649	2
0	22	32523	285	40.73454567	-73.99074142	307	40.71427487	-73.98990025	1
0	22	25520	531	40.71893904	-73.99266288	401	40.72019576	-73.98997825	1
0	22	6408	398	40.69165183	-73.9999786	414	40.70281858	-73.98765762	2
0	22	18170	447	40.76370739	-73.9851615	448	40.75660359	-73.9979009	1
0	22	13495	528	40.74290902	-73.97706058	174	40.7381765	-73.97738662	1
0	22	65235	304	40.70463334	-74.01361706	400	40.71926081	-73.98178024	1
0	22	23746	316	40.70955958	-74.00653609	306	40.70823502	-74.00530063	2
0	22	56892	328	40.72405549	-74.00965965	317	40.72453734	-73.98185424	1
0	22	14812	167	40.7489006	-73.97604882	504	40.73221853	-73.98165557	1
0	22	32853	519	40.75188406	-73.97770164	312	40.722055	-73.989111	1
0	22	1165	504	40.73221853	-73.98165557	507	40.73912601	-73.97973776	1
0	22	6418	382	40.73492695	-73.99200509	509	40.7454973	-74.00197139	1
0	22	10385	251	40.72317958	-73.99480012	336	40.73047747	-73.99906065	1
0	22	19924	375	40.72679454	-73.99695094	151	40.7218158	-73.99720307	1
0	22	24837	477	40.75640548	-73.9900262	2021	40.75929124	-73.98859651	1
0	22	9161	383	40.735238	-74.000271	435	40.74173969	-73.99415556	1
0	22	30528	348	40.72490985	-74.00154702	252	40.73226398	-73.99852205	1
0	22	39031	403	40.72502876	-73.99069656	349	40.71850211	-73.98329859	2
0	22	10765	442	40.746647	-73.993915	254	40.73532427	-73.99800419	2
0	22	40719	2010	40.72165481	-74.00234737	331	40.71173107	-73.99193043	1
0	22	6273	307	40.71427487	-73.98990025	342	40.71739973	-73.98016555	1
0	22	768	519	40.75188406	-73.97770164	526	40.74765947	-73.98490707	1
0	22	35031	479	40.76019252	-73.9912551	540	40.74147286	-73.98320928	1
0	22	4104	472	40.7457121	-73.98194829	164	40.75323098	-73.97032517	1
0	22	15621	540	40.74147286	-73.98320928	433	40.72955361	-73.98057249	1
0	22	54665	432	40.72621788	-73.98379855	349	40.71850211	-73.98329859	1
0	22	8666	336	40.73047747	-73.99906065	229	40.72743423	-73.99379025	1
0	22	46867	507	40.73912601	-73.97973776	531	40.71893904	-73.99266288	1
0	22	6385	442	40.746647	-73.993915	521	40.75044999	-73.99481051	1
0	22	11486	479	40.76019252	-73.9912551	479	40.76019252	-73.9912551	1
0	22	19895	434	40.74317449	-74.00366443	168	40.73971301	-73.99456405	1
0	22	14879	2003	40.73416059	-73.98024289	237	40.73047309	-73.98672378	1
0	22	44094	225	40.74195138	-74.00803013	128	40.72710258	-74.00297088	1
0	22	22348	384	40.68317813	-73.9659641	344	40.6851443	-73.95380904	1
0	22	23754	290	40.76020258	-73.96478473	441	40.756014	-73.967416	1
0	22	3974	380	40.73401143	-74.00293877	404	40.7405826	-74.00550867	1
0	22	17321	323	40.69236178	-73.98631746	293	40.73028666	-73.9907647	1
0	22	37671	224	40.71146364	-74.00552427	361	40.71605866	-73.99190759	1
0	22	1596	513	40.768254	-73.988639	352	40.76340613	-73.97722479	1
0	22	21539	401	40.72019576	-73.98997825	150	40.7208736	-73.98085795	1
0	22	33495	450	40.76227205	-73.98788205	528	40.74290902	-73.97706058	1
0	22	68959	116	40.74177603	-74.00149746	150	40.7208736	-73.98085795	1
0	22	15044	310	40.68926942	-73.98912867	416	40.68753406	-73.97265183	2
0	22	58209	394	40.72521311	-73.97768752	168	40.73971301	-73.99456405	1
0	22	10685	335	40.72903917	-73.99404649	285	40.73454567	-73.99074142	1
0	22	23199	271	40.68528172	-73.97805813	420	40.68764484	-73.96968902	1
0	22	19057	323	40.69236178	-73.98631746	150	40.7208736	-73.98085795	1
0	22	1787	404	40.7405826	-74.00550867	521	40.75044999	-73.99481051	1
0	22	20095	495	40.76269882	-73.99301222	127	40.73172428	-74.00674436	1
0	22	22991	237	40.73047309	-73.98672378	2009	40.71117444	-73.99682619	1
0	22	5176	153	40.752062307	-73.9816324043	305	40.76095756	-73.96724467	1
0	22	11156	254	40.73532427	-73.99800419	435	40.74173969	-73.99415556	1
0	22	26860	116	40.74177603	-74.00149746	195	40.70905623	-74.01043382	1
0	22	70214	261	40.69474881	-73.98362464	336	40.73047747	-73.99906065	1
0	22	7350	475	40.73524276	-73.98758561	345	40.73649403	-73.99704374	1
0	22	41850	532	40.710451	-73.960876	119	40.69608941	-73.97803415	1
0	22	25076	347	40.72873888	-74.00748842	224	40.71146364	-74.00552427	1
0	22	29371	116	40.74177603	-74.00149746	382	40.73492695	-73.99200509	2
0	22	23401	479	40.76019252	-73.9912551	383	40.735238	-74.000271	1
0	22	51614	146	40.71625008	-74.0091059	296	40.71413089	-73.9970468	1
0	22	64580	405	40.739323	-74.008119	469	40.76344058	-73.98268129	4
0	22	18048	143	40.69239502	-73.99337909	406	40.69512845	-73.99595065	1
0	22	27389	505	40.74901271	-73.98848395	472	40.7457121	-73.98194829	3
0	22	65117	79	40.71911552	-74.00666661	499	40.76915505	-73.98191841	1
0	22	11152	334	40.74238787	-73.99726235	383	40.735238	-74.000271	1
0	22	33811	362	40.75172632	-73.98753523	528	40.74290902	-73.97706058	1
0	22	25031	312	40.722055	-73.989111	472	40.7457121	-73.98194829	1
0	22	1835	426	40.71754834	-74.01322069	284	40.7390169121	-74.0026376103	1
0	22	46046	428	40.72467721	-73.98783413	150	40.7208736	-73.98085795	1
0	22	2515	297	40.734232	-73.986923	174	40.7381765	-73.97738662	1
0	22	43247	72	40.76727216	-73.99392888	457	40.76695317	-73.98169333	1
0	22	29424	428	40.72467721	-73.98783413	536	40.74144387	-73.97536082	1
0	22	56339	464	40.75934501	-73.96759673	294	40.73049393	-73.9957214	1
0	22	33819	296	40.71413089	-73.9970468	263	40.71729	-73.996375	1
0	22	47091	457	40.76695317	-73.98169333	174	40.7381765	-73.97738662	1
0	22	668	410	40.72066442	-73.98517977	229	40.72743423	-73.99379025	1
0	22	19896	127	40.73172428	-74.00674436	482	40.73935542	-73.99931783	1
0	22	13763	488	40.75645824	-73.99372222	434	40.74317449	-74.00366443	1
0	22	21244	362	40.75172632	-73.98753523	284	40.7390169121	-74.0026376103	1
0	22	20524	458	40.751396	-74.005226	383	40.735238	-74.000271	1
0	22	11774	489	40.75066386	-74.00176802	334	40.74238787	-73.99726235	1
0	22	3912	223	40.73781509	-73.99994661	483	40.73223272	-73.98889957	1
0	22	8869	2002	40.716887	-73.963198	2002	40.716887	-73.963198	2
0	22	8212	434	40.74317449	-74.00366443	489	40.75066386	-74.00176802	1
0	22	14584	365	40.68223166	-73.9614583	467	40.68312489	-73.97895137	2
0	22	21342	470	40.74345335	-74.00004031	494	40.74734825	-73.99723551	1
0	22	42684	473	40.72110063	-73.9919254	442	40.746647	-73.993915	1
0	22	15864	528	40.74290902	-73.97706058	401	40.72019576	-73.98997825	1
0	22	1752	528	40.74290902	-73.97706058	528	40.74290902	-73.97706058	1
0	22	9657	251	40.72317958	-73.99480012	285	40.73454567	-73.99074142	1
0	22	31685	482	40.73935542	-73.99931783	470	40.74345335	-74.00004031	1
0	22	25681	401	40.72019576	-73.98997825	325	40.73624527	-73.98473765	1
0	22	58410	446	40.74487634	-73.99529885	411	40.72228087	-73.97668709	1
0	22	25494	526	40.74765947	-73.98490707	472	40.7457121	-73.98194829	2
0	22	2356	399	40.68851534	-73.9647628	271	40.68528172	-73.97805813	1
0	22	10881	477	40.75640548	-73.9900262	478	40.76030096	-73.99884222	1
0	22	12642	453	40.74475148	-73.99915362	515	40.76009437	-73.99461843	1
0	22	22860	483	40.73223272	-73.98889957	470	40.74345335	-74.00004031	1
0	22	73095	271	40.68528172	-73.97805813	2002	40.716887	-73.963198	1
0	22	13015	453	40.74475148	-73.99915362	446	40.74487634	-73.99529885	1
0	22	44333	528	40.74290902	-73.97706058	484	40.75500254	-73.98014437	1
0	22	45482	434	40.74317449	-74.00366443	146	40.71625008	-74.0091059	1
0	22	57062	249	40.71870987	-74.0090009	296	40.71413089	-73.9970468	1
0	22	2115	358	40.73291553	-74.00711384	504	40.73221853	-73.98165557	1
0	22	2064	168	40.73971301	-73.99456405	515	40.76009437	-73.99461843	1
0	22	3532	423	40.76584941	-73.98690506	488	40.75645824	-73.99372222	1
0	22	40328	247	40.73535398	-74.00483091	312	40.722055	-73.989111	2
0	22	1972	362	40.75172632	-73.98753523	359	40.75510267	-73.97498696	1
0	22	16577	521	40.75044999	-73.99481051	383	40.735238	-74.000271	1
0	22	28998	416	40.68753406	-73.97265183	262	40.69178232	-73.97372989	1
0	22	9031	404	40.7405826	-74.00550867	450	40.76227205	-73.98788205	1
0	22	16209	161	40.72917025	-73.99810231	325	40.73624527	-73.98473765	1
0	22	31317	325	40.73624527	-73.98473765	368	40.73038599	-74.00214988	1
0	22	43337	417	40.71291224	-74.01020234	251	40.72317958	-73.99480012	1
0	22	36397	401	40.72019576	-73.98997825	195	40.70905623	-74.01043382	1
0	22	10753	405	40.739323	-74.008119	3002	40.711512	-74.015756	1
0	22	38979	237	40.73047309	-73.98672378	368	40.73038599	-74.00214988	1
0	22	14892	174	40.7381765	-73.97738662	528	40.74290902	-73.97706058	1
0	22	29684	116	40.74177603	-74.00149746	487	40.73314259	-73.97573881	1
0	22	10043	2010	40.72165481	-74.00234737	417	40.71291224	-74.01020234	1
0	22	46721	345	40.73649403	-73.99704374	326	40.72953837	-73.98426726	1
0	22	29868	346	40.73652889	-74.00618026	306	40.70823502	-74.00530063	1
0	22	18598	326	40.72953837	-73.98426726	511	40.72938685	-73.97772429	1
0	22	36274	237	40.73047309	-73.98672378	339	40.72580614	-73.97422494	1
0	22	12443	490	40.751551	-73.993934	505	40.74901271	-73.98848395	1
0	22	8048	457	40.76695317	-73.98169333	290	40.76020258	-73.96478473	1
0	22	19883	146	40.71625008	-74.0091059	3002	40.711512	-74.015756	1
0	22	9317	127	40.73172428	-74.00674436	293	40.73028666	-73.9907647	1
0	22	4062	2021	40.75929124	-73.98859651	318	40.75320159	-73.9779874	1
0	22	26285	293	40.73028666	-73.9907647	394	40.72521311	-73.97768752	1
0	22	10557	168	40.73971301	-73.99456405	254	40.73532427	-73.99800419	1
0	22	34043	399	40.68851534	-73.9647628	275	40.68650065	-73.96563307	1
0	22	63793	471	40.71286844	-73.95698119	349	40.71850211	-73.98329859	1
0	22	7227	362	40.75172632	-73.98753523	472	40.7457121	-73.98194829	1
0	22	40899	433	40.72955361	-73.98057249	312	40.722055	-73.989111	1
0	22	15657	456	40.7597108	-73.97402311	465	40.75513557	-73.98658032	1
0	22	17200	446	40.74487634	-73.99529885	509	40.7454973	-74.00197139	1
0	22	23104	529	40.7575699	-73.99098507	494	40.74734825	-73.99723551	2
0	22	27844	456	40.7597108	-73.97402311	519	40.75188406	-73.97770164	1
0	22	28702	236	40.7284186	-73.98713956	492	40.75019995	-73.99093085	1
0	22	2070	293	40.73028666	-73.9907647	236	40.7284186	-73.98713956	1
0	22	164	223	40.73781509	-73.99994661	334	40.74238787	-73.99726235	1
0	22	33777	368	40.73038599	-74.00214988	432	40.72621788	-73.98379855	1
0	22	57956	362	40.75172632	-73.98753523	174	40.7381765	-73.97738662	1
0	22	22362	380	40.73401143	-74.00293877	405	40.739323	-74.008119	1
0	22	51622	475	40.73524276	-73.98758561	310	40.68926942	-73.98912867	1
0	22	10310	459	40.746745	-74.007756	127	40.73172428	-74.00674436	1
0	22	1040	285	40.73454567	-73.99074142	546	40.74444921	-73.98303529	2
0	22	23671	518	40.74780373	-73.9734419	401	40.72019576	-73.98997825	1
0	22	14684	410	40.72066442	-73.98517977	473	40.72110063	-73.9919254	1
0	22	74637	232	40.69597683	-73.99014892	437	40.6809833854	-73.9500479759	1
0	22	28238	504	40.73221853	-73.98165557	325	40.73624527	-73.98473765	1
0	22	13983	368	40.73038599	-74.00214988	328	40.72405549	-74.00965965	1
0	22	15302	529	40.7575699	-73.99098507	453	40.74475148	-73.99915362	1
0	22	42091	380	40.73401143	-74.00293877	411	40.72228087	-73.97668709	1
0	22	24408	450	40.76227205	-73.98788205	456	40.7597108	-73.97402311	1
0	22	22482	375	40.72679454	-73.99695094	311	40.7172274	-73.98802084	3
0	22	7810	355	40.71602118	-73.99974372	151	40.7218158	-73.99720307	2
0	22	33202	446	40.74487634	-73.99529885	473	40.72110063	-73.9919254	1
0	22	5294	412	40.7158155	-73.99422366	295	40.71406667	-73.99293911	1
0	22	31229	377	40.72243797	-74.00566443	529	40.7575699	-73.99098507	1
0	22	18664	335	40.72903917	-73.99404649	505	40.74901271	-73.98848395	1
0	22	46155	497	40.73704984	-73.99009296	515	40.76009437	-73.99461843	1
0	22	74638	225	40.74195138	-74.00803013	467	40.68312489	-73.97895137	1
0	22	48576	380	40.73401143	-74.00293877	492	40.75019995	-73.99093085	1
0	22	44085	380	40.73401143	-74.00293877	422	40.770513	-73.988038	1
0	22	63173	449	40.76461837	-73.98789473	300	40.728145	-73.990214	1
0	22	26673	497	40.73704984	-73.99009296	147	40.71542197	-74.01121978	1
0	22	52082	498	40.74854862	-73.98808416	508	40.76341379	-73.99667444	1
0	22	34311	432	40.72621788	-73.98379855	290	40.76020258	-73.96478473	1
0	22	29318	423	40.76584941	-73.98690506	528	40.74290902	-73.97706058	1
0	22	14897	301	40.72217444	-73.98368779	403	40.72502876	-73.99069656	1
0	22	30026	442	40.746647	-73.993915	284	40.7390169121	-74.0026376103	1
0	22	31798	284	40.7390169121	-74.0026376103	450	40.76227205	-73.98788205	1
0	22	3664	167	40.7489006	-73.97604882	514	40.76087502	-74.00277668	1
0	22	9588	293	40.73028666	-73.9907647	128	40.72710258	-74.00297088	1
0	22	7161	528	40.74290902	-73.97706058	472	40.7457121	-73.98194829	1
0	22	39518	248	40.72185379	-74.00771779	380	40.73401143	-74.00293877	1
0	22	11176	357	40.73261787	-73.99158043	438	40.72779126	-73.98564945	1
0	22	64794	248	40.72185379	-74.00771779	405	40.739323	-74.008119	1
0	22	4590	519	40.75188406	-73.97770164	540	40.74147286	-73.98320928	1
0	22	55671	167	40.7489006	-73.97604882	438	40.72779126	-73.98564945	1
0	22	2804	368	40.73038599	-74.00214988	375	40.72679454	-73.99695094	1
0	22	20441	380	40.73401143	-74.00293877	251	40.72317958	-73.99480012	1
0	22	21288	403	40.72502876	-73.99069656	483	40.73223272	-73.98889957	1
0	22	18260	224	40.71146364	-74.00552427	340	40.71269042	-73.98776323	1
0	22	39798	311	40.7172274	-73.98802084	471	40.71286844	-73.95698119	1
0	22	11208	300	40.728145	-73.990214	537	40.74025878	-73.98409214	1
0	22	53223	2022	40.75849116	-73.95920622	160	40.748238	-73.978311	1
0	22	1514	406	40.69512845	-73.99595065	391	40.69760127	-73.99344559	1
0	22	19354	373	40.69331716	-73.95381995	373	40.69331716	-73.95381995	1
0	22	39525	457	40.76695317	-73.98169333	515	40.76009437	-73.99461843	1
0	22	31748	325	40.73624527	-73.98473765	490	40.751551	-73.993934	2
0	22	38930	151	40.7218158	-73.99720307	2009	40.71117444	-73.99682619	1
0	22	9408	347	40.72873888	-74.00748842	347	40.72873888	-74.00748842	1
0	22	47546	393	40.72299208	-73.97995466	356	40.71622644	-73.98261206	1
0	22	26042	347	40.72873888	-74.00748842	329	40.72043411	-74.01020609	1
0	22	27076	127	40.73172428	-74.00674436	497	40.73704984	-73.99009296	1
0	22	11169	483	40.73223272	-73.98889957	433	40.72955361	-73.98057249	1
0	22	10002	448	40.75660359	-73.9979009	459	40.746745	-74.007756	1
0	22	22815	457	40.76695317	-73.98169333	422	40.770513	-73.988038	1
0	22	570	2017	40.75022392	-73.97121414	459	40.746745	-74.007756	1
0	22	14324	312	40.722055	-73.989111	528	40.74290902	-73.97706058	1
0	22	23570	323	40.69236178	-73.98631746	366	40.693261	-73.968896	1
0	22	69	529	40.7575699	-73.99098507	478	40.76030096	-73.99884222	1
0	22	28936	2005	40.70531194	-73.97100056	2001	40.69892054	-73.97332996	1
0	22	53920	164	40.75323098	-73.97032517	342	40.71739973	-73.98016555	1
0	22	10745	2005	40.70531194	-73.97100056	2005	40.70531194	-73.97100056	1
0	22	16225	238	40.7361967	-74.00859207	347	40.72873888	-74.00748842	1
0	22	31553	528	40.74290902	-73.97706058	501	40.744219	-73.97121214	1
0	22	23041	487	40.73314259	-73.97573881	376	40.70862144	-74.00722156	1
0	22	1411	127	40.73172428	-74.00674436	521	40.75044999	-73.99481051	1
0	22	74639	241	40.68981035	-73.97493121	312	40.722055	-73.989111	1
0	22	15762	362	40.75172632	-73.98753523	492	40.75019995	-73.99093085	1
0	22	29928	152	40.71473993	-74.00910627	360	40.70717936	-74.00887308	1
0	22	11119	2021	40.75929124	-73.98859651	490	40.751551	-73.993934	1
0	22	3655	2003	40.73416059	-73.98024289	167	40.7489006	-73.97604882	2
0	22	14698	161	40.72917025	-73.99810231	345	40.73649403	-73.99704374	1
0	22	322	475	40.73524276	-73.98758561	2003	40.73416059	-73.98024289	1
0	22	21310	2003	40.73416059	-73.98024289	401	40.72019576	-73.98997825	1
0	22	11716	348	40.72490985	-74.00154702	151	40.7218158	-73.99720307	1
0	22	32641	324	40.689888	-73.981013	421	40.69573398	-73.97129668	1
0	22	34063	297	40.734232	-73.986923	2009	40.71117444	-73.99682619	1
0	22	42189	467	40.68312489	-73.97895137	297	40.734232	-73.986923	1
0	22	41233	236	40.7284186	-73.98713956	349	40.71850211	-73.98329859	2
0	22	17747	151	40.7218158	-73.99720307	312	40.722055	-73.989111	1
0	22	4119	336	40.73047747	-73.99906065	428	40.72467721	-73.98783413	1
0	22	29485	394	40.72521311	-73.97768752	380	40.73401143	-74.00293877	1
0	22	32281	369	40.73224119	-74.00026394	482	40.73935542	-73.99931783	1
0	22	2919	488	40.75645824	-73.99372222	334	40.74238787	-73.99726235	1
0	22	59574	313	40.69610226	-73.96751037	364	40.68900443	-73.96023854	1
0	22	17649	477	40.75640548	-73.9900262	521	40.75044999	-73.99481051	1
0	22	10245	494	40.74734825	-73.99723551	515	40.76009437	-73.99461843	1
0	22	35746	508	40.76341379	-73.99667444	249	40.71870987	-74.0090009	1
0	22	32117	248	40.72185379	-74.00771779	293	40.73028666	-73.9907647	1
0	22	53053	257	40.71939226	-74.00247214	494	40.74734825	-73.99723551	1
0	22	24190	355	40.71602118	-73.99974372	340	40.71269042	-73.98776323	1
0	22	6831	313	40.69610226	-73.96751037	261	40.69474881	-73.98362464	1
0	22	1921	504	40.73221853	-73.98165557	459	40.746745	-74.007756	1
0	22	13084	423	40.76584941	-73.98690506	448	40.75660359	-73.9979009	1
0	22	33225	144	40.69839895	-73.98068914	343	40.69794	-73.96986848	2
0	22	10610	261	40.69474881	-73.98362464	323	40.69236178	-73.98631746	1
0	22	41861	401	40.72019576	-73.98997825	316	40.70955958	-74.00653609	2
0	22	4261	327	40.7153379	-74.01658354	152	40.71473993	-74.00910627	1
0	22	11051	488	40.75645824	-73.99372222	488	40.75645824	-73.99372222	1
0	22	41169	531	40.71893904	-73.99266288	411	40.72228087	-73.97668709	1
0	22	10110	430	40.7014851	-73.98656928	430	40.7014851	-73.98656928	1
0	22	20882	362	40.75172632	-73.98753523	116	40.74177603	-74.00149746	1
0	22	7733	435	40.74173969	-73.99415556	489	40.75066386	-74.00176802	1
0	22	30460	497	40.73704984	-73.99009296	268	40.71910537	-73.99973337	1
0	22	487	482	40.73935542	-73.99931783	380	40.73401143	-74.00293877	1
0	22	33347	296	40.71413089	-73.9970468	401	40.72019576	-73.98997825	1
0	22	57022	488	40.75645824	-73.99372222	295	40.71406667	-73.99293911	1
0	22	43049	487	40.73314259	-73.97573881	501	40.744219	-73.97121214	2
0	22	381	128	40.72710258	-74.00297088	151	40.7218158	-73.99720307	1
0	22	13680	168	40.73971301	-73.99456405	447	40.76370739	-73.9851615	1
0	22	40211	79	40.71911552	-74.00666661	435	40.74173969	-73.99415556	1
0	22	17036	432	40.72621788	-73.98379855	311	40.7172274	-73.98802084	1
0	22	14727	468	40.7652654	-73.98192338	507	40.73912601	-73.97973776	1
0	22	37344	449	40.76461837	-73.98789473	380	40.73401143	-74.00293877	1
0	22	2588	382	40.73492695	-73.99200509	336	40.73047747	-73.99906065	1
0	22	34496	460	40.71285887	-73.96590294	460	40.71285887	-73.96590294	3
0	22	8341	340	40.71269042	-73.98776323	403	40.72502876	-73.99069656	1
0	22	39214	295	40.71406667	-73.99293911	150	40.7208736	-73.98085795	1
0	22	3212	531	40.71893904	-73.99266288	400	40.71926081	-73.98178024	1
0	22	24166	296	40.71413089	-73.9970468	412	40.7158155	-73.99422366	1
0	22	33776	411	40.72228087	-73.97668709	482	40.73935542	-73.99931783	1
0	22	47297	2021	40.75929124	-73.98859651	161	40.72917025	-73.99810231	1
0	22	48672	446	40.74487634	-73.99529885	528	40.74290902	-73.97706058	1
0	22	22939	546	40.74444921	-73.98303529	546	40.74444921	-73.98303529	1
0	22	2875	422	40.770513	-73.988038	515	40.76009437	-73.99461843	1
0	22	34897	468	40.7652654	-73.98192338	160	40.748238	-73.978311	1
0	22	39823	362	40.75172632	-73.98753523	285	40.73454567	-73.99074142	1
0	22	13498	471	40.71286844	-73.95698119	539	40.71534825	-73.96024116	1
0	22	24809	519	40.75188406	-73.97770164	519	40.75188406	-73.97770164	1
0	22	23356	392	40.695065	-73.987167	391	40.69760127	-73.99344559	1
0	22	25455	267	40.75097711	-73.98765428	518	40.74780373	-73.9734419	1
0	22	3303	375	40.72679454	-73.99695094	174	40.7381765	-73.97738662	1
0	22	1722	457	40.76695317	-73.98169333	281	40.7643971	-73.97371465	2
0	22	8283	2012	40.739445	-73.976806	441	40.756014	-73.967416	1
0	22	36013	475	40.73524276	-73.98758561	268	40.71910537	-73.99973337	1
0	22	25084	312	40.722055	-73.989111	296	40.71413089	-73.9970468	1
0	22	57052	481	40.71260486	-73.96264403	416	40.68753406	-73.97265183	1
0	22	4293	438	40.72779126	-73.98564945	462	40.74691959	-74.00451887	1
0	22	48279	293	40.73028666	-73.9907647	361	40.71605866	-73.99190759	1
0	22	62301	411	40.72228087	-73.97668709	415	40.7047177	-74.00926027	1
0	22	1968	411	40.72228087	-73.97668709	433	40.72955361	-73.98057249	1
0	22	46418	257	40.71939226	-74.00247214	540	40.74147286	-73.98320928	1
0	22	19140	475	40.73524276	-73.98758561	334	40.74238787	-73.99726235	1
0	22	12227	383	40.735238	-74.000271	347	40.72873888	-74.00748842	1
0	22	34767	416	40.68753406	-73.97265183	218	40.69028437	-73.98707105	1
0	22	27426	325	40.73624527	-73.98473765	439	40.7262807	-73.98978041	1
0	22	23607	368	40.73038599	-74.00214988	146	40.71625008	-74.0091059	1
0	22	1864	433	40.72955361	-73.98057249	285	40.73454567	-73.99074142	1
0	22	19229	252	40.73226398	-73.99852205	345	40.73649403	-73.99704374	1
0	22	41849	284	40.7390169121	-74.0026376103	439	40.7262807	-73.98978041	1
0	22	24018	473	40.72110063	-73.9919254	348	40.72490985	-74.00154702	1
0	22	23670	311	40.7172274	-73.98802084	282	40.70827295	-73.96834101	1
0	22	15945	368	40.73038599	-74.00214988	116	40.74177603	-74.00149746	1
0	22	19251	450	40.76227205	-73.98788205	453	40.74475148	-73.99915362	1
0	22	46507	434	40.74317449	-74.00366443	300	40.728145	-73.990214	1
0	22	38602	377	40.72243797	-74.00566443	505	40.74901271	-73.98848395	1
0	22	36824	369	40.73224119	-74.00026394	297	40.734232	-73.986923	1
0	22	2294	173	40.76064679	-73.98442659	359	40.75510267	-73.97498696	1
0	22	4767	504	40.73221853	-73.98165557	167	40.7489006	-73.97604882	1
0	22	29517	484	40.75500254	-73.98014437	72	40.76727216	-73.99392888	1
0	22	30939	281	40.7643971	-73.97371465	515	40.76009437	-73.99461843	1
0	22	47728	471	40.71286844	-73.95698119	251	40.72317958	-73.99480012	1
0	22	48587	403	40.72502876	-73.99069656	304	40.70463334	-74.01361706	1
0	22	2455	368	40.73038599	-74.00214988	363	40.70834698	-74.01713445	1
0	22	23984	456	40.7597108	-73.97402311	448	40.75660359	-73.9979009	1
0	22	20977	312	40.722055	-73.989111	537	40.74025878	-73.98409214	1
0	22	24915	403	40.72502876	-73.99069656	348	40.72490985	-74.00154702	1
0	22	12040	116	40.74177603	-74.00149746	446	40.74487634	-73.99529885	1
0	22	8919	317	40.72453734	-73.98185424	151	40.7218158	-73.99720307	1
0	22	8327	284	40.7390169121	-74.0026376103	477	40.75640548	-73.9900262	1
0	22	18245	487	40.73314259	-73.97573881	504	40.73221853	-73.98165557	1
0	22	29073	428	40.72467721	-73.98783413	295	40.71406667	-73.99293911	2
0	22	52064	297	40.734232	-73.986923	404	40.7405826	-74.00550867	1
0	22	23656	499	40.76915505	-73.98191841	505	40.74901271	-73.98848395	1
0	22	30687	301	40.72217444	-73.98368779	537	40.74025878	-73.98409214	1
0	22	7797	489	40.75066386	-74.00176802	494	40.74734825	-73.99723551	1
0	22	38311	83	40.68382604	-73.97632328	275	40.68650065	-73.96563307	1
0	22	74640	242	40.69788349	-73.97350332	526	40.74765947	-73.98490707	1
0	22	17009	285	40.73454567	-73.99074142	152	40.71473993	-74.00910627	1
0	22	1119	521	40.75044999	-73.99481051	463	40.74206539	-74.00443172	1
0	22	11960	290	40.76020258	-73.96478473	528	40.74290902	-73.97706058	1
0	22	29251	434	40.74317449	-74.00366443	224	40.71146364	-74.00552427	1
0	22	19198	494	40.74734825	-73.99723551	2003	40.73416059	-73.98024289	1
0	22	23912	236	40.7284186	-73.98713956	474	40.7451677	-73.98683077	1
0	22	2342	477	40.75640548	-73.9900262	447	40.76370739	-73.9851615	1
0	22	46186	265	40.72229346	-73.99147535	481	40.71260486	-73.96264403	1
0	22	13901	280	40.73331967	-73.99510132	426	40.71754834	-74.01322069	1
0	22	69824	436	40.68216564	-73.95399026	275	40.68650065	-73.96563307	1
0	22	3535	426	40.71754834	-74.01322069	434	40.74317449	-74.00366443	1
0	22	8195	229	40.72743423	-73.99379025	301	40.72217444	-73.98368779	1
0	22	12428	265	40.72229346	-73.99147535	361	40.71605866	-73.99190759	1
0	22	7442	404	40.7405826	-74.00550867	459	40.746745	-74.007756	1
0	22	3376	472	40.7457121	-73.98194829	360	40.70717936	-74.00887308	1
0	22	12320	436	40.68216564	-73.95399026	2002	40.716887	-73.963198	1
0	22	33141	467	40.68312489	-73.97895137	278	40.69766564	-73.98476437	1
0	22	17379	2021	40.75929124	-73.98859651	514	40.76087502	-74.00277668	1
0	22	34354	467	40.68312489	-73.97895137	436	40.68216564	-73.95399026	1
0	22	2	322	40.696192	-73.991218	398	40.69165183	-73.9999786	1
0	22	20859	368	40.73038599	-74.00214988	505	40.74901271	-73.98848395	1
0	22	38439	375	40.72679454	-73.99695094	308	40.71307916	-73.99851193	1
0	22	21719	475	40.73524276	-73.98758561	160	40.748238	-73.978311	1
0	22	33934	300	40.728145	-73.990214	251	40.72317958	-73.99480012	1
0	22	38158	293	40.73028666	-73.9907647	167	40.7489006	-73.97604882	1
0	22	12002	151	40.7218158	-73.99720307	349	40.71850211	-73.98329859	1
0	22	24090	254	40.73532427	-73.99800419	515	40.76009437	-73.99461843	1
0	22	27860	539	40.71534825	-73.96024116	2002	40.716887	-73.963198	1
0	22	7872	294	40.73049393	-73.9957214	486	40.7462009	-73.98855723	1
0	22	11784	529	40.7575699	-73.99098507	515	40.76009437	-73.99461843	1
0	22	8595	151	40.7218158	-73.99720307	401	40.72019576	-73.98997825	1
0	22	25738	422	40.770513	-73.988038	507	40.73912601	-73.97973776	1
0	22	10289	540	40.74147286	-73.98320928	285	40.73454567	-73.99074142	1
0	22	30689	511	40.72938685	-73.97772429	382	40.73492695	-73.99200509	1
0	22	27089	336	40.73047747	-73.99906065	380	40.73401143	-74.00293877	1
0	22	11422	335	40.72903917	-73.99404649	369	40.73224119	-74.00026394	1
0	22	9707	459	40.746745	-74.007756	536	40.74144387	-73.97536082	1
0	22	44241	296	40.71413089	-73.9970468	434	40.74317449	-74.00366443	1
0	22	30311	539	40.71534825	-73.96024116	311	40.7172274	-73.98802084	1
0	22	73720	310	40.68926942	-73.98912867	295	40.71406667	-73.99293911	1
0	22	12121	505	40.74901271	-73.98848395	477	40.75640548	-73.9900262	1
0	22	21783	2002	40.716887	-73.963198	354	40.69363137	-73.96223558	1
0	22	21640	308	40.71307916	-73.99851193	291	40.713126	-73.984844	1
0	22	1186	507	40.73912601	-73.97973776	236	40.7284186	-73.98713956	1
0	22	27258	334	40.74238787	-73.99726235	325	40.73624527	-73.98473765	1
0	22	4443	472	40.7457121	-73.98194829	490	40.751551	-73.993934	1
0	22	41820	494	40.74734825	-73.99723551	449	40.76461837	-73.98789473	1
0	22	95	2021	40.75929124	-73.98859651	515	40.76009437	-73.99461843	1
0	22	4075	362	40.75172632	-73.98753523	499	40.76915505	-73.98191841	1
0	22	69433	2002	40.716887	-73.963198	426	40.71754834	-74.01322069	1
0	22	46440	275	40.68650065	-73.96563307	539	40.71534825	-73.96024116	1
0	22	4116	438	40.72779126	-73.98564945	385	40.75797322	-73.96603308	1
0	22	24197	312	40.722055	-73.989111	295	40.71406667	-73.99293911	1
0	22	16262	361	40.71605866	-73.99190759	342	40.71739973	-73.98016555	2
0	22	12498	482	40.73935542	-73.99931783	127	40.73172428	-74.00674436	1
0	22	36682	345	40.73649403	-73.99704374	251	40.72317958	-73.99480012	1
0	22	14956	441	40.756014	-73.967416	518	40.74780373	-73.9734419	1
0	22	1008	521	40.75044999	-73.99481051	458	40.751396	-74.005226	1
0	22	22193	492	40.75019995	-73.99093085	368	40.73038599	-74.00214988	1
0	22	7465	537	40.74025878	-73.98409214	334	40.74238787	-73.99726235	1
0	22	19626	382	40.73492695	-73.99200509	450	40.76227205	-73.98788205	1
0	22	14716	485	40.75038009	-73.98338988	469	40.76344058	-73.98268129	1
0	22	23513	252	40.73226398	-73.99852205	335	40.72903917	-73.99404649	1
0	22	41446	382	40.73492695	-73.99200509	2021	40.75929124	-73.98859651	1
0	22	46367	475	40.73524276	-73.98758561	150	40.7208736	-73.98085795	1
0	22	1376	229	40.72743423	-73.99379025	410	40.72066442	-73.98517977	1
0	22	20232	414	40.70281858	-73.98765762	460	40.71285887	-73.96590294	1
0	22	23176	345	40.73649403	-73.99704374	236	40.7284186	-73.98713956	1
0	22	8457	285	40.73454567	-73.99074142	347	40.72873888	-74.00748842	1
0	22	10943	410	40.72066442	-73.98517977	151	40.7218158	-73.99720307	1
0	22	43440	362	40.75172632	-73.98753523	268	40.71910537	-73.99973337	1
0	22	12153	435	40.74173969	-73.99415556	494	40.74734825	-73.99723551	1
0	22	8378	168	40.73971301	-73.99456405	459	40.746745	-74.007756	1
0	22	2146	327	40.7153379	-74.01658354	363	40.70834698	-74.01713445	1
0	22	10427	529	40.7575699	-73.99098507	521	40.75044999	-73.99481051	1
0	22	34259	300	40.728145	-73.990214	2022	40.75849116	-73.95920622	1
0	22	50759	223	40.73781509	-73.99994661	453	40.74475148	-73.99915362	1
0	22	12015	293	40.73028666	-73.9907647	336	40.73047747	-73.99906065	1
0	22	3491	223	40.73781509	-73.99994661	284	40.7390169121	-74.0026376103	1
0	22	12525	293	40.73028666	-73.9907647	432	40.72621788	-73.98379855	1
0	22	411	293	40.73028666	-73.9907647	537	40.74025878	-73.98409214	1
0	22	46625	528	40.74290902	-73.97706058	516	40.75206862	-73.96784384	1
0	22	23130	252	40.73226398	-73.99852205	507	40.73912601	-73.97973776	1
0	22	9005	457	40.76695317	-73.98169333	509	40.7454973	-74.00197139	1
0	22	5241	380	40.73401143	-74.00293877	402	40.7403432	-73.98955109	1
0	22	1379	515	40.76009437	-73.99461843	490	40.751551	-73.993934	1
0	22	8102	404	40.7405826	-74.00550867	285	40.73454567	-73.99074142	1
0	22	9074	428	40.72467721	-73.98783413	161	40.72917025	-73.99810231	1
0	22	48560	457	40.76695317	-73.98169333	423	40.76584941	-73.98690506	1
0	22	9699	167	40.7489006	-73.97604882	312	40.722055	-73.989111	1
0	22	11073	490	40.751551	-73.993934	479	40.76019252	-73.9912551	2
0	22	13110	391	40.69760127	-73.99344559	395	40.68807003	-73.98410637	1
0	22	48581	161	40.72917025	-73.99810231	525	40.75594159	-74.0021163	1
0	22	8900	151	40.7218158	-73.99720307	268	40.71910537	-73.99973337	1
0	22	35713	438	40.72779126	-73.98564945	2022	40.75849116	-73.95920622	1
0	22	55909	432	40.72621788	-73.98379855	2022	40.75849116	-73.95920622	1
0	22	6586	435	40.74173969	-73.99415556	537	40.74025878	-73.98409214	1
0	22	41808	324	40.689888	-73.981013	372	40.694528	-73.958089	1
0	22	54614	297	40.734232	-73.986923	472	40.7457121	-73.98194829	1
0	22	7768	463	40.74206539	-74.00443172	247	40.73535398	-74.00483091	1
0	22	1269	365	40.68223166	-73.9614583	437	40.6809833854	-73.9500479759	1
0	22	23236	432	40.72621788	-73.98379855	532	40.710451	-73.960876	1
0	22	23029	459	40.746745	-74.007756	403	40.72502876	-73.99069656	1
0	22	33987	348	40.72490985	-74.00154702	284	40.7390169121	-74.0026376103	1
0	22	13839	363	40.70834698	-74.01713445	363	40.70834698	-74.01713445	1
0	22	35043	383	40.735238	-74.000271	295	40.71406667	-73.99293911	1
0	22	25710	419	40.69580705	-73.97355569	526	40.74765947	-73.98490707	1
0	22	35106	531	40.71893904	-73.99266288	522	40.75714758	-73.97207836	1
0	22	31070	497	40.73704984	-73.99009296	403	40.72502876	-73.99069656	2
0	22	21514	531	40.71893904	-73.99266288	531	40.71893904	-73.99266288	1
0	22	4230	167	40.7489006	-73.97604882	540	40.74147286	-73.98320928	1
0	22	27406	265	40.72229346	-73.99147535	2009	40.71117444	-73.99682619	1
0	22	46108	420	40.68764484	-73.96968902	395	40.68807003	-73.98410637	1
0	22	8663	2022	40.75849116	-73.95920622	536	40.74144387	-73.97536082	1
0	22	36997	167	40.7489006	-73.97604882	487	40.73314259	-73.97573881	1
0	22	14696	326	40.72953837	-73.98426726	2003	40.73416059	-73.98024289	1
0	22	18925	415	40.7047177	-74.00926027	394	40.72521311	-73.97768752	1
0	22	4790	472	40.7457121	-73.98194829	305	40.76095756	-73.96724467	1
0	22	50387	423	40.76584941	-73.98690506	459	40.746745	-74.007756	1
0	22	56538	518	40.74780373	-73.9734419	72	40.76727216	-73.99392888	1
0	22	13211	2003	40.73416059	-73.98024289	380	40.73401143	-74.00293877	1
0	22	4905	419	40.69580705	-73.97355569	419	40.69580705	-73.97355569	2
0	22	41288	383	40.735238	-74.000271	236	40.7284186	-73.98713956	1
0	22	470	284	40.7390169121	-74.0026376103	470	40.74345335	-74.00004031	1
0	22	5802	466	40.74395411	-73.99144871	472	40.7457121	-73.98194829	1
0	22	14039	343	40.69794	-73.96986848	144	40.69839895	-73.98068914	2
0	22	5219	521	40.75044999	-73.99481051	540	40.74147286	-73.98320928	1
0	22	7579	494	40.74734825	-73.99723551	489	40.75066386	-74.00176802	1
0	22	7522	462	40.74691959	-74.00451887	369	40.73224119	-74.00026394	1
0	22	30845	453	40.74475148	-73.99915362	519	40.75188406	-73.97770164	1
0	22	24127	325	40.73624527	-73.98473765	507	40.73912601	-73.97973776	1
0	22	33975	515	40.76009437	-73.99461843	433	40.72955361	-73.98057249	1
0	22	5236	301	40.72217444	-73.98368779	161	40.72917025	-73.99810231	1
0	22	23525	310	40.68926942	-73.98912867	274	40.68691865	-73.976682	1
0	22	41917	401	40.72019576	-73.98997825	412	40.7158155	-73.99422366	1
0	22	14130	477	40.75640548	-73.9900262	493	40.7568001	-73.98291153	1
0	22	53074	326	40.72953837	-73.98426726	250	40.72456089	-73.99565293	1
0	22	34192	2021	40.75929124	-73.98859651	466	40.74395411	-73.99144871	1
0	22	5502	465	40.75513557	-73.98658032	521	40.75044999	-73.99481051	1
0	22	20914	293	40.73028666	-73.9907647	334	40.74238787	-73.99726235	1
0	22	40991	380	40.73401143	-74.00293877	223	40.73781509	-73.99994661	1
0	22	13134	293	40.73028666	-73.9907647	401	40.72019576	-73.98997825	1
0	22	28028	469	40.76344058	-73.98268129	280	40.73331967	-73.99510132	1
0	22	8324	116	40.74177603	-74.00149746	225	40.74195138	-74.00803013	1
0	22	4510	450	40.76227205	-73.98788205	508	40.76341379	-73.99667444	1
0	22	3827	490	40.751551	-73.993934	281	40.7643971	-73.97371465	1
0	22	12812	312	40.722055	-73.989111	297	40.734232	-73.986923	1
0	22	6577	328	40.72405549	-74.00965965	405	40.739323	-74.008119	1
0	22	41042	518	40.74780373	-73.9734419	445	40.72740794	-73.98142006	1
0	22	23569	247	40.73535398	-74.00483091	229	40.72743423	-73.99379025	1
0	22	7840	475	40.73524276	-73.98758561	518	40.74780373	-73.9734419	1
