0	3	6780	505	40.74901271	-73.98848395	448	40.75660359	-73.9979009	1
0	3	69138	249	40.71870987	-74.0090009	479	40.76019252	-73.9912551	1
0	3	22180	297	40.734232	-73.986923	459	40.746745	-74.007756	1
0	3	66432	481	40.71260486	-73.96264403	72	40.76727216	-73.99392888	1
0	3	17394	477	40.75640548	-73.9900262	285	40.73454567	-73.99074142	1
0	3	61850	460	40.71285887	-73.96590294	432	40.72621788	-73.98379855	1
0	3	9620	361	40.71605866	-73.99190759	361	40.71605866	-73.99190759	1
0	3	33615	345	40.73649403	-73.99704374	514	40.76087502	-74.00277668	1
0	3	36356	459	40.746745	-74.007756	306	40.70823502	-74.00530063	1
0	3	10127	2002	40.716887	-73.963198	282	40.70827295	-73.96834101	1
0	3	68990	490	40.751551	-73.993934	82	40.71117416	-74.00016545	1
0	3	64570	489	40.75066386	-74.00176802	500	40.76228826	-73.98336183	1
0	3	69154	448	40.75660359	-73.9979009	295	40.71406667	-73.99293911	1
0	3	10786	528	40.74290902	-73.97706058	161	40.72917025	-73.99810231	1
0	3	37740	2002	40.716887	-73.963198	150	40.7208736	-73.98085795	1
0	3	28623	410	40.72066442	-73.98517977	368	40.73038599	-74.00214988	2
0	3	23624	462	40.74691959	-74.00451887	433	40.72955361	-73.98057249	2
0	3	34303	403	40.72502876	-73.99069656	502	40.714215	-73.981346	1
0	3	40059	462	40.74691959	-74.00451887	445	40.72740794	-73.98142006	1
0	3	47432	361	40.71605866	-73.99190759	539	40.71534825	-73.96024116	2
0	3	25368	505	40.74901271	-73.98848395	489	40.75066386	-74.00176802	1
0	3	25466	254	40.73532427	-73.99800419	402	40.7403432	-73.98955109	1
0	3	24007	236	40.7284186	-73.98713956	301	40.72217444	-73.98368779	1
0	3	36397	401	40.72019576	-73.98997825	195	40.70905623	-74.01043382	1
0	3	16235	483	40.73223272	-73.98889957	531	40.71893904	-73.99266288	1
0	3	34837	383	40.735238	-74.000271	401	40.72019576	-73.98997825	2
0	3	53176	432	40.72621788	-73.98379855	174	40.7381765	-73.97738662	1
0	3	16093	161	40.72917025	-73.99810231	147	40.71542197	-74.01121978	1
0	3	43654	247	40.73535398	-74.00483091	294	40.73049393	-73.9957214	1
0	3	4030	504	40.73221853	-73.98165557	174	40.7381765	-73.97738662	1
0	3	23199	271	40.68528172	-73.97805813	420	40.68764484	-73.96968902	1
0	3	374	368	40.73038599	-74.00214988	301	40.72217444	-73.98368779	1
0	3	44128	369	40.73224119	-74.00026394	317	40.72453734	-73.98185424	1
0	3	26450	361	40.71605866	-73.99190759	481	40.71260486	-73.96264403	1
0	3	25915	347	40.72873888	-74.00748842	427	40.70251526	-74.01427023	1
0	3	27839	433	40.72955361	-73.98057249	253	40.73543934	-73.99453948	1
0	3	32799	285	40.73454567	-73.99074142	312	40.722055	-73.989111	1
0	3	22894	280	40.73331967	-73.99510132	403	40.72502876	-73.99069656	1
0	3	22425	285	40.73454567	-73.99074142	472	40.7457121	-73.98194829	1
0	3	35165	336	40.73047747	-73.99906065	336	40.73047747	-73.99906065	1
0	3	41920	453	40.74475148	-73.99915362	449	40.76461837	-73.98789473	1
0	3	22167	531	40.71893904	-73.99266288	438	40.72779126	-73.98564945	1
0	3	7933	404	40.7405826	-74.00550867	412	40.7158155	-73.99422366	1
0	3	5162	152	40.71473993	-74.00910627	458	40.751396	-74.005226	1
0	3	7830	316	40.70955958	-74.00653609	224	40.71146364	-74.00552427	1
0	3	35293	317	40.72453734	-73.98185424	254	40.73532427	-73.99800419	1
0	3	29812	153	40.752062307	-73.9816324043	153	40.752062307	-73.9816324043	1
0	3	41653	238	40.7361967	-74.00859207	249	40.71870987	-74.0090009	1
0	3	31771	480	40.76669671	-73.99061728	495	40.76269882	-73.99301222	1
0	3	3717	375	40.72679454	-73.99695094	251	40.72317958	-73.99480012	1
0	3	381	128	40.72710258	-74.00297088	151	40.7218158	-73.99720307	1
0	3	48698	233	40.69246277	-73.98963911	274	40.68691865	-73.976682	1
0	3	27435	2010	40.72165481	-74.00234737	152	40.71473993	-74.00910627	2
0	3	38040	463	40.74206539	-74.00443172	470	40.74345335	-74.00004031	1
0	3	8696	445	40.72740794	-73.98142006	236	40.7284186	-73.98713956	1
0	3	11755	380	40.73401143	-74.00293877	401	40.72019576	-73.98997825	1
0	3	28470	151	40.7218158	-73.99720307	435	40.74173969	-73.99415556	1
0	3	21065	349	40.71850211	-73.98329859	229	40.72743423	-73.99379025	1
0	3	8048	457	40.76695317	-73.98169333	290	40.76020258	-73.96478473	1
0	3	47749	150	40.7208736	-73.98085795	285	40.73454567	-73.99074142	1
0	3	3727	82	40.71117416	-74.00016545	82	40.71117416	-74.00016545	1
0	3	69155	247	40.73535398	-74.00483091	349	40.71850211	-73.98329859	1
0	3	39713	432	40.72621788	-73.98379855	236	40.7284186	-73.98713956	1
0	3	25449	505	40.74901271	-73.98848395	528	40.74290902	-73.97706058	1
0	3	24801	432	40.72621788	-73.98379855	459	40.746745	-74.007756	1
0	3	449	236	40.7284186	-73.98713956	284	40.7390169121	-74.0026376103	1
0	3	17468	447	40.76370739	-73.9851615	515	40.76009437	-73.99461843	1
0	3	1841	128	40.72710258	-74.00297088	323	40.69236178	-73.98631746	1
0	3	8615	380	40.73401143	-74.00293877	174	40.7381765	-73.97738662	2
0	3	69156	477	40.75640548	-73.9900262	473	40.72110063	-73.9919254	2
0	3	7488	475	40.73524276	-73.98758561	504	40.73221853	-73.98165557	1
0	3	47854	312	40.722055	-73.989111	250	40.72456089	-73.99565293	1
0	3	9980	405	40.739323	-74.008119	380	40.73401143	-74.00293877	1
0	3	28576	284	40.7390169121	-74.0026376103	445	40.72740794	-73.98142006	1
0	3	8834	439	40.7262807	-73.98978041	151	40.7218158	-73.99720307	1
0	3	14145	300	40.728145	-73.990214	375	40.72679454	-73.99695094	1
0	3	44124	473	40.72110063	-73.9919254	345	40.73649403	-73.99704374	1
0	3	63058	317	40.72453734	-73.98185424	453	40.74475148	-73.99915362	1
0	3	56770	336	40.73047747	-73.99906065	489	40.75066386	-74.00176802	1
0	3	30405	249	40.71870987	-74.0090009	361	40.71605866	-73.99190759	1
0	3	4770	128	40.72710258	-74.00297088	508	40.76341379	-73.99667444	1
0	3	7128	521	40.75044999	-73.99481051	404	40.7405826	-74.00550867	1
0	3	48958	326	40.72953837	-73.98426726	2002	40.716887	-73.963198	1
0	3	14989	401	40.72019576	-73.98997825	312	40.722055	-73.989111	1
0	3	31074	325	40.73624527	-73.98473765	433	40.72955361	-73.98057249	1
0	3	26586	289	40.6845683	-73.95881081	467	40.68312489	-73.97895137	1
0	3	22250	437	40.6809833854	-73.9500479759	437	40.6809833854	-73.9500479759	1
0	3	1356	326	40.72953837	-73.98426726	375	40.72679454	-73.99695094	1
0	3	27691	335	40.72903917	-73.99404649	347	40.72873888	-74.00748842	1
0	3	50756	289	40.6845683	-73.95881081	244	40.69196035	-73.96536851	1
0	3	42581	236	40.7284186	-73.98713956	438	40.72779126	-73.98564945	1
0	3	53544	459	40.746745	-74.007756	438	40.72779126	-73.98564945	1
0	3	15522	312	40.722055	-73.989111	394	40.72521311	-73.97768752	1
0	3	36392	437	40.6809833854	-73.9500479759	244	40.69196035	-73.96536851	1
0	3	64742	311	40.7172274	-73.98802084	482	40.73935542	-73.99931783	2
0	3	5526	500	40.76228826	-73.98336183	477	40.75640548	-73.9900262	1
0	3	5981	285	40.73454567	-73.99074142	294	40.73049393	-73.9957214	1
0	3	1610	495	40.76269882	-73.99301222	426	40.71754834	-74.01322069	1
0	3	28865	247	40.73535398	-74.00483091	161	40.72917025	-73.99810231	1
0	3	24144	360	40.70717936	-74.00887308	355	40.71602118	-73.99974372	1
0	3	10442	440	40.75255434	-73.97282625	546	40.74444921	-73.98303529	1
0	3	28853	394	40.72521311	-73.97768752	394	40.72521311	-73.97768752	1
0	3	29594	238	40.7361967	-74.00859207	348	40.72490985	-74.00154702	2
0	3	17529	346	40.73652889	-74.00618026	284	40.7390169121	-74.0026376103	2
0	3	34611	303	40.72362738	-73.99949601	3002	40.711512	-74.015756	1
0	3	49480	361	40.71605866	-73.99190759	501	40.744219	-73.97121214	1
0	3	6092	305	40.76095756	-73.96724467	469	40.76344058	-73.98268129	1
0	3	29855	355	40.71602118	-73.99974372	2010	40.72165481	-74.00234737	1
0	3	5774	243	40.687979	-73.978474	485	40.75038009	-73.98338988	1
0	3	20188	489	40.75066386	-74.00176802	453	40.74475148	-73.99915362	1
0	3	1011	152	40.71473993	-74.00910627	499	40.76915505	-73.98191841	1
0	3	5580	375	40.72679454	-73.99695094	247	40.73535398	-74.00483091	1
0	3	12814	495	40.76269882	-73.99301222	499	40.76915505	-73.98191841	2
0	3	21702	403	40.72502876	-73.99069656	450	40.76227205	-73.98788205	1
0	3	41171	250	40.72456089	-73.99565293	465	40.75513557	-73.98658032	1
0	3	27699	268	40.71910537	-73.99973337	483	40.73223272	-73.98889957	1
0	3	7423	428	40.72467721	-73.98783413	2022	40.75849116	-73.95920622	1
0	3	22019	312	40.722055	-73.989111	330	40.71450451	-74.00562789	1
0	3	13653	434	40.74317449	-74.00366443	446	40.74487634	-73.99529885	1
0	3	21047	384	40.68317813	-73.9659641	244	40.69196035	-73.96536851	1
0	3	10219	229	40.72743423	-73.99379025	380	40.73401143	-74.00293877	1
0	3	15599	505	40.74901271	-73.98848395	488	40.75645824	-73.99372222	1
0	3	24068	478	40.76030096	-73.99884222	465	40.75513557	-73.98658032	1
0	3	26874	445	40.72740794	-73.98142006	284	40.7390169121	-74.0026376103	1
0	3	48890	391	40.69760127	-73.99344559	83	40.68382604	-73.97632328	1
0	3	4330	460	40.71285887	-73.96590294	2002	40.716887	-73.963198	1
0	3	11216	375	40.72679454	-73.99695094	401	40.72019576	-73.98997825	1
0	3	24837	477	40.75640548	-73.9900262	2021	40.75929124	-73.98859651	1
0	3	20146	434	40.74317449	-74.00366443	475	40.73524276	-73.98758561	1
0	3	16071	153	40.752062307	-73.9816324043	440	40.75255434	-73.97282625	1
0	3	41748	403	40.72502876	-73.99069656	307	40.71427487	-73.98990025	1
0	3	16679	479	40.76019252	-73.9912551	521	40.75044999	-73.99481051	1
0	3	8210	2021	40.75929124	-73.98859651	447	40.76370739	-73.9851615	1
0	3	24039	151	40.7218158	-73.99720307	439	40.7262807	-73.98978041	1
0	3	274	368	40.73038599	-74.00214988	254	40.73532427	-73.99800419	1
0	3	45160	265	40.72229346	-73.99147535	265	40.72229346	-73.99147535	1
0	3	15077	312	40.722055	-73.989111	382	40.73492695	-73.99200509	1
0	3	28149	355	40.71602118	-73.99974372	161	40.72917025	-73.99810231	1
0	3	33950	284	40.7390169121	-74.0026376103	300	40.728145	-73.990214	1
0	3	10805	449	40.76461837	-73.98789473	449	40.76461837	-73.98789473	1
0	3	54299	296	40.71413089	-73.9970468	82	40.71117416	-74.00016545	1
0	3	10505	433	40.72955361	-73.98057249	428	40.72467721	-73.98783413	1
0	3	11486	479	40.76019252	-73.9912551	479	40.76019252	-73.9912551	1
0	3	52783	223	40.73781509	-73.99994661	350	40.71559509	-73.9870295	1
0	3	24623	495	40.76269882	-73.99301222	480	40.76669671	-73.99061728	1
0	3	15053	294	40.73049393	-73.9957214	369	40.73224119	-74.00026394	1
0	3	23523	453	40.74475148	-73.99915362	453	40.74475148	-73.99915362	1
0	3	23199	271	40.68528172	-73.97805813	420	40.68764484	-73.96968902	1
0	3	374	368	40.73038599	-74.00214988	301	40.72217444	-73.98368779	1
0	3	44128	369	40.73224119	-74.00026394	317	40.72453734	-73.98185424	1
0	3	26450	361	40.71605866	-73.99190759	481	40.71260486	-73.96264403	1
0	3	25915	347	40.72873888	-74.00748842	427	40.70251526	-74.01427023	1
0	3	27839	433	40.72955361	-73.98057249	253	40.73543934	-73.99453948	1
0	3	32799	285	40.73454567	-73.99074142	312	40.722055	-73.989111	1
0	3	22894	280	40.73331967	-73.99510132	403	40.72502876	-73.99069656	1
0	3	22425	285	40.73454567	-73.99074142	472	40.7457121	-73.98194829	1
0	3	35165	336	40.73047747	-73.99906065	336	40.73047747	-73.99906065	1
0	3	41920	453	40.74475148	-73.99915362	449	40.76461837	-73.98789473	1
0	3	22167	531	40.71893904	-73.99266288	438	40.72779126	-73.98564945	1
0	3	7933	404	40.7405826	-74.00550867	412	40.7158155	-73.99422366	1
0	3	5162	152	40.71473993	-74.00910627	458	40.751396	-74.005226	1
0	3	7830	316	40.70955958	-74.00653609	224	40.71146364	-74.00552427	1
0	3	35293	317	40.72453734	-73.98185424	254	40.73532427	-73.99800419	1
0	3	29812	153	40.752062307	-73.9816324043	153	40.752062307	-73.9816324043	1
0	3	18744	334	40.74238787	-73.99726235	505	40.74901271	-73.98848395	1
0	3	41653	238	40.7361967	-74.00859207	249	40.71870987	-74.0090009	1
0	3	31771	480	40.76669671	-73.99061728	495	40.76269882	-73.99301222	1
0	3	3717	375	40.72679454	-73.99695094	251	40.72317958	-73.99480012	1
0	3	381	128	40.72710258	-74.00297088	151	40.7218158	-73.99720307	1
0	3	48698	233	40.69246277	-73.98963911	274	40.68691865	-73.976682	1
0	3	27435	2010	40.72165481	-74.00234737	152	40.71473993	-74.00910627	2
0	3	38040	463	40.74206539	-74.00443172	470	40.74345335	-74.00004031	1
0	3	8696	445	40.72740794	-73.98142006	236	40.7284186	-73.98713956	1
0	3	11755	380	40.73401143	-74.00293877	401	40.72019576	-73.98997825	1
0	3	28470	151	40.7218158	-73.99720307	435	40.74173969	-73.99415556	1
0	3	21065	349	40.71850211	-73.98329859	229	40.72743423	-73.99379025	1
0	3	8048	457	40.76695317	-73.98169333	290	40.76020258	-73.96478473	1
0	3	47749	150	40.7208736	-73.98085795	285	40.73454567	-73.99074142	1
0	3	26521	361	40.71605866	-73.99190759	460	40.71285887	-73.96590294	1
0	3	3727	82	40.71117416	-74.00016545	82	40.71117416	-74.00016545	1
0	3	69155	247	40.73535398	-74.00483091	349	40.71850211	-73.98329859	1
0	3	39713	432	40.72621788	-73.98379855	236	40.7284186	-73.98713956	1
0	3	25449	505	40.74901271	-73.98848395	528	40.74290902	-73.97706058	1
0	3	24801	432	40.72621788	-73.98379855	459	40.746745	-74.007756	1
0	3	449	236	40.7284186	-73.98713956	284	40.7390169121	-74.0026376103	1
0	3	17468	447	40.76370739	-73.9851615	515	40.76009437	-73.99461843	1
0	3	1841	128	40.72710258	-74.00297088	323	40.69236178	-73.98631746	1
0	3	8615	380	40.73401143	-74.00293877	174	40.7381765	-73.97738662	2
0	3	69156	477	40.75640548	-73.9900262	473	40.72110063	-73.9919254	2
0	3	7488	475	40.73524276	-73.98758561	504	40.73221853	-73.98165557	1
0	3	47854	312	40.722055	-73.989111	250	40.72456089	-73.99565293	1
0	3	9980	405	40.739323	-74.008119	380	40.73401143	-74.00293877	1
0	3	28576	284	40.7390169121	-74.0026376103	445	40.72740794	-73.98142006	1
0	3	8834	439	40.7262807	-73.98978041	151	40.7218158	-73.99720307	1
0	3	14145	300	40.728145	-73.990214	375	40.72679454	-73.99695094	1
0	3	44124	473	40.72110063	-73.9919254	345	40.73649403	-73.99704374	1
0	3	63058	317	40.72453734	-73.98185424	453	40.74475148	-73.99915362	1
0	3	56770	336	40.73047747	-73.99906065	489	40.75066386	-74.00176802	1
0	3	30405	249	40.71870987	-74.0090009	361	40.71605866	-73.99190759	1
0	3	4770	128	40.72710258	-74.00297088	508	40.76341379	-73.99667444	1
0	3	7128	521	40.75044999	-73.99481051	404	40.7405826	-74.00550867	1
0	3	48958	326	40.72953837	-73.98426726	2002	40.716887	-73.963198	1
0	3	14989	401	40.72019576	-73.98997825	312	40.722055	-73.989111	1
0	3	31074	325	40.73624527	-73.98473765	433	40.72955361	-73.98057249	1
0	3	26586	289	40.6845683	-73.95881081	467	40.68312489	-73.97895137	1
0	3	22250	437	40.6809833854	-73.9500479759	437	40.6809833854	-73.9500479759	1
0	3	1356	326	40.72953837	-73.98426726	375	40.72679454	-73.99695094	1
0	3	27691	335	40.72903917	-73.99404649	347	40.72873888	-74.00748842	1
0	3	50756	289	40.6845683	-73.95881081	244	40.69196035	-73.96536851	1
0	3	36027	285	40.73454567	-73.99074142	260	40.70365182	-74.01167797	1
0	3	42581	236	40.7284186	-73.98713956	438	40.72779126	-73.98564945	1
0	3	53544	459	40.746745	-74.007756	438	40.72779126	-73.98564945	1
0	3	15522	312	40.722055	-73.989111	394	40.72521311	-73.97768752	1
0	3	36392	437	40.6809833854	-73.9500479759	244	40.69196035	-73.96536851	1
0	3	64742	311	40.7172274	-73.98802084	482	40.73935542	-73.99931783	2
0	3	5526	500	40.76228826	-73.98336183	477	40.75640548	-73.9900262	1
0	3	5981	285	40.73454567	-73.99074142	294	40.73049393	-73.9957214	1
0	3	1610	495	40.76269882	-73.99301222	426	40.71754834	-74.01322069	1
0	3	28865	247	40.73535398	-74.00483091	161	40.72917025	-73.99810231	1
0	3	24144	360	40.70717936	-74.00887308	355	40.71602118	-73.99974372	1
0	3	10442	440	40.75255434	-73.97282625	546	40.74444921	-73.98303529	1
0	3	28853	394	40.72521311	-73.97768752	394	40.72521311	-73.97768752	1
0	3	29594	238	40.7361967	-74.00859207	348	40.72490985	-74.00154702	2
0	3	17529	346	40.73652889	-74.00618026	284	40.7390169121	-74.0026376103	2
0	3	34611	303	40.72362738	-73.99949601	3002	40.711512	-74.015756	1
0	3	49480	361	40.71605866	-73.99190759	501	40.744219	-73.97121214	1
0	3	6092	305	40.76095756	-73.96724467	469	40.76344058	-73.98268129	1
0	3	29855	355	40.71602118	-73.99974372	2010	40.72165481	-74.00234737	1
0	3	5774	243	40.687979	-73.978474	485	40.75038009	-73.98338988	1
0	3	20188	489	40.75066386	-74.00176802	453	40.74475148	-73.99915362	2
0	3	1011	152	40.71473993	-74.00910627	499	40.76915505	-73.98191841	1
0	3	5580	375	40.72679454	-73.99695094	247	40.73535398	-74.00483091	1
0	3	12814	495	40.76269882	-73.99301222	499	40.76915505	-73.98191841	2
0	3	21702	403	40.72502876	-73.99069656	450	40.76227205	-73.98788205	1
0	3	42832	449	40.76461837	-73.98789473	195	40.70905623	-74.01043382	1
0	3	41171	250	40.72456089	-73.99565293	465	40.75513557	-73.98658032	1
0	3	27699	268	40.71910537	-73.99973337	483	40.73223272	-73.98889957	1
0	3	7423	428	40.72467721	-73.98783413	2022	40.75849116	-73.95920622	1
0	3	22019	312	40.722055	-73.989111	330	40.71450451	-74.00562789	1
0	3	13653	434	40.74317449	-74.00366443	446	40.74487634	-73.99529885	1
0	3	21047	384	40.68317813	-73.9659641	244	40.69196035	-73.96536851	1
0	3	10219	229	40.72743423	-73.99379025	380	40.73401143	-74.00293877	1
0	3	15599	505	40.74901271	-73.98848395	488	40.75645824	-73.99372222	1
0	3	24068	478	40.76030096	-73.99884222	465	40.75513557	-73.98658032	1
0	3	26874	445	40.72740794	-73.98142006	284	40.7390169121	-74.0026376103	1
0	3	48890	391	40.69760127	-73.99344559	83	40.68382604	-73.97632328	1
0	3	4330	460	40.71285887	-73.96590294	2002	40.716887	-73.963198	1
0	3	11216	375	40.72679454	-73.99695094	401	40.72019576	-73.98997825	1
0	3	24837	477	40.75640548	-73.9900262	2021	40.75929124	-73.98859651	1
0	3	20146	434	40.74317449	-74.00366443	475	40.73524276	-73.98758561	1
0	3	16071	153	40.752062307	-73.9816324043	440	40.75255434	-73.97282625	1
0	3	41748	403	40.72502876	-73.99069656	307	40.71427487	-73.98990025	1
0	3	16679	479	40.76019252	-73.9912551	521	40.75044999	-73.99481051	1
0	3	63463	346	40.73652889	-74.00618026	363	40.70834698	-74.01713445	1
0	3	8210	2021	40.75929124	-73.98859651	447	40.76370739	-73.9851615	1
0	3	24039	151	40.7218158	-73.99720307	439	40.7262807	-73.98978041	1
0	3	2700	238	40.7361967	-74.00859207	173	40.76064679	-73.98442659	1
0	3	274	368	40.73038599	-74.00214988	254	40.73532427	-73.99800419	1
0	3	45160	265	40.72229346	-73.99147535	265	40.72229346	-73.99147535	1
0	3	15077	312	40.722055	-73.989111	382	40.73492695	-73.99200509	1
0	3	41552	295	40.71406667	-73.99293911	3002	40.711512	-74.015756	1
0	3	25455	267	40.75097711	-73.98765428	518	40.74780373	-73.9734419	2
0	3	28149	355	40.71602118	-73.99974372	161	40.72917025	-73.99810231	1
0	3	18894	426	40.71754834	-74.01322069	271	40.68528172	-73.97805813	1
0	3	37973	238	40.7361967	-74.00859207	449	40.76461837	-73.98789473	1
0	3	33950	284	40.7390169121	-74.0026376103	300	40.728145	-73.990214	1
0	3	6404	449	40.76461837	-73.98789473	508	40.76341379	-73.99667444	1
0	3	69157	265	40.72229346	-73.99147535	119	40.69608941	-73.97803415	1
0	3	22619	238	40.7361967	-74.00859207	514	40.76087502	-74.00277668	1
0	3	7960	294	40.73049393	-73.9957214	483	40.73223272	-73.98889957	1
0	3	10805	449	40.76461837	-73.98789473	449	40.76461837	-73.98789473	1
0	3	69158	173	40.76064679	-73.98442659	306	40.70823502	-74.00530063	1
0	3	69159	300	40.728145	-73.990214	472	40.7457121	-73.98194829	1
0	3	46281	300	40.728145	-73.990214	529	40.7575699	-73.99098507	1
0	3	54299	296	40.71413089	-73.9970468	82	40.71117416	-74.00016545	1
0	3	10505	433	40.72955361	-73.98057249	428	40.72467721	-73.98783413	1
0	3	69160	504	40.73221853	-73.98165557	173	40.76064679	-73.98442659	1
0	3	285	433	40.72955361	-73.98057249	459	40.746745	-74.007756	1
0	3	11486	479	40.76019252	-73.9912551	479	40.76019252	-73.9912551	1
0	3	52783	223	40.73781509	-73.99994661	350	40.71559509	-73.9870295	1
0	3	13642	482	40.73935542	-73.99931783	490	40.751551	-73.993934	1
0	3	18020	489	40.75066386	-74.00176802	505	40.74901271	-73.98848395	1
0	3	24623	495	40.76269882	-73.99301222	480	40.76669671	-73.99061728	1
0	3	15053	294	40.73049393	-73.9957214	369	40.73224119	-74.00026394	1
0	3	13485	312	40.722055	-73.989111	355	40.71602118	-73.99974372	2
0	3	5827	152	40.71473993	-74.00910627	268	40.71910537	-73.99973337	1
0	3	23645	540	40.74147286	-73.98320928	303	40.72362738	-73.99949601	1
0	3	23523	453	40.74475148	-73.99915362	453	40.74475148	-73.99915362	1
0	3	47283	532	40.710451	-73.960876	459	40.746745	-74.007756	1
0	3	475	394	40.72521311	-73.97768752	403	40.72502876	-73.99069656	1
0	3	7363	307	40.71427487	-73.98990025	296	40.71413089	-73.9970468	1
0	3	23400	453	40.74475148	-73.99915362	488	40.75645824	-73.99372222	1
0	3	25532	401	40.72019576	-73.98997825	507	40.73912601	-73.97973776	1
0	3	16014	290	40.76020258	-73.96478473	432	40.72621788	-73.98379855	1
