0	23	6575	432	40.72621788	-73.98379855	536	40.74144387	-73.97536082	1
0	23	71266	2002	40.716887	-73.963198	72	40.76727216	-73.99392888	1
0	23	50926	146	40.71625008	-74.0091059	236	40.7284186	-73.98713956	1
0	23	22362	380	40.73401143	-74.00293877	405	40.739323	-74.008119	1
0	23	71269	301	40.72217444	-73.98368779	405	40.739323	-74.008119	3
0	23	44484	279	40.69986937	-73.98271933	279	40.69986937	-73.98271933	2
0	23	42227	336	40.73047747	-73.99906065	457	40.76695317	-73.98169333	1
0	23	61699	450	40.76227205	-73.98788205	146	40.71625008	-74.0091059	1
0	23	4603	2002	40.716887	-73.963198	460	40.71285887	-73.96590294	3
0	23	39826	501	40.744219	-73.97121214	147	40.71542197	-74.01121978	1
0	23	13991	2004	40.724399	-74.004704	447	40.76370739	-73.9851615	1
0	23	19781	2004	40.724399	-74.004704	236	40.7284186	-73.98713956	1
0	23	41662	375	40.72679454	-73.99695094	2012	40.739445	-73.976806	1
0	23	9740	3002	40.711512	-74.015756	327	40.7153379	-74.01658354	1
0	23	41911	443	40.70853074	-73.96408963	389	40.71044554	-73.96525063	1
0	23	71270	225	40.74195138	-74.00803013	331	40.71173107	-73.99193043	1
0	23	32247	2006	40.76590936	-73.97634151	488	40.75645824	-73.99372222	1
0	23	70250	279	40.69986937	-73.98271933	312	40.722055	-73.989111	1
0	23	16544	313	40.69610226	-73.96751037	317	40.72453734	-73.98185424	1
0	23	16044	3002	40.711512	-74.015756	521	40.75044999	-73.99481051	1
0	23	7280	523	40.75466591	-73.99138152	276	40.71748752	-74.0104554	1
0	23	68746	479	40.76019252	-73.9912551	504	40.73221853	-73.98165557	1
0	23	39697	507	40.73912601	-73.97973776	428	40.72467721	-73.98783413	1
0	23	32369	347	40.72873888	-74.00748842	312	40.722055	-73.989111	1
0	23	44815	528	40.74290902	-73.97706058	408	40.71076228	-73.99400398	1
0	23	7976	225	40.74195138	-74.00803013	457	40.76695317	-73.98169333	1
0	23	52044	369	40.73224119	-74.00026394	499	40.76915505	-73.98191841	1
0	23	31568	518	40.74780373	-73.9734419	531	40.71893904	-73.99266288	1
0	23	31415	297	40.734232	-73.986923	326	40.72953837	-73.98426726	1
0	23	60770	534	40.70255065	-74.0127234	546	40.74444921	-73.98303529	1
0	23	17629	483	40.73223272	-73.98889957	428	40.72467721	-73.98783413	1
0	23	25826	336	40.73047747	-73.99906065	448	40.75660359	-73.9979009	1
0	23	43088	284	40.7390169121	-74.0026376103	72	40.76727216	-73.99392888	1
0	23	53306	280	40.73331967	-73.99510132	327	40.7153379	-74.01658354	1
0	23	16497	382	40.73492695	-73.99200509	505	40.74901271	-73.98848395	2
0	23	40785	427	40.70251526	-74.01427023	326	40.72953837	-73.98426726	1
0	23	7306	153	40.752062307	-73.9816324043	448	40.75660359	-73.9979009	1
0	23	1038	479	40.76019252	-73.9912551	2012	40.739445	-73.976806	1
0	23	27912	347	40.72873888	-74.00748842	2021	40.75929124	-73.98859651	1
0	23	18123	459	40.746745	-74.007756	368	40.73038599	-74.00214988	1
0	23	11682	382	40.73492695	-73.99200509	368	40.73038599	-74.00214988	1
0	23	62420	540	40.74147286	-73.98320928	302	40.72082834	-73.97793172	1
0	23	49293	195	40.70905623	-74.01043382	266	40.72368361	-73.97574813	1
0	23	1890	519	40.75188406	-73.97770164	2012	40.739445	-73.976806	1
0	23	54282	519	40.75188406	-73.97770164	317	40.72453734	-73.98185424	1
0	23	33984	151	40.7218158	-73.99720307	244	40.69196035	-73.96536851	1
0	23	12783	499	40.76915505	-73.98191841	494	40.74734825	-73.99723551	1
0	23	13349	481	40.71260486	-73.96264403	389	40.71044554	-73.96525063	1
0	23	11000	499	40.76915505	-73.98191841	497	40.73704984	-73.99009296	1
0	23	8869	2002	40.716887	-73.963198	2002	40.716887	-73.963198	4
0	23	60503	302	40.72082834	-73.97793172	455	40.75001986	-73.96905301	1
0	23	11263	520	40.75992262	-73.97648516	444	40.7423543	-73.98915076	2
0	23	14217	326	40.72953837	-73.98426726	494	40.74734825	-73.99723551	1
0	23	11614	360	40.70717936	-74.00887308	375	40.72679454	-73.99695094	1
0	23	28440	528	40.74290902	-73.97706058	307	40.71427487	-73.98990025	1
0	23	47536	195	40.70905623	-74.01043382	403	40.72502876	-73.99069656	1
0	23	18322	350	40.71559509	-73.9870295	532	40.710451	-73.960876	1
0	23	6018	358	40.73291553	-74.00711384	304	40.70463334	-74.01361706	1
0	23	20769	236	40.7284186	-73.98713956	393	40.72299208	-73.97995466	1
0	23	6252	268	40.71910537	-73.99973337	257	40.71939226	-74.00247214	1
0	23	54436	539	40.71534825	-73.96024116	436	40.68216564	-73.95399026	1
0	23	71271	157	40.69089272	-73.99612349	306	40.70823502	-74.00530063	1
0	23	71272	394	40.72521311	-73.97768752	314	40.69424674	-73.99215922	1
0	23	12694	268	40.71910537	-73.99973337	383	40.735238	-74.000271	1
0	23	56980	529	40.7575699	-73.99098507	433	40.72955361	-73.98057249	1
0	23	16512	285	40.73454567	-73.99074142	509	40.7454973	-74.00197139	1
0	23	30255	195	40.70905623	-74.01043382	514	40.76087502	-74.00277668	1
0	23	65387	505	40.74901271	-73.98848395	356	40.71622644	-73.98261206	1
0	23	49129	301	40.72217444	-73.98368779	480	40.76669671	-73.99061728	1
0	23	28952	284	40.7390169121	-74.0026376103	265	40.72229346	-73.99147535	1
0	23	11037	449	40.76461837	-73.98789473	470	40.74345335	-74.00004031	1
0	23	13950	151	40.7218158	-73.99720307	459	40.746745	-74.007756	1
0	23	2333	3002	40.711512	-74.015756	304	40.70463334	-74.01361706	1
0	23	20396	281	40.7643971	-73.97371465	223	40.73781509	-73.99994661	1
0	23	1854	325	40.73624527	-73.98473765	519	40.75188406	-73.97770164	1
0	23	30598	536	40.74144387	-73.97536082	265	40.72229346	-73.99147535	1
0	23	7205	528	40.74290902	-73.97706058	507	40.73912601	-73.97973776	2
0	23	2405	428	40.72467721	-73.98783413	254	40.73532427	-73.99800419	1
0	23	58384	243	40.687979	-73.978474	266	40.72368361	-73.97574813	1
0	23	23787	392	40.695065	-73.987167	439	40.7262807	-73.98978041	1
0	23	39496	128	40.72710258	-74.00297088	470	40.74345335	-74.00004031	1
0	23	22145	328	40.72405549	-74.00965965	2008	40.70569254	-74.01677685	1
0	23	9047	355	40.71602118	-73.99974372	2009	40.71117444	-73.99682619	1
0	23	21633	500	40.76228826	-73.98336183	482	40.73935542	-73.99931783	1
0	23	26294	475	40.73524276	-73.98758561	546	40.74444921	-73.98303529	1
0	23	71273	401	40.72019576	-73.98997825	492	40.75019995	-73.99093085	1
0	23	6307	402	40.7403432	-73.98955109	459	40.746745	-74.007756	1
0	23	3703	448	40.75660359	-73.9979009	513	40.768254	-73.988639	2
0	23	38279	238	40.7361967	-74.00859207	358	40.73291553	-74.00711384	1
0	23	21329	146	40.71625008	-74.0091059	116	40.74177603	-74.00149746	1
0	23	21485	2021	40.75929124	-73.98859651	470	40.74345335	-74.00004031	1
0	23	71274	335	40.72903917	-73.99404649	339	40.72580614	-73.97422494	1
0	23	40364	489	40.75066386	-74.00176802	325	40.73624527	-73.98473765	1
0	23	11314	116	40.74177603	-74.00149746	462	40.74691959	-74.00451887	1
0	23	36240	388	40.749717753	-74.002950346	470	40.74345335	-74.00004031	1
0	23	64012	325	40.73624527	-73.98473765	82	40.71117416	-74.00016545	1
0	23	836	514	40.76087502	-74.00277668	459	40.746745	-74.007756	1
0	23	23525	310	40.68926942	-73.98912867	274	40.68691865	-73.976682	1
0	23	978	523	40.75466591	-73.99138152	499	40.76915505	-73.98191841	1
0	23	9821	477	40.75640548	-73.9900262	509	40.7454973	-74.00197139	1
0	23	14034	319	40.71336124	-74.00937622	426	40.71754834	-74.01322069	1
0	23	16505	528	40.74290902	-73.97706058	326	40.72953837	-73.98426726	1
0	23	7740	285	40.73454567	-73.99074142	151	40.7218158	-73.99720307	1
0	23	12943	323	40.69236178	-73.98631746	410	40.72066442	-73.98517977	1
0	23	33416	528	40.74290902	-73.97706058	537	40.74025878	-73.98409214	1
0	23	176	294	40.73049393	-73.9957214	459	40.746745	-74.007756	1
0	23	23419	475	40.73524276	-73.98758561	236	40.7284186	-73.98713956	1
0	23	18228	405	40.739323	-74.008119	509	40.7454973	-74.00197139	1
0	23	1186	507	40.73912601	-73.97973776	236	40.7284186	-73.98713956	1
0	23	20262	265	40.72229346	-73.99147535	307	40.71427487	-73.98990025	1
0	23	34870	147	40.71542197	-74.01121978	334	40.74238787	-73.99726235	1
0	23	12634	417	40.71291224	-74.01020234	127	40.73172428	-74.00674436	1
0	23	50601	383	40.735238	-74.000271	355	40.71602118	-73.99974372	1
0	23	59566	311	40.7172274	-73.98802084	82	40.71117416	-74.00016545	2
0	23	12396	152	40.71473993	-74.00910627	195	40.70905623	-74.01043382	1
0	23	394	312	40.722055	-73.989111	459	40.746745	-74.007756	1
0	23	12126	472	40.7457121	-73.98194829	326	40.72953837	-73.98426726	1
0	23	41138	336	40.73047747	-73.99906065	401	40.72019576	-73.98997825	1
0	23	23697	483	40.73223272	-73.98889957	293	40.73028666	-73.9907647	1
0	23	50829	515	40.76009437	-73.99461843	266	40.72368361	-73.97574813	1
0	23	386	280	40.73331967	-73.99510132	300	40.728145	-73.990214	1
0	23	58755	306	40.70823502	-74.00530063	340	40.71269042	-73.98776323	1
0	23	24068	478	40.76030096	-73.99884222	465	40.75513557	-73.98658032	1
0	23	13821	382	40.73492695	-73.99200509	444	40.7423543	-73.98915076	1
0	23	23687	152	40.71473993	-74.00910627	459	40.746745	-74.007756	1
0	23	22875	326	40.72953837	-73.98426726	160	40.748238	-73.978311	1
0	23	15723	517	40.75149263	-73.97798848	518	40.74780373	-73.9734419	1
0	23	41624	251	40.72317958	-73.99480012	507	40.73912601	-73.97973776	1
0	23	62294	464	40.75934501	-73.96759673	475	40.73524276	-73.98758561	1
0	23	28100	2004	40.724399	-74.004704	128	40.72710258	-74.00297088	1
0	23	1252	500	40.76228826	-73.98336183	2021	40.75929124	-73.98859651	1
0	23	12987	151	40.7218158	-73.99720307	151	40.7218158	-73.99720307	1
0	23	18972	453	40.74475148	-73.99915362	507	40.73912601	-73.97973776	1
0	23	2946	295	40.71406667	-73.99293911	410	40.72066442	-73.98517977	1
0	23	15439	538	40.75795248	-73.97787642	454	40.75455731	-73.96592976	1
0	23	11519	300	40.728145	-73.990214	151	40.7218158	-73.99720307	1
0	23	24037	368	40.73038599	-74.00214988	295	40.71406667	-73.99293911	1
0	23	10990	307	40.71427487	-73.98990025	2009	40.71117444	-73.99682619	1
0	23	57250	418	40.70224	-73.982578	395	40.68807003	-73.98410637	1
0	23	18232	435	40.74173969	-73.99415556	284	40.7390169121	-74.0026376103	1
0	23	8943	404	40.7405826	-74.00550867	462	40.74691959	-74.00451887	2
0	23	235	2002	40.716887	-73.963198	313	40.69610226	-73.96751037	1
0	23	10286	500	40.76228826	-73.98336183	453	40.74475148	-73.99915362	1
0	23	63083	457	40.76695317	-73.98169333	433	40.72955361	-73.98057249	1
0	23	16620	520	40.75992262	-73.97648516	160	40.748238	-73.978311	1
0	23	905	406	40.69512845	-73.99595065	406	40.69512845	-73.99595065	2
0	23	20659	127	40.73172428	-74.00674436	325	40.73624527	-73.98473765	1
0	23	18127	361	40.71605866	-73.99190759	284	40.7390169121	-74.0026376103	1
0	23	23897	441	40.756014	-73.967416	160	40.748238	-73.978311	1
0	23	2202	369	40.73224119	-74.00026394	375	40.72679454	-73.99695094	2
0	23	22244	480	40.76669671	-73.99061728	469	40.76344058	-73.98268129	1
0	23	71275	331	40.71173107	-73.99193043	327	40.7153379	-74.01658354	2
0	23	21264	312	40.722055	-73.989111	326	40.72953837	-73.98426726	1
0	23	21101	328	40.72405549	-74.00965965	151	40.7218158	-73.99720307	1
0	23	15230	500	40.76228826	-73.98336183	529	40.7575699	-73.99098507	1
0	23	1944	387	40.71273266	-74.0046073	147	40.71542197	-74.01121978	1
0	23	18044	348	40.72490985	-74.00154702	326	40.72953837	-73.98426726	1
0	23	947	521	40.75044999	-73.99481051	116	40.74177603	-74.00149746	1
0	23	11169	483	40.73223272	-73.98889957	433	40.72955361	-73.98057249	1
0	23	6651	389	40.71044554	-73.96525063	2002	40.716887	-73.963198	1
0	23	34845	308	40.71307916	-73.99851193	507	40.73912601	-73.97973776	1
0	23	10936	236	40.7284186	-73.98713956	446	40.74487634	-73.99529885	1
0	23	19026	453	40.74475148	-73.99915362	447	40.76370739	-73.9851615	2
0	23	19040	518	40.74780373	-73.9734419	462	40.74691959	-74.00451887	1
0	23	8628	448	40.75660359	-73.9979009	498	40.74854862	-73.98808416	1
0	23	23550	428	40.72467721	-73.98783413	331	40.71173107	-73.99193043	1
0	23	16859	336	40.73047747	-73.99906065	387	40.71273266	-74.0046073	1
0	23	2941	383	40.735238	-74.000271	383	40.735238	-74.000271	1
0	23	8363	529	40.7575699	-73.99098507	447	40.76370739	-73.9851615	1
0	23	12609	477	40.75640548	-73.9900262	375	40.72679454	-73.99695094	1
0	23	11806	540	40.74147286	-73.98320928	507	40.73912601	-73.97973776	1
0	23	20622	416	40.68753406	-73.97265183	366	40.693261	-73.968896	1
0	23	1082	505	40.74901271	-73.98848395	173	40.76064679	-73.98442659	2
0	23	7907	457	40.76695317	-73.98169333	442	40.746647	-73.993915	1
0	23	9197	512	40.7500727	-73.99839279	509	40.7454973	-74.00197139	1
0	23	41283	464	40.75934501	-73.96759673	458	40.751396	-74.005226	1
0	23	20757	380	40.73401143	-74.00293877	453	40.74475148	-73.99915362	1
0	23	11526	428	40.72467721	-73.98783413	401	40.72019576	-73.98997825	1
0	23	462	251	40.72317958	-73.99480012	439	40.7262807	-73.98978041	1
0	23	67389	380	40.73401143	-74.00293877	266	40.72368361	-73.97574813	1
0	23	21778	347	40.72873888	-74.00748842	453	40.74475148	-73.99915362	1
0	23	3570	304	40.70463334	-74.01361706	327	40.7153379	-74.01658354	1
0	23	32722	335	40.72903917	-73.99404649	531	40.71893904	-73.99266288	1
0	23	21609	404	40.7405826	-74.00550867	475	40.73524276	-73.98758561	1
0	23	23480	284	40.7390169121	-74.0026376103	507	40.73912601	-73.97973776	1
0	23	30072	453	40.74475148	-73.99915362	2010	40.72165481	-74.00234737	1
0	23	183	294	40.73049393	-73.9957214	345	40.73649403	-73.99704374	1
0	23	29622	326	40.72953837	-73.98426726	356	40.71622644	-73.98261206	1
0	23	6781	434	40.74317449	-74.00366443	285	40.73454567	-73.99074142	2
0	23	10464	284	40.7390169121	-74.0026376103	446	40.74487634	-73.99529885	1
0	23	11229	435	40.74173969	-73.99415556	325	40.73624527	-73.98473765	1
0	23	3263	347	40.72873888	-74.00748842	368	40.73038599	-74.00214988	1
0	23	16176	465	40.75513557	-73.98658032	478	40.76030096	-73.99884222	1
0	23	1720	151	40.7218158	-73.99720307	264	40.70706456	-74.00731853	1
0	23	1461	479	40.76019252	-73.9912551	173	40.76064679	-73.98442659	1
0	23	20495	317	40.72453734	-73.98185424	284	40.7390169121	-74.0026376103	2
0	23	7161	528	40.74290902	-73.97706058	472	40.7457121	-73.98194829	1
0	23	64908	320	40.71743998	-74.00583475	466	40.74395411	-73.99144871	1
0	23	49694	467	40.68312489	-73.97895137	275	40.68650065	-73.96563307	1
0	23	14461	519	40.75188406	-73.97770164	294	40.73049393	-73.9957214	1
0	23	23765	157	40.69089272	-73.99612349	324	40.689888	-73.981013	1
0	23	14561	457	40.76695317	-73.98169333	479	40.76019252	-73.9912551	1
0	23	41894	528	40.74290902	-73.97706058	356	40.71622644	-73.98261206	2
0	23	60026	439	40.7262807	-73.98978041	307	40.71427487	-73.98990025	1
0	23	45268	382	40.73492695	-73.99200509	285	40.73454567	-73.99074142	1
0	23	3953	528	40.74290902	-73.97706058	518	40.74780373	-73.9734419	1
0	23	51199	529	40.7575699	-73.99098507	441	40.756014	-73.967416	1
0	23	3936	382	40.73492695	-73.99200509	405	40.739323	-74.008119	1
0	23	16103	444	40.7423543	-73.98915076	433	40.72955361	-73.98057249	2
0	23	50627	382	40.73492695	-73.99200509	412	40.7158155	-73.99422366	2
0	23	2933	459	40.746745	-74.007756	285	40.73454567	-73.99074142	1
0	23	28249	326	40.72953837	-73.98426726	533	40.75299641	-73.98721619	1
0	23	14647	368	40.73038599	-74.00214988	345	40.73649403	-73.99704374	1
0	23	15765	404	40.7405826	-74.00550867	2021	40.75929124	-73.98859651	1
0	23	13587	488	40.75645824	-73.99372222	512	40.7500727	-73.99839279	1
0	23	6812	518	40.74780373	-73.9734419	528	40.74290902	-73.97706058	1
0	23	3415	410	40.72066442	-73.98517977	345	40.73649403	-73.99704374	1
0	23	1457	435	40.74173969	-73.99415556	357	40.73261787	-73.99158043	1
0	23	43627	454	40.75455731	-73.96592976	450	40.76227205	-73.98788205	1
0	23	28910	380	40.73401143	-74.00293877	489	40.75066386	-74.00176802	1
0	23	23645	540	40.74147286	-73.98320928	303	40.72362738	-73.99949601	1
0	23	41670	295	40.71406667	-73.99293911	340	40.71269042	-73.98776323	1
0	23	30386	336	40.73047747	-73.99906065	307	40.71427487	-73.98990025	1
0	23	69250	350	40.71559509	-73.9870295	475	40.73524276	-73.98758561	1
0	23	19688	368	40.73038599	-74.00214988	475	40.73524276	-73.98758561	1
0	23	1335	127	40.73172428	-74.00674436	151	40.7218158	-73.99720307	1
0	23	21047	384	40.68317813	-73.9659641	244	40.69196035	-73.96536851	1
0	23	62848	160	40.748238	-73.978311	280	40.73331967	-73.99510132	1
0	23	1702	426	40.71754834	-74.01322069	327	40.7153379	-74.01658354	1
0	23	53483	498	40.74854862	-73.98808416	2012	40.739445	-73.976806	1
0	23	48487	393	40.72299208	-73.97995466	415	40.7047177	-74.00926027	1
0	23	1776	528	40.74290902	-73.97706058	380	40.73401143	-74.00293877	1
0	23	31338	522	40.75714758	-73.97207836	403	40.72502876	-73.99069656	1
0	23	3462	368	40.73038599	-74.00214988	304	40.70463334	-74.01361706	1
0	23	10656	128	40.72710258	-74.00297088	462	40.74691959	-74.00451887	1
0	23	14937	497	40.73704984	-73.99009296	466	40.74395411	-73.99144871	1
0	23	15233	494	40.74734825	-73.99723551	450	40.76227205	-73.98788205	1
0	23	12124	247	40.73535398	-74.00483091	514	40.76087502	-74.00277668	1
0	23	12417	459	40.746745	-74.007756	295	40.71406667	-73.99293911	1
0	23	22442	423	40.76584941	-73.98690506	72	40.76727216	-73.99392888	1
0	23	678	433	40.72955361	-73.98057249	223	40.73781509	-73.99994661	1
0	23	102	300	40.728145	-73.990214	369	40.73224119	-74.00026394	1
0	23	756	238	40.7361967	-74.00859207	459	40.746745	-74.007756	1
0	23	115	355	40.71602118	-73.99974372	521	40.75044999	-73.99481051	1
0	23	13560	505	40.74901271	-73.98848395	253	40.73543934	-73.99453948	1
0	23	16873	515	40.76009437	-73.99461843	423	40.76584941	-73.98690506	1
0	23	11954	380	40.73401143	-74.00293877	439	40.7262807	-73.98978041	1
0	23	1097	477	40.75640548	-73.9900262	536	40.74144387	-73.97536082	1
0	23	8773	444	40.7423543	-73.98915076	345	40.73649403	-73.99704374	1
0	23	23885	448	40.75660359	-73.9979009	515	40.76009437	-73.99461843	1
0	23	45894	252	40.73226398	-73.99852205	473	40.72110063	-73.9919254	1
0	23	27721	312	40.722055	-73.989111	356	40.71622644	-73.98261206	1
0	23	27117	428	40.72467721	-73.98783413	404	40.7405826	-74.00550867	1
0	23	1741	488	40.75645824	-73.99372222	479	40.76019252	-73.9912551	2
0	23	8954	528	40.74290902	-73.97706058	2012	40.739445	-73.976806	2
0	23	24593	495	40.76269882	-73.99301222	442	40.746647	-73.993915	1
0	23	8180	357	40.73261787	-73.99158043	223	40.73781509	-73.99994661	1
0	23	23394	528	40.74290902	-73.97706058	445	40.72740794	-73.98142006	1
0	23	11392	546	40.74444921	-73.98303529	412	40.7158155	-73.99422366	1
0	23	9007	382	40.73492695	-73.99200509	300	40.728145	-73.990214	1
0	23	25906	257	40.71939226	-74.00247214	327	40.7153379	-74.01658354	1
0	23	28998	416	40.68753406	-73.97265183	262	40.69178232	-73.97372989	1
0	23	7865	463	40.74206539	-74.00443172	462	40.74691959	-74.00451887	1
0	23	2356	399	40.68851534	-73.9647628	271	40.68528172	-73.97805813	1
0	23	14852	304	40.70463334	-74.01361706	306	40.70823502	-74.00530063	1
0	23	9693	251	40.72317958	-73.99480012	402	40.7403432	-73.98955109	1
0	23	10956	490	40.751551	-73.993934	519	40.75188406	-73.97770164	1
0	23	22534	498	40.74854862	-73.98808416	528	40.74290902	-73.97706058	1
0	23	4153	335	40.72903917	-73.99404649	382	40.73492695	-73.99200509	1
0	23	29884	251	40.72317958	-73.99480012	271	40.68528172	-73.97805813	2
0	23	51919	398	40.69165183	-73.9999786	438	40.72779126	-73.98564945	1
0	23	13359	146	40.71625008	-74.0091059	488	40.75645824	-73.99372222	1
0	23	5048	403	40.72502876	-73.99069656	297	40.734232	-73.986923	1
0	23	23952	479	40.76019252	-73.9912551	380	40.73401143	-74.00293877	2
0	23	15630	346	40.73652889	-74.00618026	453	40.74475148	-73.99915362	2
0	23	11752	446	40.74487634	-73.99529885	280	40.73331967	-73.99510132	1
0	23	65207	398	40.69165183	-73.9999786	340	40.71269042	-73.98776323	2
0	23	28157	336	40.73047747	-73.99906065	388	40.749717753	-74.002950346	2
0	23	27858	297	40.734232	-73.986923	2012	40.739445	-73.976806	1
0	23	12367	459	40.746745	-74.007756	79	40.71911552	-74.00666661	1
0	23	20793	334	40.74238787	-73.99726235	223	40.73781509	-73.99994661	2
0	23	30923	455	40.75001986	-73.96905301	477	40.75640548	-73.9900262	1
0	23	26042	347	40.72873888	-74.00748842	329	40.72043411	-74.01020609	1
0	23	13691	326	40.72953837	-73.98426726	446	40.74487634	-73.99529885	1
0	23	31198	223	40.73781509	-73.99994661	428	40.72467721	-73.98783413	1
0	23	47930	151	40.7218158	-73.99720307	406	40.69512845	-73.99595065	1
0	23	24658	383	40.735238	-74.000271	223	40.73781509	-73.99994661	1
0	23	458	401	40.72019576	-73.98997825	361	40.71605866	-73.99190759	1
0	23	9849	483	40.73223272	-73.98889957	507	40.73912601	-73.97973776	1
0	23	51163	116	40.74177603	-74.00149746	284	40.7390169121	-74.0026376103	1
0	23	8081	334	40.74238787	-73.99726235	462	40.74691959	-74.00451887	1
0	23	48586	434	40.74317449	-74.00366443	439	40.7262807	-73.98978041	1
0	23	21171	434	40.74317449	-74.00366443	432	40.72621788	-73.98379855	1
0	23	8653	435	40.74173969	-73.99415556	511	40.72938685	-73.97772429	1
0	23	584	417	40.71291224	-74.01020234	327	40.7153379	-74.01658354	1
0	23	69656	346	40.73652889	-74.00618026	454	40.75455731	-73.96592976	1
0	23	12333	433	40.72955361	-73.98057249	251	40.72317958	-73.99480012	1
0	23	11868	236	40.7284186	-73.98713956	350	40.71559509	-73.9870295	1
0	23	31237	252	40.73226398	-73.99852205	433	40.72955361	-73.98057249	1
0	23	71276	418	40.70224	-73.982578	384	40.68317813	-73.9659641	1
0	23	60900	2008	40.70569254	-74.01677685	376	40.70862144	-74.00722156	1
0	23	6280	336	40.73047747	-73.99906065	382	40.73492695	-73.99200509	1
0	23	34745	365	40.68223166	-73.9614583	348	40.72490985	-74.00154702	1
0	23	31584	257	40.71939226	-74.00247214	412	40.7158155	-73.99422366	1
0	23	42783	403	40.72502876	-73.99069656	475	40.73524276	-73.98758561	1
0	23	3394	382	40.73492695	-73.99200509	128	40.72710258	-74.00297088	1
0	23	10258	297	40.734232	-73.986923	228	40.7546011026	-73.971878855	1
0	23	10917	263	40.71729	-73.996375	356	40.71622644	-73.98261206	1
0	23	58981	471	40.71286844	-73.95698119	528	40.74290902	-73.97706058	1
0	23	13629	345	40.73649403	-73.99704374	470	40.74345335	-74.00004031	1
0	23	11662	285	40.73454567	-73.99074142	280	40.73331967	-73.99510132	1
0	23	49470	522	40.75714758	-73.97207836	423	40.76584941	-73.98690506	1
0	23	10336	483	40.73223272	-73.98889957	161	40.72917025	-73.99810231	1
0	23	117	447	40.76370739	-73.9851615	499	40.76915505	-73.98191841	1
0	23	26335	261	40.69474881	-73.98362464	298	40.68683208	-73.9796772	1
0	23	35012	383	40.735238	-74.000271	361	40.71605866	-73.99190759	1
0	23	47223	120	40.68676793	-73.95928168	384	40.68317813	-73.9659641	1
0	23	20440	285	40.73454567	-73.99074142	439	40.7262807	-73.98978041	1
0	23	620	151	40.7218158	-73.99720307	128	40.72710258	-74.00297088	1
0	23	23114	285	40.73454567	-73.99074142	341	40.71782143	-73.97628939	1
0	23	14556	457	40.76695317	-73.98169333	469	40.76344058	-73.98268129	1
0	23	28470	151	40.7218158	-73.99720307	435	40.74173969	-73.99415556	1
0	23	16149	358	40.73291553	-74.00711384	346	40.73652889	-74.00618026	1
0	23	10395	361	40.71605866	-73.99190759	355	40.71602118	-73.99974372	1
0	23	8643	311	40.7172274	-73.98802084	502	40.714215	-73.981346	2
0	23	45414	521	40.75044999	-73.99481051	317	40.72453734	-73.98185424	1
0	23	30943	531	40.71893904	-73.99266288	532	40.710451	-73.960876	1
0	23	8756	147	40.71542197	-74.01121978	329	40.72043411	-74.01020609	1
0	23	51407	83	40.68382604	-73.97632328	253	40.73543934	-73.99453948	1
0	23	30242	341	40.71782143	-73.97628939	307	40.71427487	-73.98990025	1
0	23	11587	495	40.76269882	-73.99301222	495	40.76269882	-73.99301222	1
0	23	61377	276	40.71748752	-74.0104554	525	40.75594159	-74.0021163	1
0	23	2885	519	40.75188406	-73.97770164	382	40.73492695	-73.99200509	1
0	23	1021	445	40.72740794	-73.98142006	293	40.73028666	-73.9907647	1
0	23	7464	435	40.74173969	-73.99415556	435	40.74173969	-73.99415556	1
0	23	51016	439	40.7262807	-73.98978041	296	40.71413089	-73.9970468	1
0	23	22992	404	40.7405826	-74.00550867	128	40.72710258	-74.00297088	1
0	23	13281	457	40.76695317	-73.98169333	449	40.76461837	-73.98789473	1
0	23	20028	404	40.7405826	-74.00550867	303	40.72362738	-73.99949601	1
0	23	31629	320	40.71743998	-74.00583475	161	40.72917025	-73.99810231	1
0	23	28799	168	40.73971301	-73.99456405	537	40.74025878	-73.98409214	1
0	23	2653	375	40.72679454	-73.99695094	497	40.73704984	-73.99009296	1
0	23	51369	453	40.74475148	-73.99915362	297	40.734232	-73.986923	1
0	23	9229	514	40.76087502	-74.00277668	495	40.76269882	-73.99301222	1
0	23	42820	116	40.74177603	-74.00149746	362	40.75172632	-73.98753523	1
0	23	63418	236	40.7284186	-73.98713956	441	40.756014	-73.967416	1
0	23	21	483	40.73223272	-73.98889957	280	40.73331967	-73.99510132	1
0	23	60827	2012	40.739445	-73.976806	301	40.72217444	-73.98368779	1
0	23	12989	509	40.7454973	-74.00197139	297	40.734232	-73.986923	1
0	23	17914	513	40.768254	-73.988639	447	40.76370739	-73.9851615	1
0	23	21155	146	40.71625008	-74.0091059	276	40.71748752	-74.0104554	1
0	23	5186	537	40.74025878	-73.98409214	465	40.75513557	-73.98658032	1
0	23	19694	439	40.7262807	-73.98978041	285	40.73454567	-73.99074142	1
0	23	34924	160	40.748238	-73.978311	441	40.756014	-73.967416	1
0	23	2469	539	40.71534825	-73.96024116	460	40.71285887	-73.96590294	1
0	23	24107	433	40.72955361	-73.98057249	439	40.7262807	-73.98978041	2
0	23	1839	433	40.72955361	-73.98057249	458	40.751396	-74.005226	1
0	23	84	323	40.69236178	-73.98631746	258	40.68940747	-73.96885458	1
0	23	21740	284	40.7390169121	-74.0026376103	478	40.76030096	-73.99884222	1
0	23	37442	298	40.68683208	-73.9796772	395	40.68807003	-73.98410637	1
0	23	21426	523	40.75466591	-73.99138152	422	40.770513	-73.988038	1
0	23	346	233	40.69246277	-73.98963911	406	40.69512845	-73.99595065	1
0	23	46649	298	40.68683208	-73.9796772	157	40.69089272	-73.99612349	1
0	23	64180	412	40.7158155	-73.99422366	366	40.693261	-73.968896	3
0	23	28104	459	40.746745	-74.007756	412	40.7158155	-73.99422366	1
0	23	213	280	40.73331967	-73.99510132	537	40.74025878	-73.98409214	1
0	23	9676	127	40.73172428	-74.00674436	268	40.71910537	-73.99973337	1
0	23	20058	314	40.69424674	-73.99215922	398	40.69165183	-73.9999786	1
0	23	50529	528	40.74290902	-73.97706058	446	40.74487634	-73.99529885	1
0	23	12204	458	40.751396	-74.005226	423	40.76584941	-73.98690506	1
0	23	14392	332	40.71219906	-73.97948148	332	40.71219906	-73.97948148	1
0	23	21080	332	40.71219906	-73.97948148	296	40.71413089	-73.9970468	2
0	23	6129	458	40.751396	-74.005226	435	40.74173969	-73.99415556	1
0	23	19535	546	40.74444921	-73.98303529	537	40.74025878	-73.98409214	1
0	23	469	513	40.768254	-73.988639	490	40.751551	-73.993934	1
0	23	15391	515	40.76009437	-73.99461843	448	40.75660359	-73.9979009	1
0	23	4471	446	40.74487634	-73.99529885	446	40.74487634	-73.99529885	1
0	23	34034	251	40.72317958	-73.99480012	331	40.71173107	-73.99193043	1
0	23	39398	259	40.70122128	-74.01234218	151	40.7218158	-73.99720307	1
0	23	7930	469	40.76344058	-73.98268129	474	40.7451677	-73.98683077	1
0	23	18194	492	40.75019995	-73.99093085	540	40.74147286	-73.98320928	1
0	23	18861	254	40.73532427	-73.99800419	521	40.75044999	-73.99481051	1
0	23	21440	479	40.76019252	-73.9912551	293	40.73028666	-73.9907647	1
0	23	58031	2010	40.72165481	-74.00234737	494	40.74734825	-73.99723551	1
0	23	28214	404	40.7405826	-74.00550867	72	40.76727216	-73.99392888	1
0	23	22415	152	40.71473993	-74.00910627	285	40.73454567	-73.99074142	1
0	23	32650	494	40.74734825	-73.99723551	508	40.76341379	-73.99667444	1
0	23	38160	259	40.70122128	-74.01234218	332	40.71219906	-73.97948148	1
0	23	15718	466	40.74395411	-73.99144871	468	40.7652654	-73.98192338	1
0	23	22730	432	40.72621788	-73.98379855	375	40.72679454	-73.99695094	1
0	23	123	479	40.76019252	-73.9912551	450	40.76227205	-73.98788205	1
0	23	11547	382	40.73492695	-73.99200509	293	40.73028666	-73.9907647	1
0	23	42050	469	40.76344058	-73.98268129	449	40.76461837	-73.98789473	1
0	23	500	438	40.72779126	-73.98564945	505	40.74901271	-73.98848395	1
0	23	25142	247	40.73535398	-74.00483091	284	40.7390169121	-74.0026376103	1
0	23	44056	312	40.722055	-73.989111	360	40.70717936	-74.00887308	1
0	23	5319	364	40.68900443	-73.96023854	365	40.68223166	-73.9614583	1
0	23	42891	514	40.76087502	-74.00277668	474	40.7451677	-73.98683077	1
0	23	25861	507	40.73912601	-73.97973776	385	40.75797322	-73.96603308	1
0	23	13412	151	40.7218158	-73.99720307	410	40.72066442	-73.98517977	1
0	23	206	300	40.728145	-73.990214	254	40.73532427	-73.99800419	1
0	23	15057	521	40.75044999	-73.99481051	470	40.74345335	-74.00004031	1
0	23	37290	423	40.76584941	-73.98690506	477	40.75640548	-73.9900262	1
0	23	8454	173	40.76064679	-73.98442659	485	40.75038009	-73.98338988	1
0	23	8279	345	40.73649403	-73.99704374	483	40.73223272	-73.98889957	1
0	23	60319	325	40.73624527	-73.98473765	516	40.75206862	-73.96784384	1
0	23	31885	537	40.74025878	-73.98409214	331	40.71173107	-73.99193043	1
0	23	27282	253	40.73543934	-73.99453948	293	40.73028666	-73.9907647	1
0	23	18545	438	40.72779126	-73.98564945	528	40.74290902	-73.97706058	1
0	23	38831	225	40.74195138	-74.00803013	450	40.76227205	-73.98788205	1
0	23	22918	307	40.71427487	-73.98990025	356	40.71622644	-73.98261206	1
0	23	7952	285	40.73454567	-73.99074142	128	40.72710258	-74.00297088	1
0	23	11591	294	40.73049393	-73.9957214	127	40.73172428	-74.00674436	1
0	23	10380	293	40.73028666	-73.9907647	438	40.72779126	-73.98564945	1
0	23	32974	412	40.7158155	-73.99422366	473	40.72110063	-73.9919254	1
0	23	43338	345	40.73649403	-73.99704374	507	40.73912601	-73.97973776	1
0	23	150	499	40.76915505	-73.98191841	528	40.74290902	-73.97706058	1
0	23	19774	458	40.751396	-74.005226	512	40.7500727	-73.99839279	1
0	23	48668	247	40.73535398	-74.00483091	479	40.76019252	-73.9912551	1
0	23	4912	382	40.73492695	-73.99200509	294	40.73049393	-73.9957214	1
0	23	27620	441	40.756014	-73.967416	318	40.75320159	-73.9779874	1
0	23	3856	347	40.72873888	-74.00748842	304	40.70463334	-74.01361706	1
0	23	23760	157	40.69089272	-73.99612349	430	40.7014851	-73.98656928	1
0	23	71278	375	40.72679454	-73.99695094	479	40.76019252	-73.9912551	1
0	23	1764	284	40.7390169121	-74.0026376103	253	40.73543934	-73.99453948	1
0	23	10725	157	40.69089272	-73.99612349	323	40.69236178	-73.98631746	1
0	23	3803	128	40.72710258	-74.00297088	251	40.72317958	-73.99480012	1
0	23	56337	499	40.76915505	-73.98191841	516	40.75206862	-73.96784384	1
0	23	41580	223	40.73781509	-73.99994661	297	40.734232	-73.986923	1
0	23	32523	285	40.73454567	-73.99074142	307	40.71427487	-73.98990025	1
0	23	6167	546	40.74444921	-73.98303529	507	40.73912601	-73.97973776	1
0	23	33441	345	40.73649403	-73.99704374	247	40.73535398	-74.00483091	1
0	23	11611	355	40.71602118	-73.99974372	356	40.71622644	-73.98261206	1
0	23	57647	536	40.74144387	-73.97536082	401	40.72019576	-73.98997825	1
0	23	1962	462	40.74691959	-74.00451887	402	40.7403432	-73.98955109	1
0	23	9745	428	40.72467721	-73.98783413	336	40.73047747	-73.99906065	1
0	23	29982	319	40.71336124	-74.00937622	161	40.72917025	-73.99810231	1
0	23	13275	2004	40.724399	-74.004704	254	40.73532427	-73.99800419	1
0	23	20292	347	40.72873888	-74.00748842	301	40.72217444	-73.98368779	1
0	23	6717	274	40.68691865	-73.976682	366	40.693261	-73.968896	1
0	23	14989	401	40.72019576	-73.98997825	312	40.722055	-73.989111	1
0	23	46542	160	40.748238	-73.978311	2012	40.739445	-73.976806	1
0	23	7610	300	40.728145	-73.990214	531	40.71893904	-73.99266288	1
0	23	28781	350	40.71559509	-73.9870295	356	40.71622644	-73.98261206	1
0	23	39385	224	40.71146364	-74.00552427	301	40.72217444	-73.98368779	1
0	23	17252	195	40.70905623	-74.01043382	263	40.71729	-73.996375	1
0	23	30715	151	40.7218158	-73.99720307	428	40.72467721	-73.98783413	1
0	23	5869	540	40.74147286	-73.98320928	459	40.746745	-74.007756	1
0	23	5139	465	40.75513557	-73.98658032	281	40.7643971	-73.97371465	1
0	23	23317	382	40.73492695	-73.99200509	355	40.71602118	-73.99974372	1
0	23	4971	293	40.73028666	-73.9907647	285	40.73454567	-73.99074142	1
0	23	16023	477	40.75640548	-73.9900262	326	40.72953837	-73.98426726	1
0	23	9727	448	40.75660359	-73.9979009	252	40.73226398	-73.99852205	1
0	23	19047	495	40.76269882	-73.99301222	236	40.7284186	-73.98713956	1
0	23	49455	368	40.73038599	-74.00214988	536	40.74144387	-73.97536082	1
0	23	12001	127	40.73172428	-74.00674436	383	40.735238	-74.000271	1
0	23	6586	435	40.74173969	-73.99415556	537	40.74025878	-73.98409214	1
0	23	14387	447	40.76370739	-73.9851615	477	40.75640548	-73.9900262	1
0	23	13865	459	40.746745	-74.007756	236	40.7284186	-73.98713956	1
0	23	33123	237	40.73047309	-73.98672378	300	40.728145	-73.990214	1
0	23	3230	310	40.68926942	-73.98912867	391	40.69760127	-73.99344559	1
0	23	53301	237	40.73047309	-73.98672378	472	40.7457121	-73.98194829	1
0	23	40637	537	40.74025878	-73.98409214	223	40.73781509	-73.99994661	1
0	23	34981	326	40.72953837	-73.98426726	295	40.71406667	-73.99293911	1
0	23	9074	428	40.72467721	-73.98783413	161	40.72917025	-73.99810231	1
0	23	8082	483	40.73223272	-73.98889957	403	40.72502876	-73.99069656	1
0	23	44065	474	40.7451677	-73.98683077	440	40.75255434	-73.97282625	1
0	23	15403	519	40.75188406	-73.97770164	160	40.748238	-73.978311	1
0	23	6403	305	40.76095756	-73.96724467	457	40.76695317	-73.98169333	1
0	23	32054	295	40.71406667	-73.99293911	350	40.71559509	-73.9870295	1
0	23	11062	383	40.735238	-74.000271	251	40.72317958	-73.99480012	1
0	23	18199	294	40.73049393	-73.9957214	358	40.73291553	-74.00711384	1
0	23	12274	324	40.689888	-73.981013	416	40.68753406	-73.97265183	1
0	23	14126	336	40.73047747	-73.99906065	284	40.7390169121	-74.0026376103	1
0	23	19226	303	40.72362738	-73.99949601	368	40.73038599	-74.00214988	1
0	23	9199	466	40.74395411	-73.99144871	382	40.73492695	-73.99200509	1
0	23	13506	350	40.71559509	-73.9870295	502	40.714215	-73.981346	1
0	23	138	537	40.74025878	-73.98409214	497	40.73704984	-73.99009296	1
0	23	1293	262	40.69178232	-73.97372989	416	40.68753406	-73.97265183	1
0	23	21921	416	40.68753406	-73.97265183	258	40.68940747	-73.96885458	1
0	23	11519	300	40.728145	-73.990214	151	40.7218158	-73.99720307	1
0	23	24037	368	40.73038599	-74.00214988	295	40.71406667	-73.99293911	1
0	23	10990	307	40.71427487	-73.98990025	2009	40.71117444	-73.99682619	1
0	23	57250	418	40.70224	-73.982578	395	40.68807003	-73.98410637	1
0	23	18232	435	40.74173969	-73.99415556	284	40.7390169121	-74.0026376103	1
0	23	8943	404	40.7405826	-74.00550867	462	40.74691959	-74.00451887	2
0	23	235	2002	40.716887	-73.963198	313	40.69610226	-73.96751037	1
0	23	10286	500	40.76228826	-73.98336183	453	40.74475148	-73.99915362	1
0	23	63083	457	40.76695317	-73.98169333	433	40.72955361	-73.98057249	1
0	23	16620	520	40.75992262	-73.97648516	160	40.748238	-73.978311	1
0	23	905	406	40.69512845	-73.99595065	406	40.69512845	-73.99595065	2
0	23	20659	127	40.73172428	-74.00674436	325	40.73624527	-73.98473765	1
0	23	18127	361	40.71605866	-73.99190759	284	40.7390169121	-74.0026376103	1
0	23	23897	441	40.756014	-73.967416	160	40.748238	-73.978311	1
0	23	2202	369	40.73224119	-74.00026394	375	40.72679454	-73.99695094	2
0	23	22244	480	40.76669671	-73.99061728	469	40.76344058	-73.98268129	1
0	23	71275	331	40.71173107	-73.99193043	327	40.7153379	-74.01658354	2
0	23	21264	312	40.722055	-73.989111	326	40.72953837	-73.98426726	1
0	23	21101	328	40.72405549	-74.00965965	151	40.7218158	-73.99720307	1
0	23	15230	500	40.76228826	-73.98336183	529	40.7575699	-73.99098507	1
0	23	1944	387	40.71273266	-74.0046073	147	40.71542197	-74.01121978	1
0	23	18044	348	40.72490985	-74.00154702	326	40.72953837	-73.98426726	1
0	23	947	521	40.75044999	-73.99481051	116	40.74177603	-74.00149746	1
0	23	11169	483	40.73223272	-73.98889957	433	40.72955361	-73.98057249	1
0	23	6651	389	40.71044554	-73.96525063	2002	40.716887	-73.963198	1
0	23	34845	308	40.71307916	-73.99851193	507	40.73912601	-73.97973776	1
0	23	10936	236	40.7284186	-73.98713956	446	40.74487634	-73.99529885	1
0	23	19026	453	40.74475148	-73.99915362	447	40.76370739	-73.9851615	2
0	23	19040	518	40.74780373	-73.9734419	462	40.74691959	-74.00451887	1
0	23	8628	448	40.75660359	-73.9979009	498	40.74854862	-73.98808416	1
0	23	23550	428	40.72467721	-73.98783413	331	40.71173107	-73.99193043	1
0	23	16859	336	40.73047747	-73.99906065	387	40.71273266	-74.0046073	1
0	23	2941	383	40.735238	-74.000271	383	40.735238	-74.000271	1
0	23	8363	529	40.7575699	-73.99098507	447	40.76370739	-73.9851615	1
0	23	12609	477	40.75640548	-73.9900262	375	40.72679454	-73.99695094	1
0	23	11806	540	40.74147286	-73.98320928	507	40.73912601	-73.97973776	1
0	23	20622	416	40.68753406	-73.97265183	366	40.693261	-73.968896	1
0	23	1082	505	40.74901271	-73.98848395	173	40.76064679	-73.98442659	2
0	23	7907	457	40.76695317	-73.98169333	442	40.746647	-73.993915	1
0	23	9197	512	40.7500727	-73.99839279	509	40.7454973	-74.00197139	1
0	23	41283	464	40.75934501	-73.96759673	458	40.751396	-74.005226	1
0	23	20757	380	40.73401143	-74.00293877	453	40.74475148	-73.99915362	1
0	23	11526	428	40.72467721	-73.98783413	401	40.72019576	-73.98997825	1
0	23	462	251	40.72317958	-73.99480012	439	40.7262807	-73.98978041	1
0	23	67389	380	40.73401143	-74.00293877	266	40.72368361	-73.97574813	1
0	23	21778	347	40.72873888	-74.00748842	453	40.74475148	-73.99915362	1
0	23	3570	304	40.70463334	-74.01361706	327	40.7153379	-74.01658354	1
0	23	32722	335	40.72903917	-73.99404649	531	40.71893904	-73.99266288	1
0	23	21609	404	40.7405826	-74.00550867	475	40.73524276	-73.98758561	1
0	23	23480	284	40.7390169121	-74.0026376103	507	40.73912601	-73.97973776	1
0	23	30072	453	40.74475148	-73.99915362	2010	40.72165481	-74.00234737	1
0	23	183	294	40.73049393	-73.9957214	345	40.73649403	-73.99704374	1
0	23	29622	326	40.72953837	-73.98426726	356	40.71622644	-73.98261206	1
0	23	6781	434	40.74317449	-74.00366443	285	40.73454567	-73.99074142	2
0	23	10464	284	40.7390169121	-74.0026376103	446	40.74487634	-73.99529885	1
0	23	11229	435	40.74173969	-73.99415556	325	40.73624527	-73.98473765	1
0	23	3263	347	40.72873888	-74.00748842	368	40.73038599	-74.00214988	1
0	23	16176	465	40.75513557	-73.98658032	478	40.76030096	-73.99884222	1
0	23	1720	151	40.7218158	-73.99720307	264	40.70706456	-74.00731853	1
0	23	1461	479	40.76019252	-73.9912551	173	40.76064679	-73.98442659	1
0	23	20495	317	40.72453734	-73.98185424	284	40.7390169121	-74.0026376103	2
0	23	7161	528	40.74290902	-73.97706058	472	40.7457121	-73.98194829	1
0	23	64908	320	40.71743998	-74.00583475	466	40.74395411	-73.99144871	1
0	23	49694	467	40.68312489	-73.97895137	275	40.68650065	-73.96563307	1
0	23	14461	519	40.75188406	-73.97770164	294	40.73049393	-73.9957214	1
0	23	23765	157	40.69089272	-73.99612349	324	40.689888	-73.981013	1
0	23	14561	457	40.76695317	-73.98169333	479	40.76019252	-73.9912551	1
0	23	41894	528	40.74290902	-73.97706058	356	40.71622644	-73.98261206	2
0	23	60026	439	40.7262807	-73.98978041	307	40.71427487	-73.98990025	1
0	23	45268	382	40.73492695	-73.99200509	285	40.73454567	-73.99074142	1
0	23	3953	528	40.74290902	-73.97706058	518	40.74780373	-73.9734419	1
0	23	51199	529	40.7575699	-73.99098507	441	40.756014	-73.967416	1
0	23	3936	382	40.73492695	-73.99200509	405	40.739323	-74.008119	1
0	23	16103	444	40.7423543	-73.98915076	433	40.72955361	-73.98057249	2
0	23	50627	382	40.73492695	-73.99200509	412	40.7158155	-73.99422366	2
0	23	2933	459	40.746745	-74.007756	285	40.73454567	-73.99074142	1
0	23	28249	326	40.72953837	-73.98426726	533	40.75299641	-73.98721619	1
0	23	14647	368	40.73038599	-74.00214988	345	40.73649403	-73.99704374	1
0	23	15765	404	40.7405826	-74.00550867	2021	40.75929124	-73.98859651	1
0	23	13587	488	40.75645824	-73.99372222	512	40.7500727	-73.99839279	1
0	23	6812	518	40.74780373	-73.9734419	528	40.74290902	-73.97706058	1
0	23	3415	410	40.72066442	-73.98517977	345	40.73649403	-73.99704374	1
0	23	1457	435	40.74173969	-73.99415556	357	40.73261787	-73.99158043	1
0	23	43627	454	40.75455731	-73.96592976	450	40.76227205	-73.98788205	1
0	23	28910	380	40.73401143	-74.00293877	489	40.75066386	-74.00176802	1
0	23	23645	540	40.74147286	-73.98320928	303	40.72362738	-73.99949601	1
0	23	41670	295	40.71406667	-73.99293911	340	40.71269042	-73.98776323	1
0	23	30386	336	40.73047747	-73.99906065	307	40.71427487	-73.98990025	1
0	23	69250	350	40.71559509	-73.9870295	475	40.73524276	-73.98758561	1
0	23	19688	368	40.73038599	-74.00214988	475	40.73524276	-73.98758561	1
0	23	1335	127	40.73172428	-74.00674436	151	40.7218158	-73.99720307	1
0	23	21047	384	40.68317813	-73.9659641	244	40.69196035	-73.96536851	1
0	23	62848	160	40.748238	-73.978311	280	40.73331967	-73.99510132	1
0	23	1702	426	40.71754834	-74.01322069	327	40.7153379	-74.01658354	1
0	23	53483	498	40.74854862	-73.98808416	2012	40.739445	-73.976806	1
0	23	48487	393	40.72299208	-73.97995466	415	40.7047177	-74.00926027	1
0	23	1776	528	40.74290902	-73.97706058	380	40.73401143	-74.00293877	1
0	23	31338	522	40.75714758	-73.97207836	403	40.72502876	-73.99069656	1
0	23	3462	368	40.73038599	-74.00214988	304	40.70463334	-74.01361706	1
0	23	10656	128	40.72710258	-74.00297088	462	40.74691959	-74.00451887	1
0	23	14937	497	40.73704984	-73.99009296	466	40.74395411	-73.99144871	1
0	23	15233	494	40.74734825	-73.99723551	450	40.76227205	-73.98788205	1
0	23	12124	247	40.73535398	-74.00483091	514	40.76087502	-74.00277668	1
0	23	12417	459	40.746745	-74.007756	295	40.71406667	-73.99293911	1
0	23	22442	423	40.76584941	-73.98690506	72	40.76727216	-73.99392888	1
0	23	678	433	40.72955361	-73.98057249	223	40.73781509	-73.99994661	1
0	23	102	300	40.728145	-73.990214	369	40.73224119	-74.00026394	1
0	23	756	238	40.7361967	-74.00859207	459	40.746745	-74.007756	1
0	23	115	355	40.71602118	-73.99974372	521	40.75044999	-73.99481051	1
0	23	13560	505	40.74901271	-73.98848395	253	40.73543934	-73.99453948	1
0	23	16873	515	40.76009437	-73.99461843	423	40.76584941	-73.98690506	1
0	23	11954	380	40.73401143	-74.00293877	439	40.7262807	-73.98978041	1
0	23	1097	477	40.75640548	-73.9900262	536	40.74144387	-73.97536082	1
0	23	8773	444	40.7423543	-73.98915076	345	40.73649403	-73.99704374	1
0	23	23885	448	40.75660359	-73.9979009	515	40.76009437	-73.99461843	1
0	23	45894	252	40.73226398	-73.99852205	473	40.72110063	-73.9919254	1
0	23	27721	312	40.722055	-73.989111	356	40.71622644	-73.98261206	1
0	23	27117	428	40.72467721	-73.98783413	404	40.7405826	-74.00550867	1
0	23	1741	488	40.75645824	-73.99372222	479	40.76019252	-73.9912551	2
0	23	8954	528	40.74290902	-73.97706058	2012	40.739445	-73.976806	2
0	23	24593	495	40.76269882	-73.99301222	442	40.746647	-73.993915	1
0	23	8180	357	40.73261787	-73.99158043	223	40.73781509	-73.99994661	1
0	23	23394	528	40.74290902	-73.97706058	445	40.72740794	-73.98142006	1
0	23	11392	546	40.74444921	-73.98303529	412	40.7158155	-73.99422366	1
0	23	9007	382	40.73492695	-73.99200509	300	40.728145	-73.990214	1
0	23	25906	257	40.71939226	-74.00247214	327	40.7153379	-74.01658354	1
0	23	28998	416	40.68753406	-73.97265183	262	40.69178232	-73.97372989	1
0	23	7865	463	40.74206539	-74.00443172	462	40.74691959	-74.00451887	1
0	23	2356	399	40.68851534	-73.9647628	271	40.68528172	-73.97805813	1
0	23	14852	304	40.70463334	-74.01361706	306	40.70823502	-74.00530063	1
0	23	9693	251	40.72317958	-73.99480012	402	40.7403432	-73.98955109	1
0	23	10956	490	40.751551	-73.993934	519	40.75188406	-73.97770164	1
0	23	22534	498	40.74854862	-73.98808416	528	40.74290902	-73.97706058	1
0	23	4153	335	40.72903917	-73.99404649	382	40.73492695	-73.99200509	1
0	23	29884	251	40.72317958	-73.99480012	271	40.68528172	-73.97805813	2
0	23	51919	398	40.69165183	-73.9999786	438	40.72779126	-73.98564945	1
0	23	13359	146	40.71625008	-74.0091059	488	40.75645824	-73.99372222	1
0	23	5048	403	40.72502876	-73.99069656	297	40.734232	-73.986923	1
0	23	23952	479	40.76019252	-73.9912551	380	40.73401143	-74.00293877	2
0	23	15630	346	40.73652889	-74.00618026	453	40.74475148	-73.99915362	2
0	23	11752	446	40.74487634	-73.99529885	280	40.73331967	-73.99510132	1
0	23	65207	398	40.69165183	-73.9999786	340	40.71269042	-73.98776323	2
0	23	28157	336	40.73047747	-73.99906065	388	40.749717753	-74.002950346	2
0	23	27858	297	40.734232	-73.986923	2012	40.739445	-73.976806	1
0	23	12367	459	40.746745	-74.007756	79	40.71911552	-74.00666661	1
0	23	20793	334	40.74238787	-73.99726235	223	40.73781509	-73.99994661	2
0	23	30923	455	40.75001986	-73.96905301	477	40.75640548	-73.9900262	1
0	23	26042	347	40.72873888	-74.00748842	329	40.72043411	-74.01020609	1
0	23	13691	326	40.72953837	-73.98426726	446	40.74487634	-73.99529885	1
0	23	31198	223	40.73781509	-73.99994661	428	40.72467721	-73.98783413	1
0	23	47930	151	40.7218158	-73.99720307	406	40.69512845	-73.99595065	1
0	23	24658	383	40.735238	-74.000271	223	40.73781509	-73.99994661	1
0	23	458	401	40.72019576	-73.98997825	361	40.71605866	-73.99190759	1
0	23	9849	483	40.73223272	-73.98889957	507	40.73912601	-73.97973776	1
0	23	51163	116	40.74177603	-74.00149746	284	40.7390169121	-74.0026376103	1
0	23	8081	334	40.74238787	-73.99726235	462	40.74691959	-74.00451887	1
0	23	48586	434	40.74317449	-74.00366443	439	40.7262807	-73.98978041	1
0	23	21171	434	40.74317449	-74.00366443	432	40.72621788	-73.98379855	1
0	23	8653	435	40.74173969	-73.99415556	511	40.72938685	-73.97772429	1
0	23	584	417	40.71291224	-74.01020234	327	40.7153379	-74.01658354	1
0	23	69656	346	40.73652889	-74.00618026	454	40.75455731	-73.96592976	1
0	23	12333	433	40.72955361	-73.98057249	251	40.72317958	-73.99480012	1
0	23	11868	236	40.7284186	-73.98713956	350	40.71559509	-73.9870295	1
0	23	31237	252	40.73226398	-73.99852205	433	40.72955361	-73.98057249	1
0	23	71276	418	40.70224	-73.982578	384	40.68317813	-73.9659641	1
0	23	60900	2008	40.70569254	-74.01677685	376	40.70862144	-74.00722156	1
0	23	6280	336	40.73047747	-73.99906065	382	40.73492695	-73.99200509	1
0	23	34745	365	40.68223166	-73.9614583	348	40.72490985	-74.00154702	1
0	23	31584	257	40.71939226	-74.00247214	412	40.7158155	-73.99422366	1
0	23	42783	403	40.72502876	-73.99069656	475	40.73524276	-73.98758561	1
0	23	42629	470	40.74345335	-74.00004031	516	40.75206862	-73.96784384	1
0	23	3394	382	40.73492695	-73.99200509	128	40.72710258	-74.00297088	1
0	23	10258	297	40.734232	-73.986923	228	40.7546011026	-73.971878855	1
0	23	10917	263	40.71729	-73.996375	356	40.71622644	-73.98261206	1
0	23	58981	471	40.71286844	-73.95698119	528	40.74290902	-73.97706058	1
0	23	13629	345	40.73649403	-73.99704374	470	40.74345335	-74.00004031	1
0	23	11662	285	40.73454567	-73.99074142	280	40.73331967	-73.99510132	1
0	23	49470	522	40.75714758	-73.97207836	423	40.76584941	-73.98690506	1
0	23	10336	483	40.73223272	-73.98889957	161	40.72917025	-73.99810231	1
0	23	117	447	40.76370739	-73.9851615	499	40.76915505	-73.98191841	1
0	23	26335	261	40.69474881	-73.98362464	298	40.68683208	-73.9796772	1
0	23	35012	383	40.735238	-74.000271	361	40.71605866	-73.99190759	1
0	23	47223	120	40.68676793	-73.95928168	384	40.68317813	-73.9659641	1
0	23	20440	285	40.73454567	-73.99074142	439	40.7262807	-73.98978041	1
0	23	620	151	40.7218158	-73.99720307	128	40.72710258	-74.00297088	1
0	23	23114	285	40.73454567	-73.99074142	341	40.71782143	-73.97628939	1
0	23	14556	457	40.76695317	-73.98169333	469	40.76344058	-73.98268129	1
0	23	28470	151	40.7218158	-73.99720307	435	40.74173969	-73.99415556	1
0	23	16149	358	40.73291553	-74.00711384	346	40.73652889	-74.00618026	1
0	23	10395	361	40.71605866	-73.99190759	355	40.71602118	-73.99974372	1
0	23	8643	311	40.7172274	-73.98802084	502	40.714215	-73.981346	2
0	23	45414	521	40.75044999	-73.99481051	317	40.72453734	-73.98185424	1
0	23	30943	531	40.71893904	-73.99266288	532	40.710451	-73.960876	1
0	23	8756	147	40.71542197	-74.01121978	329	40.72043411	-74.01020609	1
0	23	51407	83	40.68382604	-73.97632328	253	40.73543934	-73.99453948	1
0	23	30242	341	40.71782143	-73.97628939	307	40.71427487	-73.98990025	1
0	23	11587	495	40.76269882	-73.99301222	495	40.76269882	-73.99301222	1
0	23	61377	276	40.71748752	-74.0104554	525	40.75594159	-74.0021163	1
0	23	2885	519	40.75188406	-73.97770164	382	40.73492695	-73.99200509	1
0	23	1021	445	40.72740794	-73.98142006	293	40.73028666	-73.9907647	1
0	23	7464	435	40.74173969	-73.99415556	435	40.74173969	-73.99415556	1
0	23	51016	439	40.7262807	-73.98978041	296	40.71413089	-73.9970468	1
0	23	22992	404	40.7405826	-74.00550867	128	40.72710258	-74.00297088	1
0	23	13281	457	40.76695317	-73.98169333	449	40.76461837	-73.98789473	1
0	23	20028	404	40.7405826	-74.00550867	303	40.72362738	-73.99949601	1
0	23	31629	320	40.71743998	-74.00583475	161	40.72917025	-73.99810231	1
0	23	28799	168	40.73971301	-73.99456405	537	40.74025878	-73.98409214	1
0	23	2653	375	40.72679454	-73.99695094	497	40.73704984	-73.99009296	1
0	23	51369	453	40.74475148	-73.99915362	297	40.734232	-73.986923	1
0	23	9229	514	40.76087502	-74.00277668	495	40.76269882	-73.99301222	1
0	23	42820	116	40.74177603	-74.00149746	362	40.75172632	-73.98753523	1
0	23	63418	236	40.7284186	-73.98713956	441	40.756014	-73.967416	1
0	23	71277	404	40.7405826	-74.00550867	275	40.68650065	-73.96563307	1
0	23	21	483	40.73223272	-73.98889957	280	40.73331967	-73.99510132	1
0	23	60827	2012	40.739445	-73.976806	301	40.72217444	-73.98368779	1
0	23	12989	509	40.7454973	-74.00197139	297	40.734232	-73.986923	1
0	23	17914	513	40.768254	-73.988639	447	40.76370739	-73.9851615	1
0	23	21155	146	40.71625008	-74.0091059	276	40.71748752	-74.0104554	1
0	23	5186	537	40.74025878	-73.98409214	465	40.75513557	-73.98658032	1
0	23	19694	439	40.7262807	-73.98978041	285	40.73454567	-73.99074142	1
0	23	34924	160	40.748238	-73.978311	441	40.756014	-73.967416	1
0	23	2469	539	40.71534825	-73.96024116	460	40.71285887	-73.96590294	1
0	23	24107	433	40.72955361	-73.98057249	439	40.7262807	-73.98978041	2
0	23	1839	433	40.72955361	-73.98057249	458	40.751396	-74.005226	1
0	23	84	323	40.69236178	-73.98631746	258	40.68940747	-73.96885458	1
0	23	21740	284	40.7390169121	-74.0026376103	478	40.76030096	-73.99884222	1
0	23	37442	298	40.68683208	-73.9796772	395	40.68807003	-73.98410637	1
0	23	21426	523	40.75466591	-73.99138152	422	40.770513	-73.988038	1
0	23	346	233	40.69246277	-73.98963911	406	40.69512845	-73.99595065	1
0	23	14700	463	40.74206539	-74.00443172	327	40.7153379	-74.01658354	1
0	23	46649	298	40.68683208	-73.9796772	157	40.69089272	-73.99612349	1
0	23	64180	412	40.7158155	-73.99422366	366	40.693261	-73.968896	3
0	23	28104	459	40.746745	-74.007756	412	40.7158155	-73.99422366	1
0	23	213	280	40.73331967	-73.99510132	537	40.74025878	-73.98409214	1
0	23	9676	127	40.73172428	-74.00674436	268	40.71910537	-73.99973337	1
0	23	20058	314	40.69424674	-73.99215922	398	40.69165183	-73.9999786	1
0	23	50529	528	40.74290902	-73.97706058	446	40.74487634	-73.99529885	1
0	23	12204	458	40.751396	-74.005226	423	40.76584941	-73.98690506	1
0	23	14392	332	40.71219906	-73.97948148	332	40.71219906	-73.97948148	1
0	23	21080	332	40.71219906	-73.97948148	296	40.71413089	-73.9970468	2
0	23	6129	458	40.751396	-74.005226	435	40.74173969	-73.99415556	1
0	23	19535	546	40.74444921	-73.98303529	537	40.74025878	-73.98409214	1
0	23	469	513	40.768254	-73.988639	490	40.751551	-73.993934	1
0	23	15391	515	40.76009437	-73.99461843	448	40.75660359	-73.9979009	1
0	23	4471	446	40.74487634	-73.99529885	446	40.74487634	-73.99529885	1
0	23	34034	251	40.72317958	-73.99480012	331	40.71173107	-73.99193043	1
0	23	39398	259	40.70122128	-74.01234218	151	40.7218158	-73.99720307	1
0	23	7930	469	40.76344058	-73.98268129	474	40.7451677	-73.98683077	1
0	23	18194	492	40.75019995	-73.99093085	540	40.74147286	-73.98320928	1
0	23	18861	254	40.73532427	-73.99800419	521	40.75044999	-73.99481051	1
0	23	21440	479	40.76019252	-73.9912551	293	40.73028666	-73.9907647	1
0	23	58031	2010	40.72165481	-74.00234737	494	40.74734825	-73.99723551	1
0	23	28214	404	40.7405826	-74.00550867	72	40.76727216	-73.99392888	1
0	23	22415	152	40.71473993	-74.00910627	285	40.73454567	-73.99074142	1
0	23	32650	494	40.74734825	-73.99723551	508	40.76341379	-73.99667444	1
0	23	38160	259	40.70122128	-74.01234218	332	40.71219906	-73.97948148	1
0	23	22709	483	40.73223272	-73.98889957	223	40.73781509	-73.99994661	1
0	23	15718	466	40.74395411	-73.99144871	468	40.7652654	-73.98192338	1
0	23	22730	432	40.72621788	-73.98379855	375	40.72679454	-73.99695094	1
0	23	123	479	40.76019252	-73.9912551	450	40.76227205	-73.98788205	1
0	23	11547	382	40.73492695	-73.99200509	293	40.73028666	-73.9907647	1
0	23	42050	469	40.76344058	-73.98268129	449	40.76461837	-73.98789473	1
0	23	500	438	40.72779126	-73.98564945	505	40.74901271	-73.98848395	1
0	23	25142	247	40.73535398	-74.00483091	284	40.7390169121	-74.0026376103	1
0	23	44056	312	40.722055	-73.989111	360	40.70717936	-74.00887308	1
0	23	5319	364	40.68900443	-73.96023854	365	40.68223166	-73.9614583	1
0	23	42891	514	40.76087502	-74.00277668	474	40.7451677	-73.98683077	1
0	23	25861	507	40.73912601	-73.97973776	385	40.75797322	-73.96603308	1
0	23	13412	151	40.7218158	-73.99720307	410	40.72066442	-73.98517977	1
0	23	206	300	40.728145	-73.990214	254	40.73532427	-73.99800419	1
0	23	48514	514	40.76087502	-74.00277668	247	40.73535398	-74.00483091	1
0	23	15057	521	40.75044999	-73.99481051	470	40.74345335	-74.00004031	1
0	23	37290	423	40.76584941	-73.98690506	477	40.75640548	-73.9900262	1
0	23	8454	173	40.76064679	-73.98442659	485	40.75038009	-73.98338988	1
0	23	8279	345	40.73649403	-73.99704374	483	40.73223272	-73.98889957	1
0	23	60319	325	40.73624527	-73.98473765	516	40.75206862	-73.96784384	1
0	23	31885	537	40.74025878	-73.98409214	331	40.71173107	-73.99193043	1
0	23	27282	253	40.73543934	-73.99453948	293	40.73028666	-73.9907647	1
0	23	18545	438	40.72779126	-73.98564945	528	40.74290902	-73.97706058	1
0	23	38831	225	40.74195138	-74.00803013	450	40.76227205	-73.98788205	1
0	23	22918	307	40.71427487	-73.98990025	356	40.71622644	-73.98261206	1
0	23	7952	285	40.73454567	-73.99074142	128	40.72710258	-74.00297088	1
0	23	11591	294	40.73049393	-73.9957214	127	40.73172428	-74.00674436	1
0	23	10380	293	40.73028666	-73.9907647	438	40.72779126	-73.98564945	1
0	23	32974	412	40.7158155	-73.99422366	473	40.72110063	-73.9919254	1
0	23	43338	345	40.73649403	-73.99704374	507	40.73912601	-73.97973776	1
0	23	150	499	40.76915505	-73.98191841	528	40.74290902	-73.97706058	1
0	23	19774	458	40.751396	-74.005226	512	40.7500727	-73.99839279	1
0	23	48668	247	40.73535398	-74.00483091	479	40.76019252	-73.9912551	1
0	23	4912	382	40.73492695	-73.99200509	294	40.73049393	-73.9957214	1
0	23	27620	441	40.756014	-73.967416	318	40.75320159	-73.9779874	1
0	23	3856	347	40.72873888	-74.00748842	304	40.70463334	-74.01361706	1
0	23	23760	157	40.69089272	-73.99612349	430	40.7014851	-73.98656928	1
0	23	71278	375	40.72679454	-73.99695094	479	40.76019252	-73.9912551	1
0	23	1764	284	40.7390169121	-74.0026376103	253	40.73543934	-73.99453948	1
0	23	10725	157	40.69089272	-73.99612349	323	40.69236178	-73.98631746	1
0	23	18573	360	40.70717936	-74.00887308	301	40.72217444	-73.98368779	1
0	23	3803	128	40.72710258	-74.00297088	251	40.72317958	-73.99480012	1
0	23	56337	499	40.76915505	-73.98191841	516	40.75206862	-73.96784384	1
0	23	41580	223	40.73781509	-73.99994661	297	40.734232	-73.986923	1
0	23	32523	285	40.73454567	-73.99074142	307	40.71427487	-73.98990025	1
0	23	6167	546	40.74444921	-73.98303529	507	40.73912601	-73.97973776	1
0	23	33441	345	40.73649403	-73.99704374	247	40.73535398	-74.00483091	1
0	23	11611	355	40.71602118	-73.99974372	356	40.71622644	-73.98261206	1
0	23	57647	536	40.74144387	-73.97536082	401	40.72019576	-73.98997825	1
0	23	1962	462	40.74691959	-74.00451887	402	40.7403432	-73.98955109	1
0	23	9745	428	40.72467721	-73.98783413	336	40.73047747	-73.99906065	1
0	23	15294	228	40.7546011026	-73.971878855	458	40.751396	-74.005226	1
0	23	29982	319	40.71336124	-74.00937622	161	40.72917025	-73.99810231	1
0	23	13275	2004	40.724399	-74.004704	254	40.73532427	-73.99800419	1
0	23	20292	347	40.72873888	-74.00748842	301	40.72217444	-73.98368779	1
0	23	17584	469	40.76344058	-73.98268129	433	40.72955361	-73.98057249	1
0	23	6717	274	40.68691865	-73.976682	366	40.693261	-73.968896	1
0	23	14989	401	40.72019576	-73.98997825	312	40.722055	-73.989111	1
0	23	46542	160	40.748238	-73.978311	2012	40.739445	-73.976806	1
0	23	7610	300	40.728145	-73.990214	531	40.71893904	-73.99266288	1
0	23	32465	442	40.746647	-73.993915	433	40.72955361	-73.98057249	1
0	23	19914	442	40.746647	-73.993915	301	40.72217444	-73.98368779	1
0	23	41079	2009	40.71117444	-73.99682619	327	40.7153379	-74.01658354	1
0	23	28781	350	40.71559509	-73.9870295	356	40.71622644	-73.98261206	1
0	23	39385	224	40.71146364	-74.00552427	301	40.72217444	-73.98368779	1
0	23	17252	195	40.70905623	-74.01043382	263	40.71729	-73.996375	1
0	23	30715	151	40.7218158	-73.99720307	428	40.72467721	-73.98783413	1
0	23	5869	540	40.74147286	-73.98320928	459	40.746745	-74.007756	1
0	23	54248	223	40.73781509	-73.99994661	301	40.72217444	-73.98368779	1
0	23	5139	465	40.75513557	-73.98658032	281	40.7643971	-73.97371465	1
0	23	23317	382	40.73492695	-73.99200509	355	40.71602118	-73.99974372	1
0	23	4971	293	40.73028666	-73.9907647	285	40.73454567	-73.99074142	1
0	23	16023	477	40.75640548	-73.9900262	326	40.72953837	-73.98426726	1
0	23	9727	448	40.75660359	-73.9979009	252	40.73226398	-73.99852205	1
0	23	19047	495	40.76269882	-73.99301222	236	40.7284186	-73.98713956	1
0	23	35044	383	40.735238	-74.000271	301	40.72217444	-73.98368779	1
0	23	32475	389	40.71044554	-73.96525063	83	40.68382604	-73.97632328	1
0	23	49455	368	40.73038599	-74.00214988	536	40.74144387	-73.97536082	1
0	23	3703	448	40.75660359	-73.9979009	513	40.768254	-73.988639	1
0	23	12001	127	40.73172428	-74.00674436	383	40.735238	-74.000271	1
0	23	6586	435	40.74173969	-73.99415556	537	40.74025878	-73.98409214	1
0	23	14387	447	40.76370739	-73.9851615	477	40.75640548	-73.9900262	1
0	23	13865	459	40.746745	-74.007756	236	40.7284186	-73.98713956	1
0	23	44890	483	40.73223272	-73.98889957	512	40.7500727	-73.99839279	1
0	23	33123	237	40.73047309	-73.98672378	300	40.728145	-73.990214	1
0	23	3230	310	40.68926942	-73.98912867	391	40.69760127	-73.99344559	1
0	23	53301	237	40.73047309	-73.98672378	472	40.7457121	-73.98194829	1
0	23	40637	537	40.74025878	-73.98409214	223	40.73781509	-73.99994661	1
0	23	34981	326	40.72953837	-73.98426726	295	40.71406667	-73.99293911	1
0	23	71279	505	40.74901271	-73.98848395	384	40.68317813	-73.9659641	1
0	23	9074	428	40.72467721	-73.98783413	161	40.72917025	-73.99810231	1
0	23	41155	499	40.76915505	-73.98191841	428	40.72467721	-73.98783413	1
0	23	8082	483	40.73223272	-73.98889957	403	40.72502876	-73.99069656	1
0	23	44065	474	40.7451677	-73.98683077	440	40.75255434	-73.97282625	1
0	23	15403	519	40.75188406	-73.97770164	160	40.748238	-73.978311	1
0	23	27626	474	40.7451677	-73.98683077	528	40.74290902	-73.97706058	1
0	23	6403	305	40.76095756	-73.96724467	457	40.76695317	-73.98169333	1
0	23	71280	372	40.694528	-73.958089	467	40.68312489	-73.97895137	1
0	23	20903	252	40.73226398	-73.99852205	439	40.7262807	-73.98978041	1
0	23	40988	423	40.76584941	-73.98690506	346	40.73652889	-74.00618026	1
0	23	32054	295	40.71406667	-73.99293911	350	40.71559509	-73.9870295	1
0	23	5273	293	40.73028666	-73.9907647	294	40.73049393	-73.9957214	1
0	23	11062	383	40.735238	-74.000271	251	40.72317958	-73.99480012	1
0	23	13502	470	40.74345335	-74.00004031	495	40.76269882	-73.99301222	1
0	23	18199	294	40.73049393	-73.9957214	358	40.73291553	-74.00711384	1
0	23	31466	146	40.71625008	-74.0091059	361	40.71605866	-73.99190759	1
0	23	66325	423	40.76584941	-73.98690506	280	40.73331967	-73.99510132	1
0	23	12274	324	40.689888	-73.981013	416	40.68753406	-73.97265183	1
0	23	20456	468	40.7652654	-73.98192338	485	40.75038009	-73.98338988	1
0	23	18191	388	40.749717753	-74.002950346	293	40.73028666	-73.9907647	1
0	23	14126	336	40.73047747	-73.99906065	284	40.7390169121	-74.0026376103	1
0	23	52993	302	40.72082834	-73.97793172	266	40.72368361	-73.97574813	1
0	23	147	470	40.74345335	-74.00004031	116	40.74177603	-74.00149746	1
0	23	35786	433	40.72955361	-73.98057249	306	40.70823502	-74.00530063	2
0	23	64878	537	40.74025878	-73.98409214	266	40.72368361	-73.97574813	1
0	23	19226	303	40.72362738	-73.99949601	368	40.73038599	-74.00214988	1
0	23	11192	173	40.76064679	-73.98442659	294	40.73049393	-73.9957214	1
0	23	22832	485	40.75038009	-73.98338988	128	40.72710258	-74.00297088	1
0	23	11538	499	40.76915505	-73.98191841	515	40.76009437	-73.99461843	1
0	23	52831	439	40.7262807	-73.98978041	257	40.71939226	-74.00247214	2
0	23	9411	447	40.76370739	-73.9851615	385	40.75797322	-73.96603308	1
0	23	60	465	40.75513557	-73.98658032	537	40.74025878	-73.98409214	1
0	23	9199	466	40.74395411	-73.99144871	382	40.73492695	-73.99200509	1
0	23	13506	350	40.71559509	-73.9870295	502	40.714215	-73.981346	1
0	23	138	537	40.74025878	-73.98409214	497	40.73704984	-73.99009296	1
0	23	7575	479	40.76019252	-73.9912551	512	40.7500727	-73.99839279	1
0	23	27103	285	40.73454567	-73.99074142	127	40.73172428	-74.00674436	1
0	23	1293	262	40.69178232	-73.97372989	416	40.68753406	-73.97265183	1
0	23	46751	296	40.71413089	-73.9970468	332	40.71219906	-73.97948148	2
0	23	23326	252	40.73226398	-73.99852205	483	40.73223272	-73.98889957	1
0	23	10898	329	40.72043411	-74.01020609	257	40.71939226	-74.00247214	1
0	23	17481	529	40.7575699	-73.99098507	368	40.73038599	-74.00214988	1
0	23	8624	470	40.74345335	-74.00004031	401	40.72019576	-73.98997825	1
0	23	10472	407	40.700469	-73.991454	398	40.69165183	-73.9999786	2
0	23	44153	2010	40.72165481	-74.00234737	483	40.73223272	-73.98889957	1
0	23	1030	380	40.73401143	-74.00293877	284	40.7390169121	-74.0026376103	1
0	23	23701	348	40.72490985	-74.00154702	438	40.72779126	-73.98564945	2
0	23	21921	416	40.68753406	-73.97265183	258	40.68940747	-73.96885458	1
0	23	58828	276	40.71748752	-74.0104554	401	40.72019576	-73.98997825	1
0	23	18281	540	40.74147286	-73.98320928	301	40.72217444	-73.98368779	1
0	23	28576	284	40.7390169121	-74.0026376103	445	40.72740794	-73.98142006	1
0	23	71281	502	40.714215	-73.981346	373	40.69331716	-73.95381995	1
0	23	61529	160	40.748238	-73.978311	454	40.75455731	-73.96592976	1
0	23	66348	516	40.75206862	-73.96784384	295	40.71406667	-73.99293911	1
0	23	11893	369	40.73224119	-74.00026394	346	40.73652889	-74.00618026	1
0	23	31449	83	40.68382604	-73.97632328	244	40.69196035	-73.96536851	1
0	23	54702	157	40.69089272	-73.99612349	238	40.7361967	-74.00859207	1
0	23	12859	428	40.72467721	-73.98783413	428	40.72467721	-73.98783413	1
0	23	37605	311	40.7172274	-73.98802084	311	40.7172274	-73.98802084	1
0	23	11660	368	40.73038599	-74.00214988	521	40.75044999	-73.99481051	1
0	23	23047	507	40.73912601	-73.97973776	528	40.74290902	-73.97706058	2
0	23	37843	403	40.72502876	-73.99069656	540	40.74147286	-73.98320928	1
0	23	15527	160	40.748238	-73.978311	540	40.74147286	-73.98320928	1
0	23	41200	353	40.68539567	-73.97431458	262	40.69178232	-73.97372989	1
0	23	8321	528	40.74290902	-73.97706058	546	40.74444921	-73.98303529	1
