0	23	13201	290	40.76020258	-73.96478473	305	40.76095756	-73.96724467	2
0	23	1578	385	40.75797322	-73.96603308	305	40.76095756	-73.96724467	6
0	23	2725	284	40.7390169121	-74.0026376103	284	40.7390169121	-74.0026376103	1
0	23	1440	157	40.69089272	-73.99612349	391	40.69760127	-73.99344559	2
0	23	24872	360	40.70717936	-74.00887308	363	40.70834698	-74.01713445	1
0	23	19922	459	40.746745	-74.007756	293	40.73028666	-73.9907647	1
0	23	37626	147	40.71542197	-74.01121978	465	40.75513557	-73.98658032	1
0	23	746	480	40.76669671	-73.99061728	499	40.76915505	-73.98191841	1
0	23	31861	259	40.70122128	-74.01234218	380	40.73401143	-74.00293877	1
0	23	34496	460	40.71285887	-73.96590294	460	40.71285887	-73.96590294	1
0	23	68195	447	40.76370739	-73.9851615	339	40.72580614	-73.97422494	1
0	23	68196	385	40.75797322	-73.96603308	306	40.70823502	-74.00530063	1
0	23	15513	489	40.75066386	-74.00176802	488	40.75645824	-73.99372222	1
0	23	23294	341	40.71782143	-73.97628939	439	40.7262807	-73.98978041	2
0	23	3376	472	40.7457121	-73.98194829	360	40.70717936	-74.00887308	1
0	23	45639	351	40.70530954	-74.00612572	290	40.76020258	-73.96478473	1
0	23	52892	403	40.72502876	-73.99069656	268	40.71910537	-73.99973337	1
0	23	31328	440	40.75255434	-73.97282625	433	40.72955361	-73.98057249	1
0	23	7260	2021	40.75929124	-73.98859651	479	40.76019252	-73.9912551	1
0	23	68198	262	40.69178232	-73.97372989	545	40.736502	-73.97809472	1
0	23	20584	147	40.71542197	-74.01121978	72	40.76727216	-73.99392888	1
0	23	20423	488	40.75645824	-73.99372222	317	40.72453734	-73.98185424	1
0	23	29451	116	40.74177603	-74.00149746	428	40.72467721	-73.98783413	1
0	23	38559	532	40.710451	-73.960876	326	40.72953837	-73.98426726	1
0	23	10989	341	40.71782143	-73.97628939	341	40.71782143	-73.97628939	1
0	23	68199	463	40.74206539	-74.00443172	356	40.71622644	-73.98261206	1
0	23	22590	499	40.76915505	-73.98191841	546	40.74444921	-73.98303529	1
0	23	51573	346	40.73652889	-74.00618026	83	40.68382604	-73.97632328	1
0	23	17710	72	40.76727216	-73.99392888	405	40.739323	-74.008119	1
0	23	29318	423	40.76584941	-73.98690506	528	40.74290902	-73.97706058	1
0	23	45334	457	40.76695317	-73.98169333	463	40.74206539	-74.00443172	1
0	23	34728	511	40.72938685	-73.97772429	532	40.710451	-73.960876	1
0	23	13091	151	40.7218158	-73.99720307	2003	40.73416059	-73.98024289	2
0	23	39564	293	40.73028666	-73.9907647	446	40.74487634	-73.99529885	1
0	23	41709	483	40.73223272	-73.98889957	411	40.72228087	-73.97668709	1
0	23	1448	410	40.72066442	-73.98517977	116	40.74177603	-74.00149746	1
0	23	22321	528	40.74290902	-73.97706058	317	40.72453734	-73.98185424	1
0	23	10497	382	40.73492695	-73.99200509	237	40.73047309	-73.98672378	1
0	23	66444	83	40.68382604	-73.97632328	361	40.71605866	-73.99190759	1
0	23	52710	280	40.73331967	-73.99510132	414	40.70281858	-73.98765762	1
0	23	45672	463	40.74206539	-74.00443172	150	40.7208736	-73.98085795	3
0	23	14397	504	40.73221853	-73.98165557	454	40.75455731	-73.96592976	1
0	23	49051	254	40.73532427	-73.99800419	301	40.72217444	-73.98368779	1
0	23	21236	531	40.71893904	-73.99266288	326	40.72953837	-73.98426726	1
0	23	68200	356	40.71622644	-73.98261206	143	40.69239502	-73.99337909	1
0	23	20451	352	40.76340613	-73.97722479	127	40.73172428	-74.00674436	1
0	23	41802	310	40.68926942	-73.98912867	471	40.71286844	-73.95698119	1
0	23	68201	505	40.74901271	-73.98848395	355	40.71602118	-73.99974372	1
0	23	41537	462	40.74691959	-74.00451887	439	40.7262807	-73.98978041	1
0	23	49073	545	40.736502	-73.97809472	463	40.74206539	-74.00443172	1
0	23	54618	401	40.72019576	-73.98997825	440	40.75255434	-73.97282625	1
0	23	17889	357	40.73261787	-73.99158043	507	40.73912601	-73.97973776	1
0	23	484	355	40.71602118	-73.99974372	355	40.71602118	-73.99974372	1
0	23	67807	540	40.74147286	-73.98320928	363	40.70834698	-74.01713445	1
0	23	10801	167	40.7489006	-73.97604882	444	40.7423543	-73.98915076	1
0	23	662	477	40.75640548	-73.9900262	293	40.73028666	-73.9907647	1
0	23	16937	446	40.74487634	-73.99529885	448	40.75660359	-73.9979009	1
0	23	49002	401	40.72019576	-73.98997825	2002	40.716887	-73.963198	1
0	23	7519	361	40.71605866	-73.99190759	438	40.72779126	-73.98564945	1
0	23	59506	295	40.71406667	-73.99293911	349	40.71850211	-73.98329859	1
0	23	15376	305	40.76095756	-73.96724467	529	40.7575699	-73.99098507	1
0	23	38158	293	40.73028666	-73.9907647	167	40.7489006	-73.97604882	1
0	23	7184	297	40.734232	-73.986923	482	40.73935542	-73.99931783	1
0	23	9778	418	40.70224	-73.982578	157	40.69089272	-73.99612349	1
0	23	46720	2017	40.75022392	-73.97121414	494	40.74734825	-73.99723551	1
0	23	27680	257	40.71939226	-74.00247214	330	40.71450451	-74.00562789	1
0	23	9806	380	40.73401143	-74.00293877	146	40.71625008	-74.0091059	1
0	23	53595	403	40.72502876	-73.99069656	284	40.7390169121	-74.0026376103	1
0	23	42043	433	40.72955361	-73.98057249	311	40.7172274	-73.98802084	1
0	23	7634	471	40.71286844	-73.95698119	293	40.73028666	-73.9907647	1
0	23	48062	309	40.7149787	-74.013012	293	40.73028666	-73.9907647	1
0	23	20271	357	40.73261787	-73.99158043	446	40.74487634	-73.99529885	1
0	23	5111	72	40.76727216	-73.99392888	497	40.73704984	-73.99009296	1
0	23	43539	517	40.75149263	-73.97798848	254	40.73532427	-73.99800419	1
0	23	60377	439	40.7262807	-73.98978041	147	40.71542197	-74.01121978	1
0	23	21343	536	40.74144387	-73.97536082	375	40.72679454	-73.99695094	2
0	23	68203	520	40.75992262	-73.97648516	346	40.73652889	-74.00618026	1
0	23	8903	482	40.73935542	-73.99931783	445	40.72740794	-73.98142006	1
0	23	13515	368	40.73038599	-74.00214988	401	40.72019576	-73.98997825	1
0	23	46985	2003	40.73416059	-73.98024289	447	40.76370739	-73.9851615	1
0	23	288	128	40.72710258	-74.00297088	410	40.72066442	-73.98517977	1
0	23	23779	537	40.74025878	-73.98409214	312	40.722055	-73.989111	1
0	23	34428	368	40.73038599	-74.00214988	276	40.71748752	-74.0104554	2
0	23	15895	322	40.696192	-73.991218	414	40.70281858	-73.98765762	1
0	23	24606	311	40.7172274	-73.98802084	387	40.71273266	-74.0046073	1
0	23	50718	529	40.7575699	-73.99098507	404	40.7405826	-74.00550867	1
0	23	46007	305	40.76095756	-73.96724467	494	40.74734825	-73.99723551	1
0	23	32929	521	40.75044999	-73.99481051	483	40.73223272	-73.98889957	1
0	23	11792	457	40.76695317	-73.98169333	127	40.73172428	-74.00674436	1
0	23	9831	430	40.7014851	-73.98656928	313	40.69610226	-73.96751037	1
0	23	43275	83	40.68382604	-73.97632328	430	40.7014851	-73.98656928	1
0	23	11807	546	40.74444921	-73.98303529	368	40.73038599	-74.00214988	2
0	23	7371	426	40.71754834	-74.01322069	72	40.76727216	-73.99392888	1
0	23	50182	212	40.74334935	-74.00681753	355	40.71602118	-73.99974372	1
0	23	16782	453	40.74475148	-73.99915362	448	40.75660359	-73.9979009	1
0	23	20525	147	40.71542197	-74.01121978	308	40.71307916	-73.99851193	1
0	23	15267	237	40.73047309	-73.98672378	481	40.71260486	-73.96264403	1
0	23	2859	306	40.70823502	-74.00530063	151	40.7218158	-73.99720307	1
0	23	18350	464	40.75934501	-73.96759673	492	40.75019995	-73.99093085	1
0	23	55131	457	40.76695317	-73.98169333	263	40.71729	-73.996375	1
0	23	18393	446	40.74487634	-73.99529885	383	40.735238	-74.000271	2
0	23	23539	2012	40.739445	-73.976806	459	40.746745	-74.007756	1
0	23	29603	537	40.74025878	-73.98409214	457	40.76695317	-73.98169333	1
0	23	12077	385	40.75797322	-73.96603308	457	40.76695317	-73.98169333	1
0	23	27655	251	40.72317958	-73.99480012	382	40.73492695	-73.99200509	1
0	23	7456	463	40.74206539	-74.00443172	521	40.75044999	-73.99481051	1
0	23	25661	251	40.72317958	-73.99480012	116	40.74177603	-74.00149746	1
0	23	31264	300	40.728145	-73.990214	223	40.73781509	-73.99994661	1
0	23	15548	295	40.71406667	-73.99293911	341	40.71782143	-73.97628939	1
0	23	50440	447	40.76370739	-73.9851615	428	40.72467721	-73.98783413	1
0	23	15514	326	40.72953837	-73.98426726	546	40.74444921	-73.98303529	1
0	23	58213	480	40.76669671	-73.99061728	497	40.73704984	-73.99009296	1
0	23	19656	82	40.71117416	-74.00016545	387	40.71273266	-74.0046073	1
0	23	23493	368	40.73038599	-74.00214988	265	40.72229346	-73.99147535	1
0	23	6946	509	40.7454973	-74.00197139	280	40.73331967	-73.99510132	1
0	23	45609	265	40.72229346	-73.99147535	339	40.72580614	-73.97422494	1
0	23	7497	254	40.73532427	-73.99800419	336	40.73047747	-73.99906065	1
0	23	19244	368	40.73038599	-74.00214988	280	40.73331967	-73.99510132	1
0	23	23335	251	40.72317958	-73.99480012	368	40.73038599	-74.00214988	1
0	23	36045	237	40.73047309	-73.98672378	151	40.7218158	-73.99720307	1
0	23	41191	358	40.73291553	-74.00711384	257	40.71939226	-74.00247214	1
0	23	34342	488	40.75645824	-73.99372222	447	40.76370739	-73.9851615	1
0	23	50429	352	40.76340613	-73.97722479	432	40.72621788	-73.98379855	1
0	23	11084	290	40.76020258	-73.96478473	469	40.76344058	-73.98268129	1
0	23	15578	173	40.76064679	-73.98442659	529	40.7575699	-73.99098507	1
0	23	15523	499	40.76915505	-73.98191841	463	40.74206539	-74.00443172	1
0	23	30556	146	40.71625008	-74.0091059	308	40.71307916	-73.99851193	1
0	23	7219	301	40.72217444	-73.98368779	307	40.71427487	-73.98990025	1
0	23	45130	528	40.74290902	-73.97706058	404	40.7405826	-74.00550867	1
0	23	616	249	40.71870987	-74.0090009	329	40.72043411	-74.01020609	1
0	23	23976	369	40.73224119	-74.00026394	151	40.7218158	-73.99720307	1
0	23	6073	492	40.75019995	-73.99093085	402	40.7403432	-73.98955109	1
0	23	10474	251	40.72317958	-73.99480012	128	40.72710258	-74.00297088	1
0	23	3509	326	40.72953837	-73.98426726	497	40.73704984	-73.99009296	1
0	23	614	453	40.74475148	-73.99915362	486	40.7462009	-73.98855723	2
0	23	31521	368	40.73038599	-74.00214988	326	40.72953837	-73.98426726	1
0	23	17587	355	40.71602118	-73.99974372	502	40.714215	-73.981346	1
0	23	14483	368	40.73038599	-74.00214988	284	40.7390169121	-74.0026376103	1
0	23	28383	349	40.71850211	-73.98329859	361	40.71605866	-73.99190759	1
0	23	14140	353	40.68539567	-73.97431458	258	40.68940747	-73.96885458	1
0	23	11672	482	40.73935542	-73.99931783	405	40.739323	-74.008119	1
0	23	20918	271	40.68528172	-73.97805813	416	40.68753406	-73.97265183	2
0	23	15009	404	40.7405826	-74.00550867	237	40.73047309	-73.98672378	1
0	23	8887	161	40.72917025	-73.99810231	410	40.72066442	-73.98517977	1
0	23	30819	157	40.69089272	-73.99612349	216	40.70037867	-73.99548059	1
0	23	9164	499	40.76915505	-73.98191841	499	40.76915505	-73.98191841	2
0	23	49687	387	40.71273266	-74.0046073	414	40.70281858	-73.98765762	1
0	23	2104	546	40.74444921	-73.98303529	528	40.74290902	-73.97706058	1
0	23	14516	440	40.75255434	-73.97282625	237	40.73047309	-73.98672378	1
0	23	1006	521	40.75044999	-73.99481051	447	40.76370739	-73.9851615	1
0	23	2081	403	40.72502876	-73.99069656	426	40.71754834	-74.01322069	1
0	23	18110	417	40.71291224	-74.01020234	426	40.71754834	-74.01322069	1
0	23	14747	507	40.73912601	-73.97973776	237	40.73047309	-73.98672378	2
0	23	66354	467	40.68312489	-73.97895137	290	40.76020258	-73.96478473	1
0	23	41510	263	40.71729	-73.996375	369	40.73224119	-74.00026394	1
0	23	50532	83	40.68382604	-73.97632328	395	40.68807003	-73.98410637	1
0	23	23885	448	40.75660359	-73.9979009	515	40.76009437	-73.99461843	1
0	23	27372	475	40.73524276	-73.98758561	293	40.73028666	-73.9907647	1
0	23	16591	2021	40.75929124	-73.98859651	362	40.75172632	-73.98753523	1
0	23	16425	504	40.73221853	-73.98165557	401	40.72019576	-73.98997825	1
0	23	21112	318	40.75320159	-73.9779874	508	40.76341379	-73.99667444	1
0	23	7962	446	40.74487634	-73.99529885	463	40.74206539	-74.00443172	2
0	23	68204	143	40.69239502	-73.99337909	251	40.72317958	-73.99480012	1
0	23	3629	470	40.74345335	-74.00004031	477	40.75640548	-73.9900262	1
0	23	9473	127	40.73172428	-74.00674436	127	40.73172428	-74.00674436	1
0	23	18710	380	40.73401143	-74.00293877	280	40.73331967	-73.99510132	1
0	23	14903	144	40.69839895	-73.98068914	271	40.68528172	-73.97805813	1
0	23	67330	295	40.71406667	-73.99293911	421	40.69573398	-73.97129668	1
0	23	34772	412	40.7158155	-73.99422366	242	40.69788349	-73.97350332	2
0	23	57575	359	40.75510267	-73.97498696	380	40.73401143	-74.00293877	1
0	23	20137	410	40.72066442	-73.98517977	432	40.72621788	-73.98379855	1
0	23	40174	369	40.73224119	-74.00026394	509	40.7454973	-74.00197139	1
0	23	2297	463	40.74206539	-74.00443172	472	40.7457121	-73.98194829	1
0	23	46692	357	40.73261787	-73.99158043	515	40.76009437	-73.99461843	1
0	23	53497	295	40.71406667	-73.99293911	386	40.71494807	-74.00234482	1
0	23	34292	438	40.72779126	-73.98564945	174	40.7381765	-73.97738662	1
0	23	16886	225	40.74195138	-74.00803013	363	40.70834698	-74.01713445	1
0	23	14299	216	40.70037867	-73.99548059	233	40.69246277	-73.98963911	1
0	23	53858	482	40.73935542	-73.99931783	514	40.76087502	-74.00277668	1
0	23	30847	344	40.6851443	-73.95380904	344	40.6851443	-73.95380904	1
0	23	19309	453	40.74475148	-73.99915362	435	40.74173969	-73.99415556	1
0	23	12059	439	40.7262807	-73.98978041	161	40.72917025	-73.99810231	1
0	23	25015	489	40.75066386	-74.00176802	358	40.73291553	-74.00711384	1
0	23	32304	538	40.75795248	-73.97787642	521	40.75044999	-73.99481051	1
0	23	44279	437	40.6809833854	-73.9500479759	384	40.68317813	-73.9659641	1
0	23	210	358	40.73291553	-74.00711384	284	40.7390169121	-74.0026376103	1
0	23	39814	147	40.71542197	-74.01121978	531	40.71893904	-73.99266288	1
0	23	28367	265	40.72229346	-73.99147535	257	40.71939226	-74.00247214	1
0	23	31976	237	40.73047309	-73.98672378	265	40.72229346	-73.99147535	1
0	23	9477	268	40.71910537	-73.99973337	285	40.73454567	-73.99074142	1
0	23	36857	386	40.71494807	-74.00234482	311	40.7172274	-73.98802084	1
0	23	23047	507	40.73912601	-73.97973776	528	40.74290902	-73.97706058	1
0	23	34845	308	40.71307916	-73.99851193	507	40.73912601	-73.97973776	1
0	23	52622	410	40.72066442	-73.98517977	328	40.72405549	-74.00965965	1
0	23	9886	348	40.72490985	-74.00154702	146	40.71625008	-74.0091059	2
0	23	11438	445	40.72740794	-73.98142006	473	40.72110063	-73.9919254	1
0	23	10336	483	40.73223272	-73.98889957	161	40.72917025	-73.99810231	1
0	23	61393	509	40.7454973	-74.00197139	150	40.7208736	-73.98085795	1
0	23	5068	382	40.73492695	-73.99200509	284	40.7390169121	-74.0026376103	1
0	23	9356	223	40.73781509	-73.99994661	404	40.7405826	-74.00550867	1
0	23	23268	253	40.73543934	-73.99453948	358	40.73291553	-74.00711384	1
0	23	47079	445	40.72740794	-73.98142006	507	40.73912601	-73.97973776	1
0	23	7449	320	40.71743998	-74.00583475	376	40.70862144	-74.00722156	1
0	23	35197	482	40.73935542	-73.99931783	485	40.75038009	-73.98338988	1
0	23	1697	497	40.73704984	-73.99009296	297	40.734232	-73.986923	1
0	23	17753	353	40.68539567	-73.97431458	244	40.69196035	-73.96536851	1
0	23	16419	315	40.70355377	-74.00670227	507	40.73912601	-73.97973776	1
0	23	59658	522	40.75714758	-73.97207836	312	40.722055	-73.989111	1
0	23	33029	223	40.73781509	-73.99994661	439	40.7262807	-73.98978041	1
0	23	19915	345	40.73649403	-73.99704374	432	40.72621788	-73.98379855	1
0	23	8991	147	40.71542197	-74.01121978	363	40.70834698	-74.01713445	1
0	23	13970	482	40.73935542	-73.99931783	520	40.75992262	-73.97648516	1
0	23	59159	253	40.73543934	-73.99453948	493	40.7568001	-73.98291153	1
0	23	18121	517	40.75149263	-73.97798848	423	40.76584941	-73.98690506	1
0	23	52675	229	40.72743423	-73.99379025	460	40.71285887	-73.96590294	1
0	23	68205	481	40.71260486	-73.96264403	421	40.69573398	-73.97129668	1
0	23	32412	472	40.7457121	-73.98194829	317	40.72453734	-73.98185424	1
0	23	23661	499	40.76915505	-73.98191841	423	40.76584941	-73.98690506	1
0	23	12406	459	40.746745	-74.007756	509	40.7454973	-74.00197139	1
0	23	68206	398	40.69165183	-73.9999786	409	40.6906495	-73.95643107	1
0	23	15282	512	40.7500727	-73.99839279	453	40.74475148	-73.99915362	2
0	23	25746	127	40.73172428	-74.00674436	320	40.71743998	-74.00583475	1
0	23	24633	518	40.74780373	-73.9734419	488	40.75645824	-73.99372222	1
0	23	2782	497	40.73704984	-73.99009296	223	40.73781509	-73.99994661	1
0	23	54298	505	40.74901271	-73.98848395	311	40.7172274	-73.98802084	1
0	23	17228	391	40.69760127	-73.99344559	406	40.69512845	-73.99595065	1
0	23	22354	492	40.75019995	-73.99093085	482	40.73935542	-73.99931783	1
0	23	28538	151	40.7218158	-73.99720307	402	40.7403432	-73.98955109	1
0	23	33090	2003	40.73416059	-73.98024289	336	40.73047747	-73.99906065	1
0	23	13468	316	40.70955958	-74.00653609	320	40.71743998	-74.00583475	1
0	23	68207	423	40.76584941	-73.98690506	349	40.71850211	-73.98329859	1
0	23	7272	285	40.73454567	-73.99074142	284	40.7390169121	-74.0026376103	1
0	23	13042	336	40.73047747	-73.99906065	357	40.73261787	-73.99158043	1
0	23	2781	352	40.76340613	-73.97722479	465	40.75513557	-73.98658032	1
0	23	4747	446	40.74487634	-73.99529885	482	40.73935542	-73.99931783	1
0	23	4937	72	40.76727216	-73.99392888	448	40.75660359	-73.9979009	1
0	23	411	293	40.73028666	-73.9907647	537	40.74025878	-73.98409214	1
0	23	4422	432	40.72621788	-73.98379855	545	40.736502	-73.97809472	1
0	23	3227	401	40.72019576	-73.98997825	435	40.74173969	-73.99415556	1
0	23	60735	526	40.74765947	-73.98490707	361	40.71605866	-73.99190759	1
0	23	21149	297	40.734232	-73.986923	492	40.75019995	-73.99093085	1
0	23	11898	383	40.735238	-74.000271	494	40.74734825	-73.99723551	1
0	23	350	401	40.72019576	-73.98997825	433	40.72955361	-73.98057249	1
0	23	45503	284	40.7390169121	-74.0026376103	320	40.71743998	-74.00583475	1
0	23	49919	238	40.7361967	-74.00859207	312	40.722055	-73.989111	1
0	23	28708	439	40.7262807	-73.98978041	336	40.73047747	-73.99906065	1
0	23	35743	431	40.68864636	-73.98263429	416	40.68753406	-73.97265183	1
0	23	50356	380	40.73401143	-74.00293877	507	40.73912601	-73.97973776	2
0	23	8628	448	40.75660359	-73.9979009	498	40.74854862	-73.98808416	1
0	23	46721	345	40.73649403	-73.99704374	326	40.72953837	-73.98426726	1
0	23	54606	147	40.71542197	-74.01121978	534	40.70255065	-74.0127234	1
0	23	60276	317	40.72453734	-73.98185424	389	40.71044554	-73.96525063	1
0	23	6039	271	40.68528172	-73.97805813	217	40.70277159	-73.99383605	2
0	23	1200	490	40.751551	-73.993934	447	40.76370739	-73.9851615	1
0	23	15716	546	40.74444921	-73.98303529	514	40.76087502	-74.00277668	1
0	23	1094	317	40.72453734	-73.98185424	293	40.73028666	-73.9907647	2
0	23	203	447	40.76370739	-73.9851615	236	40.7284186	-73.98713956	1
0	23	56644	328	40.72405549	-74.00965965	545	40.736502	-73.97809472	2
0	23	22939	546	40.74444921	-73.98303529	546	40.74444921	-73.98303529	1
0	23	46308	499	40.76915505	-73.98191841	522	40.75714758	-73.97207836	2
0	23	2728	519	40.75188406	-73.97770164	167	40.7489006	-73.97604882	1
0	23	33805	475	40.73524276	-73.98758561	325	40.73624527	-73.98473765	1
0	23	55970	83	40.68382604	-73.97632328	392	40.695065	-73.987167	1
0	23	21785	463	40.74206539	-74.00443172	326	40.72953837	-73.98426726	1
0	23	947	521	40.75044999	-73.99481051	116	40.74177603	-74.00149746	2
0	23	42408	448	40.75660359	-73.9979009	128	40.72710258	-74.00297088	1
0	23	19736	463	40.74206539	-74.00443172	512	40.7500727	-73.99839279	1
0	23	19229	252	40.73226398	-73.99852205	345	40.73649403	-73.99704374	1
0	23	14689	457	40.76695317	-73.98169333	2023	40.75968085	-73.97031366	1
0	23	41121	223	40.73781509	-73.99994661	490	40.751551	-73.993934	1
0	23	12004	540	40.74147286	-73.98320928	469	40.76344058	-73.98268129	1
0	23	66176	377	40.72243797	-74.00566443	317	40.72453734	-73.98185424	1
0	23	6846	537	40.74025878	-73.98409214	546	40.74444921	-73.98303529	1
0	23	31244	224	40.71146364	-74.00552427	311	40.7172274	-73.98802084	1
0	23	33911	470	40.74345335	-74.00004031	508	40.76341379	-73.99667444	1
0	23	17997	357	40.73261787	-73.99158043	325	40.73624527	-73.98473765	1
0	23	8756	147	40.71542197	-74.01121978	329	40.72043411	-74.01020609	1
0	23	17462	263	40.71729	-73.996375	383	40.735238	-74.000271	1
0	23	24543	433	40.72955361	-73.98057249	537	40.74025878	-73.98409214	1
0	23	12808	324	40.689888	-73.981013	366	40.693261	-73.968896	3
0	23	31766	2022	40.75849116	-73.95920622	433	40.72955361	-73.98057249	1
0	23	23286	368	40.73038599	-74.00214988	361	40.71605866	-73.99190759	1
0	23	55920	228	40.7546011026	-73.971878855	462	40.74691959	-74.00451887	1
0	23	32760	507	40.73912601	-73.97973776	72	40.76727216	-73.99392888	1
0	23	7205	528	40.74290902	-73.97706058	507	40.73912601	-73.97973776	1
0	23	20313	513	40.768254	-73.988639	441	40.756014	-73.967416	1
0	23	1340	529	40.7575699	-73.99098507	536	40.74144387	-73.97536082	1
0	23	1664	301	40.72217444	-73.98368779	223	40.73781509	-73.99994661	1
0	23	21763	388	40.749717753	-74.002950346	482	40.73935542	-73.99931783	1
0	23	65650	412	40.7158155	-73.99422366	328	40.72405549	-74.00965965	1
0	23	19152	293	40.73028666	-73.9907647	529	40.7575699	-73.99098507	1
0	23	2099	463	40.74206539	-74.00443172	329	40.72043411	-74.01020609	1
0	23	15524	167	40.7489006	-73.97604882	507	40.73912601	-73.97973776	1
0	23	62086	362	40.75172632	-73.98753523	428	40.72467721	-73.98783413	1
0	23	17735	519	40.75188406	-73.97770164	385	40.75797322	-73.96603308	1
0	23	67373	479	40.76019252	-73.9912551	2023	40.75968085	-73.97031366	1
0	23	35244	536	40.74144387	-73.97536082	2012	40.739445	-73.976806	1
0	23	54595	369	40.73224119	-74.00026394	280	40.73331967	-73.99510132	2
0	23	41038	368	40.73038599	-74.00214988	453	40.74475148	-73.99915362	1
0	23	40059	462	40.74691959	-74.00451887	445	40.72740794	-73.98142006	2
0	23	15441	446	40.74487634	-73.99529885	380	40.73401143	-74.00293877	1
0	23	50778	517	40.75149263	-73.97798848	445	40.72740794	-73.98142006	1
0	23	10313	293	40.73028666	-73.9907647	375	40.72679454	-73.99695094	1
0	23	1939	72	40.76727216	-73.99392888	520	40.75992262	-73.97648516	1
0	23	10632	497	40.73704984	-73.99009296	312	40.722055	-73.989111	1
0	23	5226	404	40.7405826	-74.00550867	248	40.72185379	-74.00771779	1
0	23	20593	325	40.73624527	-73.98473765	237	40.73047309	-73.98672378	2
0	23	68208	348	40.72490985	-74.00154702	391	40.69760127	-73.99344559	1
0	23	19924	375	40.72679454	-73.99695094	151	40.7218158	-73.99720307	1
0	23	24238	376	40.70862144	-74.00722156	260	40.70365182	-74.01167797	1
0	23	50608	320	40.71743998	-74.00583475	401	40.72019576	-73.98997825	1
0	23	19119	494	40.74734825	-73.99723551	509	40.7454973	-74.00197139	1
0	23	20580	391	40.69760127	-73.99344559	253	40.73543934	-73.99453948	1
0	23	22397	229	40.72743423	-73.99379025	428	40.72467721	-73.98783413	1
0	23	18415	79	40.71911552	-74.00666661	432	40.72621788	-73.98379855	1
0	23	19796	252	40.73226398	-73.99852205	405	40.739323	-74.008119	1
0	23	23995	459	40.746745	-74.007756	433	40.72955361	-73.98057249	1
0	23	3625	294	40.73049393	-73.9957214	382	40.73492695	-73.99200509	1
0	23	14472	271	40.68528172	-73.97805813	373	40.69331716	-73.95381995	1
0	23	7579	494	40.74734825	-73.99723551	489	40.75066386	-74.00176802	1
0	23	11345	492	40.75019995	-73.99093085	488	40.75645824	-73.99372222	1
0	23	18380	444	40.7423543	-73.98915076	383	40.735238	-74.000271	1
0	23	24138	297	40.734232	-73.986923	297	40.734232	-73.986923	1
0	23	13473	320	40.71743998	-74.00583475	382	40.73492695	-73.99200509	1
0	23	18172	300	40.728145	-73.990214	401	40.72019576	-73.98997825	1
0	23	11625	382	40.73492695	-73.99200509	369	40.73224119	-74.00026394	1
0	23	34565	447	40.76370739	-73.9851615	467	40.68312489	-73.97895137	1
0	23	38000	513	40.768254	-73.988639	385	40.75797322	-73.96603308	1
0	23	22181	521	40.75044999	-73.99481051	453	40.74475148	-73.99915362	2
0	23	21685	358	40.73291553	-74.00711384	422	40.770513	-73.988038	1
0	23	25991	505	40.74901271	-73.98848395	536	40.74144387	-73.97536082	1
0	23	33014	501	40.744219	-73.97121214	237	40.73047309	-73.98672378	1
0	23	28431	401	40.72019576	-73.98997825	536	40.74144387	-73.97536082	1
0	23	16832	528	40.74290902	-73.97706058	403	40.72502876	-73.99069656	1
0	23	32480	434	40.74317449	-74.00366443	433	40.72955361	-73.98057249	1
0	23	35159	346	40.73652889	-74.00618026	229	40.72743423	-73.99379025	1
0	23	49496	453	40.74475148	-73.99915362	296	40.71413089	-73.9970468	1
0	23	33416	528	40.74290902	-73.97706058	537	40.74025878	-73.98409214	2
0	23	40319	325	40.73624527	-73.98473765	454	40.75455731	-73.96592976	1
0	23	33314	492	40.75019995	-73.99093085	528	40.74290902	-73.97706058	1
0	23	18619	459	40.746745	-74.007756	325	40.73624527	-73.98473765	1
0	23	29191	509	40.7454973	-74.00197139	447	40.76370739	-73.9851615	1
0	23	13242	380	40.73401143	-74.00293877	116	40.74177603	-74.00149746	1
0	23	10160	348	40.72490985	-74.00154702	265	40.72229346	-73.99147535	1
0	23	9753	238	40.7361967	-74.00859207	518	40.74780373	-73.9734419	1
0	23	13699	237	40.73047309	-73.98672378	383	40.735238	-74.000271	1
0	23	583	528	40.74290902	-73.97706058	164	40.75323098	-73.97032517	2
0	23	12151	306	40.70823502	-74.00530063	293	40.73028666	-73.9907647	1
0	23	23697	483	40.73223272	-73.98889957	293	40.73028666	-73.9907647	1
0	23	14852	304	40.70463334	-74.01361706	306	40.70823502	-74.00530063	1
0	23	14647	368	40.73038599	-74.00214988	345	40.73649403	-73.99704374	1
0	23	12174	128	40.72710258	-74.00297088	268	40.71910537	-73.99973337	1
0	23	35501	420	40.68764484	-73.96968902	391	40.69760127	-73.99344559	1
0	23	68209	296	40.71413089	-73.9970468	421	40.69573398	-73.97129668	2
0	23	4386	432	40.72621788	-73.98379855	300	40.728145	-73.990214	1
0	23	3271	345	40.73649403	-73.99704374	238	40.7361967	-74.00859207	1
0	23	5449	383	40.735238	-74.000271	405	40.739323	-74.008119	1
0	23	22925	336	40.73047747	-73.99906065	236	40.7284186	-73.98713956	1
0	23	458	401	40.72019576	-73.98997825	361	40.71605866	-73.99190759	1
0	23	4088	507	40.73912601	-73.97973776	440	40.75255434	-73.97282625	1
0	23	10832	320	40.71743998	-74.00583475	329	40.72043411	-74.01020609	2
0	23	22714	359	40.75510267	-73.97498696	251	40.72317958	-73.99480012	1
0	23	3105	328	40.72405549	-74.00965965	426	40.71754834	-74.01322069	1
0	23	38763	469	40.76344058	-73.98268129	477	40.75640548	-73.9900262	1
0	23	9975	355	40.71602118	-73.99974372	264	40.70706456	-74.00731853	1
0	23	55925	237	40.73047309	-73.98672378	295	40.71406667	-73.99293911	1
0	23	28998	416	40.68753406	-73.97265183	262	40.69178232	-73.97372989	2
0	23	8351	486	40.7462009	-73.98855723	382	40.73492695	-73.99200509	1
0	23	36194	387	40.71273266	-74.0046073	2004	40.724399	-74.004704	1
0	23	45486	355	40.71602118	-73.99974372	475	40.73524276	-73.98758561	1
0	23	31581	249	40.71870987	-74.0090009	363	40.70834698	-74.01713445	1
0	23	28350	402	40.7403432	-73.98955109	168	40.73971301	-73.99456405	1
0	23	34762	161	40.72917025	-73.99810231	466	40.74395411	-73.99144871	1
0	23	31804	422	40.770513	-73.988038	537	40.74025878	-73.98409214	1
0	23	841	323	40.69236178	-73.98631746	253	40.73543934	-73.99453948	1
0	23	65179	528	40.74290902	-73.97706058	515	40.76009437	-73.99461843	1
0	23	17186	238	40.7361967	-74.00859207	375	40.72679454	-73.99695094	1
0	23	3818	116	40.74177603	-74.00149746	380	40.73401143	-74.00293877	1
0	23	39991	151	40.7218158	-73.99720307	502	40.714215	-73.981346	1
0	23	53592	326	40.72953837	-73.98426726	224	40.71146364	-74.00552427	1
0	23	1837	294	40.73049393	-73.9957214	284	40.7390169121	-74.0026376103	1
0	23	57671	483	40.73223272	-73.98889957	464	40.75934501	-73.96759673	1
0	23	21576	150	40.7208736	-73.98085795	473	40.72110063	-73.9919254	1
0	23	38699	392	40.695065	-73.987167	417	40.71291224	-74.01020234	1
0	23	68210	120	40.68676793	-73.95928168	504	40.73221853	-73.98165557	1
0	23	24933	445	40.72740794	-73.98142006	160	40.748238	-73.978311	1
0	23	1342	453	40.74475148	-73.99915362	462	40.74691959	-74.00451887	1
0	23	44022	465	40.75513557	-73.98658032	483	40.73223272	-73.98889957	1
0	23	16934	369	40.73224119	-74.00026394	432	40.72621788	-73.98379855	1
0	23	4850	347	40.72873888	-74.00748842	482	40.73935542	-73.99931783	1
0	23	8326	475	40.73524276	-73.98758561	475	40.73524276	-73.98758561	1
0	23	21697	151	40.7218158	-73.99720307	127	40.73172428	-74.00674436	1
0	23	6579	285	40.73454567	-73.99074142	540	40.74147286	-73.98320928	1
0	23	29726	428	40.72467721	-73.98783413	368	40.73038599	-74.00214988	1
0	23	31357	312	40.722055	-73.989111	368	40.73038599	-74.00214988	1
0	23	18581	128	40.72710258	-74.00297088	514	40.76087502	-74.00277668	1
0	23	54695	392	40.695065	-73.987167	363	40.70834698	-74.01713445	1
0	23	19708	447	40.76370739	-73.9851615	488	40.75645824	-73.99372222	2
0	23	1496	508	40.76341379	-73.99667444	426	40.71754834	-74.01322069	1
0	23	55565	72	40.76727216	-73.99392888	251	40.72317958	-73.99480012	1
0	23	23522	366	40.693261	-73.968896	365	40.68223166	-73.9614583	1
0	23	20941	435	40.74173969	-73.99415556	470	40.74345335	-74.00004031	1
0	23	43032	225	40.74195138	-74.00803013	513	40.768254	-73.988639	1
0	23	17741	521	40.75044999	-73.99481051	358	40.73291553	-74.00711384	1
0	23	68211	247	40.73535398	-74.00483091	150	40.7208736	-73.98085795	1
0	23	64865	518	40.74780373	-73.9734419	223	40.73781509	-73.99994661	1
0	23	66355	320	40.71743998	-74.00583475	271	40.68528172	-73.97805813	1
0	23	10305	493	40.7568001	-73.98291153	367	40.75828065	-73.97069431	1
0	23	8238	472	40.7457121	-73.98194829	284	40.7390169121	-74.0026376103	1
0	23	49035	525	40.75594159	-74.0021163	479	40.76019252	-73.9912551	1
0	23	12988	276	40.71748752	-74.0104554	368	40.73038599	-74.00214988	2
0	23	12521	347	40.72873888	-74.00748842	470	40.74345335	-74.00004031	1
0	23	21744	537	40.74025878	-73.98409214	325	40.73624527	-73.98473765	1
0	23	4251	127	40.73172428	-74.00674436	257	40.71939226	-74.00247214	1
0	23	33439	348	40.72490985	-74.00154702	458	40.751396	-74.005226	1
0	23	5337	127	40.73172428	-74.00674436	238	40.7361967	-74.00859207	1
0	23	621	499	40.76915505	-73.98191841	305	40.76095756	-73.96724467	1
0	23	10755	225	40.74195138	-74.00803013	459	40.746745	-74.007756	1
0	23	20485	492	40.75019995	-73.99093085	499	40.76915505	-73.98191841	1
0	23	24788	545	40.736502	-73.97809472	2012	40.739445	-73.976806	1
0	23	55066	2012	40.739445	-73.976806	72	40.76727216	-73.99392888	1
0	23	4230	167	40.7489006	-73.97604882	540	40.74147286	-73.98320928	1
0	23	3570	304	40.70463334	-74.01361706	327	40.7153379	-74.01658354	1
0	23	933	545	40.736502	-73.97809472	518	40.74780373	-73.9734419	1
0	23	22476	284	40.7390169121	-74.0026376103	238	40.7361967	-74.00859207	1
0	23	13316	453	40.74475148	-73.99915362	546	40.74444921	-73.98303529	1
0	23	33226	433	40.72955361	-73.98057249	325	40.73624527	-73.98473765	1
0	23	25051	161	40.72917025	-73.99810231	223	40.73781509	-73.99994661	1
0	23	37731	432	40.72621788	-73.98379855	446	40.74487634	-73.99529885	1
0	23	3000	375	40.72679454	-73.99695094	415	40.7047177	-74.00926027	1
0	23	42542	483	40.73223272	-73.98889957	453	40.74475148	-73.99915362	1
0	23	53486	325	40.73624527	-73.98473765	456	40.7597108	-73.97402311	1
0	23	23470	483	40.73223272	-73.98889957	482	40.73935542	-73.99931783	1
0	23	68212	449	40.76461837	-73.98789473	264	40.70706456	-74.00731853	1
0	23	20775	325	40.73624527	-73.98473765	263	40.71729	-73.996375	1
0	23	22601	434	40.74317449	-74.00366443	504	40.73221853	-73.98165557	1
0	23	46583	434	40.74317449	-74.00366443	152	40.71473993	-74.00910627	1
0	23	557	380	40.73401143	-74.00293877	229	40.72743423	-73.99379025	1
0	23	65964	395	40.68807003	-73.98410637	431	40.68864636	-73.98263429	1
0	23	23881	392	40.695065	-73.987167	412	40.7158155	-73.99422366	2
0	23	6317	116	40.74177603	-74.00149746	474	40.7451677	-73.98683077	1
0	23	30661	116	40.74177603	-74.00149746	280	40.73331967	-73.99510132	1
0	23	9700	348	40.72490985	-74.00154702	329	40.72043411	-74.01020609	1
0	23	68213	445	40.72740794	-73.98142006	225	40.74195138	-74.00803013	1
0	23	61601	223	40.73781509	-73.99994661	545	40.736502	-73.97809472	1
0	23	56867	267	40.75097711	-73.98765428	494	40.74734825	-73.99723551	1
0	23	13407	271	40.68528172	-73.97805813	258	40.68940747	-73.96885458	1
0	23	22429	475	40.73524276	-73.98758561	473	40.72110063	-73.9919254	1
0	23	12295	519	40.75188406	-73.97770164	507	40.73912601	-73.97973776	1
0	23	16363	386	40.71494807	-74.00234482	2010	40.72165481	-74.00234737	1
0	23	14979	537	40.74025878	-73.98409214	501	40.744219	-73.97121214	1
0	23	20915	254	40.73532427	-73.99800419	325	40.73624527	-73.98473765	1
0	23	39686	545	40.736502	-73.97809472	285	40.73454567	-73.99074142	2
0	23	23297	479	40.76019252	-73.9912551	462	40.74691959	-74.00451887	1
0	23	40261	475	40.73524276	-73.98758561	455	40.75001986	-73.96905301	1
0	23	16181	522	40.75714758	-73.97207836	490	40.751551	-73.993934	1
0	23	12056	416	40.68753406	-73.97265183	373	40.69331716	-73.95381995	1
0	23	48447	309	40.7149787	-74.013012	404	40.7405826	-74.00550867	1
0	23	3656	483	40.73223272	-73.98889957	519	40.75188406	-73.97770164	1
0	23	24115	334	40.74238787	-73.99726235	236	40.7284186	-73.98713956	1
0	23	6179	432	40.72621788	-73.98379855	540	40.74147286	-73.98320928	1
0	23	33313	457	40.76695317	-73.98169333	514	40.76087502	-74.00277668	1
0	23	361	164	40.75323098	-73.97032517	498	40.74854862	-73.98808416	1
0	23	48428	408	40.71076228	-73.99400398	363	40.70834698	-74.01713445	2
0	23	45638	473	40.72110063	-73.9919254	504	40.73221853	-73.98165557	1
0	23	51869	433	40.72955361	-73.98057249	82	40.71117416	-74.00016545	1
0	23	9317	127	40.73172428	-74.00674436	293	40.73028666	-73.9907647	1
0	23	47037	439	40.7262807	-73.98978041	361	40.71605866	-73.99190759	1
0	23	53	317	40.72453734	-73.98185424	537	40.74025878	-73.98409214	1
0	23	17896	367	40.75828065	-73.97069431	469	40.76344058	-73.98268129	1
0	23	20433	480	40.76669671	-73.99061728	440	40.75255434	-73.97282625	1
0	23	23765	157	40.69089272	-73.99612349	324	40.689888	-73.981013	1
0	23	9993	499	40.76915505	-73.98191841	490	40.751551	-73.993934	1
0	23	22672	334	40.74238787	-73.99726235	128	40.72710258	-74.00297088	1
0	23	41836	236	40.7284186	-73.98713956	307	40.71427487	-73.98990025	1
0	23	21302	146	40.71625008	-74.0091059	249	40.71870987	-74.0090009	1
0	23	11228	494	40.74734825	-73.99723551	488	40.75645824	-73.99372222	1
0	23	9522	494	40.74734825	-73.99723551	447	40.76370739	-73.9851615	1
0	23	33631	325	40.73624527	-73.98473765	453	40.74475148	-73.99915362	1
0	23	10121	326	40.72953837	-73.98426726	284	40.7390169121	-74.0026376103	1
0	23	33818	432	40.72621788	-73.98379855	472	40.7457121	-73.98194829	1
0	23	9413	537	40.74025878	-73.98409214	472	40.7457121	-73.98194829	1
0	23	41207	475	40.73524276	-73.98758561	349	40.71850211	-73.98329859	1
0	23	4834	486	40.7462009	-73.98855723	540	40.74147286	-73.98320928	1
0	23	2238	497	40.73704984	-73.99009296	537	40.74025878	-73.98409214	1
0	23	7588	361	40.71605866	-73.99190759	128	40.72710258	-74.00297088	1
0	23	37021	257	40.71939226	-74.00247214	263	40.71729	-73.996375	1
0	23	12595	293	40.73028666	-73.9907647	251	40.72317958	-73.99480012	1
0	23	953	472	40.7457121	-73.98194829	536	40.74144387	-73.97536082	1
0	23	2342	477	40.75640548	-73.9900262	447	40.76370739	-73.9851615	1
0	23	6828	509	40.7454973	-74.00197139	254	40.73532427	-73.99800419	1
0	23	52090	312	40.722055	-73.989111	320	40.71743998	-74.00583475	1
0	23	40588	2017	40.75022392	-73.97121414	280	40.73331967	-73.99510132	1
0	23	5413	420	40.68764484	-73.96968902	421	40.69573398	-73.97129668	1
0	23	31513	348	40.72490985	-74.00154702	428	40.72467721	-73.98783413	1
0	23	67335	263	40.71729	-73.996375	260	40.70365182	-74.01167797	1
0	23	28092	280	40.73331967	-73.99510132	128	40.72710258	-74.00297088	1
0	23	27173	492	40.75019995	-73.99093085	523	40.75466591	-73.99138152	1
0	23	12324	459	40.746745	-74.007756	280	40.73331967	-73.99510132	1
0	23	15667	494	40.74734825	-73.99723551	521	40.75044999	-73.99481051	1
0	23	21229	512	40.7500727	-73.99839279	477	40.75640548	-73.9900262	1
0	23	12422	498	40.74854862	-73.98808416	540	40.74147286	-73.98320928	1
0	23	1473	380	40.73401143	-74.00293877	382	40.73492695	-73.99200509	1
0	23	19453	507	40.73912601	-73.97973776	504	40.73221853	-73.98165557	1
0	23	68214	357	40.73261787	-73.99158043	157	40.69089272	-73.99612349	1
0	23	11284	293	40.73028666	-73.9907647	325	40.73624527	-73.98473765	1
0	23	63298	320	40.71743998	-74.00583475	528	40.74290902	-73.97706058	1
0	23	18556	533	40.75299641	-73.98721619	450	40.76227205	-73.98788205	1
0	23	62648	348	40.72490985	-74.00154702	508	40.76341379	-73.99667444	1
0	23	29884	251	40.72317958	-73.99480012	271	40.68528172	-73.97805813	2
0	23	19013	375	40.72679454	-73.99695094	473	40.72110063	-73.9919254	1
0	23	2272	293	40.73028666	-73.9907647	223	40.73781509	-73.99994661	1
0	23	62698	127	40.73172428	-74.00674436	306	40.70823502	-74.00530063	1
0	23	47100	361	40.71605866	-73.99190759	298	40.68683208	-73.9796772	1
0	23	48554	236	40.7284186	-73.98713956	238	40.7361967	-74.00859207	1
0	23	68215	546	40.74444921	-73.98303529	480	40.76669671	-73.99061728	1
0	23	68216	368	40.73038599	-74.00214988	392	40.695065	-73.987167	1
0	23	17649	477	40.75640548	-73.9900262	521	40.75044999	-73.99481051	1
0	23	10394	447	40.76370739	-73.9851615	423	40.76584941	-73.98690506	1
0	23	15403	519	40.75188406	-73.97770164	160	40.748238	-73.978311	1
0	23	24278	336	40.73047747	-73.99906065	528	40.74290902	-73.97706058	2
0	23	23252	477	40.75640548	-73.9900262	514	40.76087502	-74.00277668	1
0	23	3974	380	40.73401143	-74.00293877	404	40.7405826	-74.00550867	1
0	23	31227	268	40.71910537	-73.99973337	319	40.71336124	-74.00937622	1
0	23	5738	307	40.71427487	-73.98990025	428	40.72467721	-73.98783413	1
0	23	54591	361	40.71605866	-73.99190759	311	40.7172274	-73.98802084	1
0	23	25639	504	40.73221853	-73.98165557	357	40.73261787	-73.99158043	1
0	23	1486	531	40.71893904	-73.99266288	356	40.71622644	-73.98261206	1
0	23	13839	363	40.70834698	-74.01713445	363	40.70834698	-74.01713445	1
0	23	10493	499	40.76915505	-73.98191841	450	40.76227205	-73.98788205	1
0	23	22299	224	40.71146364	-74.00552427	224	40.71146364	-74.00552427	1
0	23	7288	492	40.75019995	-73.99093085	507	40.73912601	-73.97973776	1
0	23	6403	305	40.76095756	-73.96724467	457	40.76695317	-73.98169333	1
0	23	9620	361	40.71605866	-73.99190759	361	40.71605866	-73.99190759	1
0	23	13629	345	40.73649403	-73.99704374	470	40.74345335	-74.00004031	1
0	23	34028	477	40.75640548	-73.9900262	488	40.75645824	-73.99372222	1
0	23	36073	369	40.73224119	-74.00026394	237	40.73047309	-73.98672378	2
0	23	9728	490	40.751551	-73.993934	514	40.76087502	-74.00277668	1
0	23	68217	271	40.68528172	-73.97805813	526	40.74765947	-73.98490707	1
0	23	2825	2023	40.75968085	-73.97031366	318	40.75320159	-73.9779874	1
0	23	39280	499	40.76915505	-73.98191841	237	40.73047309	-73.98672378	1
0	23	14319	168	40.73971301	-73.99456405	469	40.76344058	-73.98268129	1
0	23	9276	311	40.7172274	-73.98802084	263	40.71729	-73.996375	1
0	23	7442	404	40.7405826	-74.00550867	459	40.746745	-74.007756	1
0	23	8636	404	40.7405826	-74.00550867	345	40.73649403	-73.99704374	1
0	23	3395	545	40.736502	-73.97809472	492	40.75019995	-73.99093085	1
0	23	15551	528	40.74290902	-73.97706058	439	40.7262807	-73.98978041	1
0	23	46	438	40.72779126	-73.98564945	438	40.72779126	-73.98564945	1
0	23	10652	229	40.72743423	-73.99379025	151	40.7218158	-73.99720307	1
0	23	36599	241	40.68981035	-73.97493121	241	40.68981035	-73.97493121	2
0	23	16722	463	40.74206539	-74.00443172	465	40.75513557	-73.98658032	1
0	23	23660	310	40.68926942	-73.98912867	365	40.68223166	-73.9614583	1
0	23	30781	312	40.722055	-73.989111	509	40.7454973	-74.00197139	1
0	23	2540	345	40.73649403	-73.99704374	284	40.7390169121	-74.0026376103	1
0	23	22287	412	40.7158155	-73.99422366	2009	40.71117444	-73.99682619	1
0	23	31310	517	40.75149263	-73.97798848	504	40.73221853	-73.98165557	1
0	23	15893	504	40.73221853	-73.98165557	521	40.75044999	-73.99481051	1
0	23	13719	488	40.75645824	-73.99372222	509	40.7454973	-74.00197139	1
0	23	6642	284	40.7390169121	-74.0026376103	347	40.72873888	-74.00748842	2
0	23	23703	285	40.73454567	-73.99074142	167	40.7489006	-73.97604882	1
0	23	16330	2023	40.75968085	-73.97031366	521	40.75044999	-73.99481051	1
0	23	55016	345	40.73649403	-73.99704374	440	40.75255434	-73.97282625	1
0	23	17288	517	40.75149263	-73.97798848	307	40.71427487	-73.98990025	1
0	23	34291	471	40.71286844	-73.95698119	282	40.70827295	-73.96834101	1
0	23	27530	517	40.75149263	-73.97798848	305	40.76095756	-73.96724467	1
0	23	42288	515	40.76009437	-73.99461843	290	40.76020258	-73.96478473	2
0	23	24	369	40.73224119	-74.00026394	127	40.73172428	-74.00674436	1
0	23	588	128	40.72710258	-74.00297088	254	40.73532427	-73.99800419	1
0	23	11791	324	40.689888	-73.981013	262	40.69178232	-73.97372989	1
0	23	691	336	40.73047747	-73.99906065	405	40.739323	-74.008119	1
0	23	14126	336	40.73047747	-73.99906065	284	40.7390169121	-74.0026376103	1
0	23	16431	147	40.71542197	-74.01121978	422	40.770513	-73.988038	1
0	23	4273	528	40.74290902	-73.97706058	459	40.746745	-74.007756	1
0	23	3102	477	40.75640548	-73.9900262	472	40.7457121	-73.98194829	2
0	23	7769	475	40.73524276	-73.98758561	459	40.746745	-74.007756	1
0	23	1810	237	40.73047309	-73.98672378	128	40.72710258	-74.00297088	1
0	23	42477	72	40.76727216	-73.99392888	518	40.74780373	-73.9734419	1
0	23	13954	466	40.74395411	-73.99144871	375	40.72679454	-73.99695094	1
0	23	22818	285	40.73454567	-73.99074142	285	40.73454567	-73.99074142	1
0	23	7333	469	40.76344058	-73.98268129	173	40.76064679	-73.98442659	1
0	23	4073	314	40.69424674	-73.99215922	2000	40.70255088	-73.98940236	1
0	23	11573	237	40.73047309	-73.98672378	161	40.72917025	-73.99810231	1
0	23	8184	403	40.72502876	-73.99069656	459	40.746745	-74.007756	1
0	23	10579	436	40.68216564	-73.95399026	409	40.6906495	-73.95643107	1
0	23	10725	157	40.69089272	-73.99612349	323	40.69236178	-73.98631746	1
0	23	23760	157	40.69089272	-73.99612349	430	40.7014851	-73.98656928	1
0	23	1927	504	40.73221853	-73.98165557	518	40.74780373	-73.9734419	1
0	23	329	453	40.74475148	-73.99915362	450	40.76227205	-73.98788205	1
0	23	28115	329	40.72043411	-74.01020609	296	40.71413089	-73.9970468	1
0	23	21701	439	40.7262807	-73.98978041	295	40.71406667	-73.99293911	1
0	23	19973	533	40.75299641	-73.98721619	335	40.72903917	-73.99404649	1
0	23	35086	473	40.72110063	-73.9919254	428	40.72467721	-73.98783413	1
0	23	5562	383	40.735238	-74.000271	466	40.74395411	-73.99144871	1
0	23	28667	504	40.73221853	-73.98165557	528	40.74290902	-73.97706058	1
0	23	26687	404	40.7405826	-74.00550867	489	40.75066386	-74.00176802	1
0	23	57407	473	40.72110063	-73.9919254	414	40.70281858	-73.98765762	1
0	23	23840	329	40.72043411	-74.01020609	82	40.71117416	-74.00016545	1
0	23	54667	325	40.73624527	-73.98473765	361	40.71605866	-73.99190759	1
0	23	1941	403	40.72502876	-73.99069656	504	40.73221853	-73.98165557	1
0	23	29365	482	40.73935542	-73.99931783	453	40.74475148	-73.99915362	1
0	23	20332	128	40.72710258	-74.00297088	494	40.74734825	-73.99723551	1
0	23	3049	325	40.73624527	-73.98473765	402	40.7403432	-73.98955109	1
0	23	51016	439	40.7262807	-73.98978041	296	40.71413089	-73.9970468	2
0	23	3692	382	40.73492695	-73.99200509	127	40.73172428	-74.00674436	1
0	23	32825	2023	40.75968085	-73.97031366	385	40.75797322	-73.96603308	1
0	23	28056	520	40.75992262	-73.97648516	456	40.7597108	-73.97402311	1
0	23	8554	488	40.75645824	-73.99372222	521	40.75044999	-73.99481051	1
0	23	39608	422	40.770513	-73.988038	336	40.73047747	-73.99906065	1
0	23	13282	312	40.722055	-73.989111	2010	40.72165481	-74.00234737	1
0	23	10536	375	40.72679454	-73.99695094	252	40.73226398	-73.99852205	1
0	23	9141	311	40.7172274	-73.98802084	320	40.71743998	-74.00583475	2
0	23	13204	434	40.74317449	-74.00366443	462	40.74691959	-74.00451887	1
0	23	2977	472	40.7457121	-73.98194829	492	40.75019995	-73.99093085	1
0	23	117	447	40.76370739	-73.9851615	499	40.76915505	-73.98191841	1
0	23	12379	361	40.71605866	-73.99190759	382	40.73492695	-73.99200509	1
0	23	21248	519	40.75188406	-73.97770164	150	40.7208736	-73.98085795	1
0	23	10980	520	40.75992262	-73.97648516	281	40.7643971	-73.97371465	1
0	23	15326	459	40.746745	-74.007756	2017	40.75022392	-73.97121414	1
0	23	54600	293	40.73028666	-73.9907647	408	40.71076228	-73.99400398	1
0	23	41808	324	40.689888	-73.981013	372	40.694528	-73.958089	1
0	23	44432	363	40.70834698	-74.01713445	519	40.75188406	-73.97770164	1
0	23	16020	375	40.72679454	-73.99695094	545	40.736502	-73.97809472	1
0	23	4579	237	40.73047309	-73.98672378	357	40.73261787	-73.99158043	1
0	23	3649	223	40.73781509	-73.99994661	358	40.73291553	-74.00711384	2
0	23	33270	439	40.7262807	-73.98978041	150	40.7208736	-73.98085795	3
0	23	37582	464	40.75934501	-73.96759673	518	40.74780373	-73.9734419	1
0	23	3052	387	40.71273266	-74.0046073	296	40.71413089	-73.9970468	1
0	23	12573	528	40.74290902	-73.97706058	504	40.73221853	-73.98165557	1
0	23	11853	490	40.751551	-73.993934	515	40.76009437	-73.99461843	1
0	23	10063	489	40.75066386	-74.00176802	470	40.74345335	-74.00004031	1
0	23	20394	523	40.75466591	-73.99138152	486	40.7462009	-73.98855723	1
0	23	10412	264	40.70706456	-74.00731853	540	40.74147286	-73.98320928	1
0	23	8088	404	40.7405826	-74.00550867	546	40.74444921	-73.98303529	1
0	23	9001	382	40.73492695	-73.99200509	335	40.72903917	-73.99404649	2
0	23	22948	323	40.69236178	-73.98631746	406	40.69512845	-73.99595065	1
0	23	8054	521	40.75044999	-73.99481051	536	40.74144387	-73.97536082	1
0	23	20153	494	40.74734825	-73.99723551	458	40.751396	-74.005226	1
0	23	16355	470	40.74345335	-74.00004031	521	40.75044999	-73.99481051	1
0	23	23156	477	40.75640548	-73.9900262	512	40.7500727	-73.99839279	1
0	23	24050	477	40.75640548	-73.9900262	490	40.751551	-73.993934	1
0	23	60814	434	40.74317449	-74.00366443	486	40.7462009	-73.98855723	1
0	23	15271	327	40.7153379	-74.01658354	368	40.73038599	-74.00214988	1
0	23	42925	380	40.73401143	-74.00293877	546	40.74444921	-73.98303529	2
0	23	24934	265	40.72229346	-73.99147535	150	40.7208736	-73.98085795	1
0	23	24083	347	40.72873888	-74.00748842	79	40.71911552	-74.00666661	1
0	23	17388	518	40.74780373	-73.9734419	504	40.73221853	-73.98165557	1
0	23	12607	304	40.70463334	-74.01361706	363	40.70834698	-74.01713445	1
0	23	8001	307	40.71427487	-73.98990025	311	40.7172274	-73.98802084	1
0	23	23634	368	40.73038599	-74.00214988	446	40.74487634	-73.99529885	1
0	23	46748	254	40.73532427	-73.99800419	251	40.72317958	-73.99480012	1
0	23	16079	402	40.7403432	-73.98955109	438	40.72779126	-73.98564945	1
0	23	44103	401	40.72019576	-73.98997825	528	40.74290902	-73.97706058	1
0	23	2697	459	40.746745	-74.007756	524	40.75527307	-73.98316936	1
0	23	54064	377	40.72243797	-74.00566443	250	40.72456089	-73.99565293	1
0	23	48279	293	40.73028666	-73.9907647	361	40.71605866	-73.99190759	1
0	23	27132	498	40.74854862	-73.98808416	252	40.73226398	-73.99852205	1
0	23	3354	293	40.73028666	-73.9907647	150	40.7208736	-73.98085795	1
0	23	1716	477	40.75640548	-73.9900262	504	40.73221853	-73.98165557	1
0	23	28401	276	40.71748752	-74.0104554	320	40.71743998	-74.00583475	1
0	23	9072	462	40.74691959	-74.00451887	383	40.735238	-74.000271	1
0	23	50621	412	40.7158155	-73.99422366	428	40.72467721	-73.98783413	2
0	23	15021	380	40.73401143	-74.00293877	326	40.72953837	-73.98426726	1
0	23	13597	300	40.728145	-73.990214	300	40.728145	-73.990214	1
0	23	22952	308	40.71307916	-73.99851193	428	40.72467721	-73.98783413	1
0	23	36492	444	40.7423543	-73.98915076	525	40.75594159	-74.0021163	1
0	23	21821	509	40.7454973	-74.00197139	309	40.7149787	-74.013012	1
0	23	50300	217	40.70277159	-73.99383605	386	40.71494807	-74.00234482	2
0	23	21070	251	40.72317958	-73.99480012	483	40.73223272	-73.98889957	1
0	23	39218	455	40.75001986	-73.96905301	305	40.76095756	-73.96724467	1
0	23	2435	447	40.76370739	-73.9851615	529	40.7575699	-73.99098507	1
0	23	24846	502	40.714215	-73.981346	320	40.71743998	-74.00583475	1
0	23	43473	251	40.72317958	-73.99480012	359	40.75510267	-73.97498696	1
0	23	52431	161	40.72917025	-73.99810231	247	40.73535398	-74.00483091	1
0	23	5700	284	40.7390169121	-74.0026376103	267	40.75097711	-73.98765428	1
0	23	898	307	40.71427487	-73.98990025	82	40.71117416	-74.00016545	1
0	23	15291	519	40.75188406	-73.97770164	326	40.72953837	-73.98426726	1
0	23	2886	537	40.74025878	-73.98409214	251	40.72317958	-73.99480012	1
0	23	21578	459	40.746745	-74.007756	531	40.71893904	-73.99266288	1
0	23	31738	2010	40.72165481	-74.00234737	466	40.74395411	-73.99144871	1
0	23	29593	435	40.74173969	-73.99415556	127	40.73172428	-74.00674436	1
0	23	14499	359	40.75510267	-73.97498696	492	40.75019995	-73.99093085	1
0	23	8136	447	40.76370739	-73.9851615	512	40.7500727	-73.99839279	1
0	23	30054	509	40.7454973	-74.00197139	251	40.72317958	-73.99480012	1
0	23	7616	482	40.73935542	-73.99931783	507	40.73912601	-73.97973776	1
0	23	16811	376	40.70862144	-74.00722156	415	40.7047177	-74.00926027	1
0	23	17628	382	40.73492695	-73.99200509	514	40.76087502	-74.00277668	1
0	23	21043	326	40.72953837	-73.98426726	297	40.734232	-73.986923	1
0	23	18807	357	40.73261787	-73.99158043	312	40.722055	-73.989111	1
0	23	39514	239	40.69196566	-73.9813018	313	40.69610226	-73.96751037	1
0	23	68219	422	40.770513	-73.988038	428	40.72467721	-73.98783413	1
0	23	10137	361	40.71605866	-73.99190759	401	40.72019576	-73.98997825	1
0	23	28260	361	40.71605866	-73.99190759	329	40.72043411	-74.01020609	1
0	23	123	479	40.76019252	-73.9912551	450	40.76227205	-73.98788205	1
0	23	44899	470	40.74345335	-74.00004031	348	40.72490985	-74.00154702	1
0	23	33606	385	40.75797322	-73.96603308	507	40.73912601	-73.97973776	1
0	23	47841	529	40.7575699	-73.99098507	223	40.73781509	-73.99994661	1
0	23	45315	161	40.72917025	-73.99810231	502	40.714215	-73.981346	1
0	23	39163	470	40.74345335	-74.00004031	465	40.75513557	-73.98658032	1
0	23	6020	358	40.73291553	-74.00711384	439	40.7262807	-73.98978041	2
0	23	676	519	40.75188406	-73.97770164	475	40.73524276	-73.98758561	1
0	23	12540	459	40.746745	-74.007756	336	40.73047747	-73.99906065	1
0	23	8643	311	40.7172274	-73.98802084	502	40.714215	-73.981346	1
0	23	51697	428	40.72467721	-73.98783413	455	40.75001986	-73.96905301	1
0	23	32637	462	40.74691959	-74.00451887	160	40.748238	-73.978311	1
0	23	22375	236	40.7284186	-73.98713956	473	40.72110063	-73.9919254	1
0	23	8921	152	40.71473993	-74.00910627	387	40.71273266	-74.0046073	1
0	23	26223	79	40.71911552	-74.00666661	161	40.72917025	-73.99810231	2
0	23	20511	540	40.74147286	-73.98320928	297	40.734232	-73.986923	2
0	23	30894	297	40.734232	-73.986923	504	40.73221853	-73.98165557	1
0	23	41408	403	40.72502876	-73.99069656	339	40.72580614	-73.97422494	1
0	23	3716	247	40.73535398	-74.00483091	426	40.71754834	-74.01322069	1
0	23	21181	284	40.7390169121	-74.0026376103	223	40.73781509	-73.99994661	1
0	23	38229	463	40.74206539	-74.00443172	346	40.73652889	-74.00618026	1
0	23	45572	512	40.7500727	-73.99839279	284	40.7390169121	-74.0026376103	1
0	23	891	224	40.71146364	-74.00552427	306	40.70823502	-74.00530063	1
0	23	17970	237	40.73047309	-73.98672378	536	40.74144387	-73.97536082	1
0	23	31449	83	40.68382604	-73.97632328	244	40.69196035	-73.96536851	1
0	23	8658	310	40.68926942	-73.98912867	366	40.693261	-73.968896	1
0	23	15902	499	40.76915505	-73.98191841	479	40.76019252	-73.9912551	1
0	23	14323	233	40.69246277	-73.98963911	261	40.69474881	-73.98362464	1
0	23	9037	459	40.746745	-74.007756	497	40.73704984	-73.99009296	1
0	23	23051	453	40.74475148	-73.99915362	383	40.735238	-74.000271	1
0	23	14573	537	40.74025878	-73.98409214	297	40.734232	-73.986923	1
0	23	46502	2000	40.70255088	-73.98940236	242	40.69788349	-73.97350332	1
0	23	23673	297	40.734232	-73.986923	229	40.72743423	-73.99379025	1
0	23	8363	529	40.7575699	-73.99098507	447	40.76370739	-73.9851615	1
0	23	14133	438	40.72779126	-73.98564945	459	40.746745	-74.007756	1
0	23	9259	237	40.73047309	-73.98672378	393	40.72299208	-73.97995466	1
0	23	22466	439	40.7262807	-73.98978041	341	40.71782143	-73.97628939	1
0	23	22651	458	40.751396	-74.005226	241	40.68981035	-73.97493121	1
0	23	1344	329	40.72043411	-74.01020609	426	40.71754834	-74.01322069	1
0	23	15568	274	40.68691865	-73.976682	83	40.68382604	-73.97632328	1
0	23	365	346	40.73652889	-74.00618026	470	40.74345335	-74.00004031	1
0	23	8219	345	40.73649403	-73.99704374	336	40.73047747	-73.99906065	1
0	23	5842	514	40.76087502	-74.00277668	514	40.76087502	-74.00277668	1
0	23	7488	475	40.73524276	-73.98758561	504	40.73221853	-73.98165557	1
0	23	23101	284	40.7390169121	-74.0026376103	453	40.74475148	-73.99915362	1
0	23	3703	448	40.75660359	-73.9979009	513	40.768254	-73.988639	1
0	23	21047	384	40.68317813	-73.9659641	244	40.69196035	-73.96536851	1
0	23	43572	268	40.71910537	-73.99973337	473	40.72110063	-73.9919254	1
0	23	20411	518	40.74780373	-73.9734419	164	40.75323098	-73.97032517	1
0	23	14202	430	40.7014851	-73.98656928	278	40.69766564	-73.98476437	1
0	23	22032	128	40.72710258	-74.00297088	369	40.73224119	-74.00026394	1
0	23	12680	499	40.76915505	-73.98191841	449	40.76461837	-73.98789473	1
0	23	27953	82	40.71117416	-74.00016545	264	40.70706456	-74.00731853	1
0	23	594	116	40.74177603	-74.00149746	482	40.73935542	-73.99931783	1
0	23	3224	383	40.735238	-74.000271	284	40.7390169121	-74.0026376103	1
0	23	8666	336	40.73047747	-73.99906065	229	40.72743423	-73.99379025	1
0	23	22869	486	40.7462009	-73.98855723	498	40.74854862	-73.98808416	1
0	23	23047	507	40.73912601	-73.97973776	528	40.74290902	-73.97706058	1
0	23	34845	308	40.71307916	-73.99851193	507	40.73912601	-73.97973776	1
0	23	52622	410	40.72066442	-73.98517977	328	40.72405549	-74.00965965	1
0	23	9886	348	40.72490985	-74.00154702	146	40.71625008	-74.0091059	2
0	23	11438	445	40.72740794	-73.98142006	473	40.72110063	-73.9919254	1
0	23	10336	483	40.73223272	-73.98889957	161	40.72917025	-73.99810231	1
0	23	61393	509	40.7454973	-74.00197139	150	40.7208736	-73.98085795	1
0	23	5068	382	40.73492695	-73.99200509	284	40.7390169121	-74.0026376103	1
0	23	9356	223	40.73781509	-73.99994661	404	40.7405826	-74.00550867	1
0	23	23268	253	40.73543934	-73.99453948	358	40.73291553	-74.00711384	1
0	23	47079	445	40.72740794	-73.98142006	507	40.73912601	-73.97973776	1
0	23	7449	320	40.71743998	-74.00583475	376	40.70862144	-74.00722156	1
0	23	35197	482	40.73935542	-73.99931783	485	40.75038009	-73.98338988	1
0	23	1697	497	40.73704984	-73.99009296	297	40.734232	-73.986923	1
0	23	17753	353	40.68539567	-73.97431458	244	40.69196035	-73.96536851	1
0	23	16419	315	40.70355377	-74.00670227	507	40.73912601	-73.97973776	1
0	23	59658	522	40.75714758	-73.97207836	312	40.722055	-73.989111	1
0	23	33029	223	40.73781509	-73.99994661	439	40.7262807	-73.98978041	3
0	23	19915	345	40.73649403	-73.99704374	432	40.72621788	-73.98379855	1
0	23	8991	147	40.71542197	-74.01121978	363	40.70834698	-74.01713445	1
0	23	13970	482	40.73935542	-73.99931783	520	40.75992262	-73.97648516	1
0	23	59159	253	40.73543934	-73.99453948	493	40.7568001	-73.98291153	1
0	23	18121	517	40.75149263	-73.97798848	423	40.76584941	-73.98690506	1
0	23	52675	229	40.72743423	-73.99379025	460	40.71285887	-73.96590294	1
0	23	68205	481	40.71260486	-73.96264403	421	40.69573398	-73.97129668	1
0	23	32412	472	40.7457121	-73.98194829	317	40.72453734	-73.98185424	1
0	23	23661	499	40.76915505	-73.98191841	423	40.76584941	-73.98690506	1
0	23	12406	459	40.746745	-74.007756	509	40.7454973	-74.00197139	1
0	23	68206	398	40.69165183	-73.9999786	409	40.6906495	-73.95643107	1
0	23	15282	512	40.7500727	-73.99839279	453	40.74475148	-73.99915362	2
0	23	25746	127	40.73172428	-74.00674436	320	40.71743998	-74.00583475	1
0	23	24633	518	40.74780373	-73.9734419	488	40.75645824	-73.99372222	1
0	23	2782	497	40.73704984	-73.99009296	223	40.73781509	-73.99994661	1
0	23	54298	505	40.74901271	-73.98848395	311	40.7172274	-73.98802084	1
0	23	23229	459	40.746745	-74.007756	537	40.74025878	-73.98409214	1
0	23	17228	391	40.69760127	-73.99344559	406	40.69512845	-73.99595065	1
0	23	22354	492	40.75019995	-73.99093085	482	40.73935542	-73.99931783	1
0	23	28538	151	40.7218158	-73.99720307	402	40.7403432	-73.98955109	1
0	23	33090	2003	40.73416059	-73.98024289	336	40.73047747	-73.99906065	1
0	23	13468	316	40.70955958	-74.00653609	320	40.71743998	-74.00583475	1
0	23	68207	423	40.76584941	-73.98690506	349	40.71850211	-73.98329859	1
0	23	7272	285	40.73454567	-73.99074142	284	40.7390169121	-74.0026376103	1
0	23	13042	336	40.73047747	-73.99906065	357	40.73261787	-73.99158043	1
0	23	2781	352	40.76340613	-73.97722479	465	40.75513557	-73.98658032	1
0	23	4747	446	40.74487634	-73.99529885	482	40.73935542	-73.99931783	1
0	23	4937	72	40.76727216	-73.99392888	448	40.75660359	-73.9979009	1
0	23	411	293	40.73028666	-73.9907647	537	40.74025878	-73.98409214	1
0	23	4422	432	40.72621788	-73.98379855	545	40.736502	-73.97809472	1
0	23	3227	401	40.72019576	-73.98997825	435	40.74173969	-73.99415556	1
0	23	60735	526	40.74765947	-73.98490707	361	40.71605866	-73.99190759	1
0	23	21149	297	40.734232	-73.986923	492	40.75019995	-73.99093085	1
0	23	11898	383	40.735238	-74.000271	494	40.74734825	-73.99723551	1
0	23	350	401	40.72019576	-73.98997825	433	40.72955361	-73.98057249	1
0	23	45503	284	40.7390169121	-74.0026376103	320	40.71743998	-74.00583475	1
0	23	49919	238	40.7361967	-74.00859207	312	40.722055	-73.989111	1
0	23	28708	439	40.7262807	-73.98978041	336	40.73047747	-73.99906065	1
0	23	35743	431	40.68864636	-73.98263429	416	40.68753406	-73.97265183	1
0	23	50356	380	40.73401143	-74.00293877	507	40.73912601	-73.97973776	2
0	23	8628	448	40.75660359	-73.9979009	498	40.74854862	-73.98808416	1
0	23	46721	345	40.73649403	-73.99704374	326	40.72953837	-73.98426726	1
0	23	54606	147	40.71542197	-74.01121978	534	40.70255065	-74.0127234	1
0	23	60276	317	40.72453734	-73.98185424	389	40.71044554	-73.96525063	1
0	23	6039	271	40.68528172	-73.97805813	217	40.70277159	-73.99383605	2
0	23	1200	490	40.751551	-73.993934	447	40.76370739	-73.9851615	1
0	23	15716	546	40.74444921	-73.98303529	514	40.76087502	-74.00277668	1
0	23	1094	317	40.72453734	-73.98185424	293	40.73028666	-73.9907647	2
0	23	203	447	40.76370739	-73.9851615	236	40.7284186	-73.98713956	1
0	23	56644	328	40.72405549	-74.00965965	545	40.736502	-73.97809472	2
0	23	22939	546	40.74444921	-73.98303529	546	40.74444921	-73.98303529	1
0	23	46308	499	40.76915505	-73.98191841	522	40.75714758	-73.97207836	2
0	23	2728	519	40.75188406	-73.97770164	167	40.7489006	-73.97604882	1
0	23	33805	475	40.73524276	-73.98758561	325	40.73624527	-73.98473765	1
0	23	55970	83	40.68382604	-73.97632328	392	40.695065	-73.987167	1
0	23	21785	463	40.74206539	-74.00443172	326	40.72953837	-73.98426726	1
0	23	947	521	40.75044999	-73.99481051	116	40.74177603	-74.00149746	2
0	23	42408	448	40.75660359	-73.9979009	128	40.72710258	-74.00297088	1
0	23	19736	463	40.74206539	-74.00443172	512	40.7500727	-73.99839279	1
0	23	19229	252	40.73226398	-73.99852205	345	40.73649403	-73.99704374	1
0	23	14689	457	40.76695317	-73.98169333	2023	40.75968085	-73.97031366	1
0	23	41121	223	40.73781509	-73.99994661	490	40.751551	-73.993934	1
0	23	12004	540	40.74147286	-73.98320928	469	40.76344058	-73.98268129	1
0	23	66176	377	40.72243797	-74.00566443	317	40.72453734	-73.98185424	1
0	23	6846	537	40.74025878	-73.98409214	546	40.74444921	-73.98303529	1
0	23	18393	446	40.74487634	-73.99529885	383	40.735238	-74.000271	1
0	23	31244	224	40.71146364	-74.00552427	311	40.7172274	-73.98802084	1
0	23	33911	470	40.74345335	-74.00004031	508	40.76341379	-73.99667444	1
0	23	17997	357	40.73261787	-73.99158043	325	40.73624527	-73.98473765	1
0	23	8756	147	40.71542197	-74.01121978	329	40.72043411	-74.01020609	1
0	23	17462	263	40.71729	-73.996375	383	40.735238	-74.000271	1
0	23	24543	433	40.72955361	-73.98057249	537	40.74025878	-73.98409214	1
0	23	12808	324	40.689888	-73.981013	366	40.693261	-73.968896	3
0	23	31766	2022	40.75849116	-73.95920622	433	40.72955361	-73.98057249	1
0	23	23286	368	40.73038599	-74.00214988	361	40.71605866	-73.99190759	1
0	23	55920	228	40.7546011026	-73.971878855	462	40.74691959	-74.00451887	1
0	23	32760	507	40.73912601	-73.97973776	72	40.76727216	-73.99392888	1
0	23	7205	528	40.74290902	-73.97706058	507	40.73912601	-73.97973776	1
0	23	20313	513	40.768254	-73.988639	441	40.756014	-73.967416	1
0	23	1340	529	40.7575699	-73.99098507	536	40.74144387	-73.97536082	1
0	23	1664	301	40.72217444	-73.98368779	223	40.73781509	-73.99994661	1
0	23	21763	388	40.749717753	-74.002950346	482	40.73935542	-73.99931783	1
0	23	65650	412	40.7158155	-73.99422366	328	40.72405549	-74.00965965	1
0	23	19152	293	40.73028666	-73.9907647	529	40.7575699	-73.99098507	1
0	23	2099	463	40.74206539	-74.00443172	329	40.72043411	-74.01020609	1
0	23	15524	167	40.7489006	-73.97604882	507	40.73912601	-73.97973776	1
0	23	62086	362	40.75172632	-73.98753523	428	40.72467721	-73.98783413	1
0	23	17735	519	40.75188406	-73.97770164	385	40.75797322	-73.96603308	1
0	23	67373	479	40.76019252	-73.9912551	2023	40.75968085	-73.97031366	1
0	23	35244	536	40.74144387	-73.97536082	2012	40.739445	-73.976806	1
0	23	54595	369	40.73224119	-74.00026394	280	40.73331967	-73.99510132	2
0	23	41038	368	40.73038599	-74.00214988	453	40.74475148	-73.99915362	1
0	23	40059	462	40.74691959	-74.00451887	445	40.72740794	-73.98142006	2
0	23	15441	446	40.74487634	-73.99529885	380	40.73401143	-74.00293877	1
0	23	50778	517	40.75149263	-73.97798848	445	40.72740794	-73.98142006	1
0	23	10313	293	40.73028666	-73.9907647	375	40.72679454	-73.99695094	1
0	23	1939	72	40.76727216	-73.99392888	520	40.75992262	-73.97648516	1
0	23	10632	497	40.73704984	-73.99009296	312	40.722055	-73.989111	1
0	23	5226	404	40.7405826	-74.00550867	248	40.72185379	-74.00771779	1
0	23	20593	325	40.73624527	-73.98473765	237	40.73047309	-73.98672378	2
0	23	68208	348	40.72490985	-74.00154702	391	40.69760127	-73.99344559	1
0	23	19924	375	40.72679454	-73.99695094	151	40.7218158	-73.99720307	1
0	23	24238	376	40.70862144	-74.00722156	260	40.70365182	-74.01167797	1
0	23	50608	320	40.71743998	-74.00583475	401	40.72019576	-73.98997825	1
0	23	9164	499	40.76915505	-73.98191841	499	40.76915505	-73.98191841	1
0	23	19119	494	40.74734825	-73.99723551	509	40.7454973	-74.00197139	1
0	23	20580	391	40.69760127	-73.99344559	253	40.73543934	-73.99453948	1
0	23	22397	229	40.72743423	-73.99379025	428	40.72467721	-73.98783413	1
0	23	18415	79	40.71911552	-74.00666661	432	40.72621788	-73.98379855	1
0	23	19796	252	40.73226398	-73.99852205	405	40.739323	-74.008119	1
0	23	23995	459	40.746745	-74.007756	433	40.72955361	-73.98057249	1
0	23	3625	294	40.73049393	-73.9957214	382	40.73492695	-73.99200509	1
0	23	14472	271	40.68528172	-73.97805813	373	40.69331716	-73.95381995	1
0	23	7579	494	40.74734825	-73.99723551	489	40.75066386	-74.00176802	1
0	23	11345	492	40.75019995	-73.99093085	488	40.75645824	-73.99372222	1
0	23	18380	444	40.7423543	-73.98915076	383	40.735238	-74.000271	1
0	23	24138	297	40.734232	-73.986923	297	40.734232	-73.986923	1
0	23	13473	320	40.71743998	-74.00583475	382	40.73492695	-73.99200509	1
0	23	18172	300	40.728145	-73.990214	401	40.72019576	-73.98997825	1
0	23	11625	382	40.73492695	-73.99200509	369	40.73224119	-74.00026394	1
0	23	34565	447	40.76370739	-73.9851615	467	40.68312489	-73.97895137	1
0	23	38000	513	40.768254	-73.988639	385	40.75797322	-73.96603308	1
0	23	22181	521	40.75044999	-73.99481051	453	40.74475148	-73.99915362	2
0	23	21685	358	40.73291553	-74.00711384	422	40.770513	-73.988038	1
0	23	25991	505	40.74901271	-73.98848395	536	40.74144387	-73.97536082	1
0	23	33014	501	40.744219	-73.97121214	237	40.73047309	-73.98672378	1
0	23	28431	401	40.72019576	-73.98997825	536	40.74144387	-73.97536082	1
0	23	16832	528	40.74290902	-73.97706058	403	40.72502876	-73.99069656	1
0	23	32480	434	40.74317449	-74.00366443	433	40.72955361	-73.98057249	1
0	23	35159	346	40.73652889	-74.00618026	229	40.72743423	-73.99379025	1
0	23	49496	453	40.74475148	-73.99915362	296	40.71413089	-73.9970468	1
0	23	33416	528	40.74290902	-73.97706058	537	40.74025878	-73.98409214	2
0	23	40319	325	40.73624527	-73.98473765	454	40.75455731	-73.96592976	1
0	23	33314	492	40.75019995	-73.99093085	528	40.74290902	-73.97706058	1
0	23	18619	459	40.746745	-74.007756	325	40.73624527	-73.98473765	1
0	23	29191	509	40.7454973	-74.00197139	447	40.76370739	-73.9851615	1
0	23	13242	380	40.73401143	-74.00293877	116	40.74177603	-74.00149746	1
0	23	10160	348	40.72490985	-74.00154702	265	40.72229346	-73.99147535	1
0	23	9753	238	40.7361967	-74.00859207	518	40.74780373	-73.9734419	1
0	23	13699	237	40.73047309	-73.98672378	383	40.735238	-74.000271	1
0	23	583	528	40.74290902	-73.97706058	164	40.75323098	-73.97032517	2
0	23	12151	306	40.70823502	-74.00530063	293	40.73028666	-73.9907647	1
0	23	23697	483	40.73223272	-73.98889957	293	40.73028666	-73.9907647	1
0	23	14852	304	40.70463334	-74.01361706	306	40.70823502	-74.00530063	1
0	23	14647	368	40.73038599	-74.00214988	345	40.73649403	-73.99704374	1
0	23	12174	128	40.72710258	-74.00297088	268	40.71910537	-73.99973337	1
0	23	35501	420	40.68764484	-73.96968902	391	40.69760127	-73.99344559	1
0	23	68209	296	40.71413089	-73.9970468	421	40.69573398	-73.97129668	2
0	23	4386	432	40.72621788	-73.98379855	300	40.728145	-73.990214	1
0	23	3271	345	40.73649403	-73.99704374	238	40.7361967	-74.00859207	1
0	23	5449	383	40.735238	-74.000271	405	40.739323	-74.008119	1
0	23	22925	336	40.73047747	-73.99906065	236	40.7284186	-73.98713956	1
0	23	458	401	40.72019576	-73.98997825	361	40.71605866	-73.99190759	3
0	23	4088	507	40.73912601	-73.97973776	440	40.75255434	-73.97282625	1
0	23	10832	320	40.71743998	-74.00583475	329	40.72043411	-74.01020609	2
0	23	22714	359	40.75510267	-73.97498696	251	40.72317958	-73.99480012	1
0	23	3105	328	40.72405549	-74.00965965	426	40.71754834	-74.01322069	1
0	23	38763	469	40.76344058	-73.98268129	477	40.75640548	-73.9900262	1
0	23	9975	355	40.71602118	-73.99974372	264	40.70706456	-74.00731853	1
0	23	55925	237	40.73047309	-73.98672378	295	40.71406667	-73.99293911	1
0	23	28998	416	40.68753406	-73.97265183	262	40.69178232	-73.97372989	2
0	23	8351	486	40.7462009	-73.98855723	382	40.73492695	-73.99200509	1
0	23	36194	387	40.71273266	-74.0046073	2004	40.724399	-74.004704	1
0	23	45486	355	40.71602118	-73.99974372	475	40.73524276	-73.98758561	1
0	23	31581	249	40.71870987	-74.0090009	363	40.70834698	-74.01713445	1
0	23	28350	402	40.7403432	-73.98955109	168	40.73971301	-73.99456405	1
0	23	34762	161	40.72917025	-73.99810231	466	40.74395411	-73.99144871	1
0	23	31804	422	40.770513	-73.988038	537	40.74025878	-73.98409214	1
0	23	841	323	40.69236178	-73.98631746	253	40.73543934	-73.99453948	1
0	23	65179	528	40.74290902	-73.97706058	515	40.76009437	-73.99461843	1
0	23	17186	238	40.7361967	-74.00859207	375	40.72679454	-73.99695094	1
0	23	3818	116	40.74177603	-74.00149746	380	40.73401143	-74.00293877	1
0	23	39991	151	40.7218158	-73.99720307	502	40.714215	-73.981346	1
0	23	53592	326	40.72953837	-73.98426726	224	40.71146364	-74.00552427	1
0	23	1837	294	40.73049393	-73.9957214	284	40.7390169121	-74.0026376103	1
0	23	57671	483	40.73223272	-73.98889957	464	40.75934501	-73.96759673	1
0	23	21576	150	40.7208736	-73.98085795	473	40.72110063	-73.9919254	1
0	23	38699	392	40.695065	-73.987167	417	40.71291224	-74.01020234	1
0	23	68210	120	40.68676793	-73.95928168	504	40.73221853	-73.98165557	1
0	23	24933	445	40.72740794	-73.98142006	160	40.748238	-73.978311	1
0	23	1342	453	40.74475148	-73.99915362	462	40.74691959	-74.00451887	1
0	23	44022	465	40.75513557	-73.98658032	483	40.73223272	-73.98889957	1
0	23	16934	369	40.73224119	-74.00026394	432	40.72621788	-73.98379855	1
0	23	4850	347	40.72873888	-74.00748842	482	40.73935542	-73.99931783	1
0	23	8326	475	40.73524276	-73.98758561	475	40.73524276	-73.98758561	1
0	23	21697	151	40.7218158	-73.99720307	127	40.73172428	-74.00674436	1
0	23	6579	285	40.73454567	-73.99074142	540	40.74147286	-73.98320928	1
0	23	29726	428	40.72467721	-73.98783413	368	40.73038599	-74.00214988	1
0	23	31357	312	40.722055	-73.989111	368	40.73038599	-74.00214988	2
0	23	18581	128	40.72710258	-74.00297088	514	40.76087502	-74.00277668	1
0	23	54695	392	40.695065	-73.987167	363	40.70834698	-74.01713445	1
0	23	19708	447	40.76370739	-73.9851615	488	40.75645824	-73.99372222	2
0	23	1496	508	40.76341379	-73.99667444	426	40.71754834	-74.01322069	1
0	23	55565	72	40.76727216	-73.99392888	251	40.72317958	-73.99480012	1
0	23	23522	366	40.693261	-73.968896	365	40.68223166	-73.9614583	1
0	23	20941	435	40.74173969	-73.99415556	470	40.74345335	-74.00004031	1
0	23	43032	225	40.74195138	-74.00803013	513	40.768254	-73.988639	1
0	23	17741	521	40.75044999	-73.99481051	358	40.73291553	-74.00711384	1
0	23	68211	247	40.73535398	-74.00483091	150	40.7208736	-73.98085795	1
0	23	64865	518	40.74780373	-73.9734419	223	40.73781509	-73.99994661	1
0	23	66355	320	40.71743998	-74.00583475	271	40.68528172	-73.97805813	1
0	23	10305	493	40.7568001	-73.98291153	367	40.75828065	-73.97069431	1
0	23	8238	472	40.7457121	-73.98194829	284	40.7390169121	-74.0026376103	1
0	23	49035	525	40.75594159	-74.0021163	479	40.76019252	-73.9912551	1
0	23	12988	276	40.71748752	-74.0104554	368	40.73038599	-74.00214988	2
0	23	12521	347	40.72873888	-74.00748842	470	40.74345335	-74.00004031	1
0	23	21744	537	40.74025878	-73.98409214	325	40.73624527	-73.98473765	1
0	23	4251	127	40.73172428	-74.00674436	257	40.71939226	-74.00247214	1
0	23	33439	348	40.72490985	-74.00154702	458	40.751396	-74.005226	1
0	23	5337	127	40.73172428	-74.00674436	238	40.7361967	-74.00859207	1
0	23	621	499	40.76915505	-73.98191841	305	40.76095756	-73.96724467	1
0	23	10755	225	40.74195138	-74.00803013	459	40.746745	-74.007756	1
0	23	20485	492	40.75019995	-73.99093085	499	40.76915505	-73.98191841	1
0	23	24788	545	40.736502	-73.97809472	2012	40.739445	-73.976806	1
0	23	55066	2012	40.739445	-73.976806	72	40.76727216	-73.99392888	1
0	23	4230	167	40.7489006	-73.97604882	540	40.74147286	-73.98320928	1
0	23	3570	304	40.70463334	-74.01361706	327	40.7153379	-74.01658354	1
0	23	933	545	40.736502	-73.97809472	518	40.74780373	-73.9734419	1
0	23	22476	284	40.7390169121	-74.0026376103	238	40.7361967	-74.00859207	1
0	23	13316	453	40.74475148	-73.99915362	546	40.74444921	-73.98303529	1
0	23	33226	433	40.72955361	-73.98057249	325	40.73624527	-73.98473765	1
0	23	25051	161	40.72917025	-73.99810231	223	40.73781509	-73.99994661	1
0	23	37731	432	40.72621788	-73.98379855	446	40.74487634	-73.99529885	1
0	23	3000	375	40.72679454	-73.99695094	415	40.7047177	-74.00926027	1
0	23	42542	483	40.73223272	-73.98889957	453	40.74475148	-73.99915362	1
0	23	53486	325	40.73624527	-73.98473765	456	40.7597108	-73.97402311	1
0	23	62876	362	40.75172632	-73.98753523	368	40.73038599	-74.00214988	1
0	23	23470	483	40.73223272	-73.98889957	482	40.73935542	-73.99931783	1
0	23	68212	449	40.76461837	-73.98789473	264	40.70706456	-74.00731853	1
0	23	20775	325	40.73624527	-73.98473765	263	40.71729	-73.996375	1
0	23	22601	434	40.74317449	-74.00366443	504	40.73221853	-73.98165557	1
0	23	46583	434	40.74317449	-74.00366443	152	40.71473993	-74.00910627	1
0	23	557	380	40.73401143	-74.00293877	229	40.72743423	-73.99379025	1
0	23	65964	395	40.68807003	-73.98410637	431	40.68864636	-73.98263429	1
0	23	23881	392	40.695065	-73.987167	412	40.7158155	-73.99422366	2
0	23	6317	116	40.74177603	-74.00149746	474	40.7451677	-73.98683077	1
0	23	30661	116	40.74177603	-74.00149746	280	40.73331967	-73.99510132	1
0	23	9700	348	40.72490985	-74.00154702	329	40.72043411	-74.01020609	1
0	23	68213	445	40.72740794	-73.98142006	225	40.74195138	-74.00803013	1
0	23	61601	223	40.73781509	-73.99994661	545	40.736502	-73.97809472	1
0	23	56867	267	40.75097711	-73.98765428	494	40.74734825	-73.99723551	1
0	23	13407	271	40.68528172	-73.97805813	258	40.68940747	-73.96885458	1
0	23	22429	475	40.73524276	-73.98758561	473	40.72110063	-73.9919254	1
0	23	12295	519	40.75188406	-73.97770164	507	40.73912601	-73.97973776	1
0	23	16363	386	40.71494807	-74.00234482	2010	40.72165481	-74.00234737	1
0	23	14979	537	40.74025878	-73.98409214	501	40.744219	-73.97121214	1
0	23	20915	254	40.73532427	-73.99800419	325	40.73624527	-73.98473765	1
0	23	39686	545	40.736502	-73.97809472	285	40.73454567	-73.99074142	2
0	23	23297	479	40.76019252	-73.9912551	462	40.74691959	-74.00451887	1
0	23	40261	475	40.73524276	-73.98758561	455	40.75001986	-73.96905301	1
0	23	16181	522	40.75714758	-73.97207836	490	40.751551	-73.993934	1
0	23	12056	416	40.68753406	-73.97265183	373	40.69331716	-73.95381995	1
0	23	48447	309	40.7149787	-74.013012	404	40.7405826	-74.00550867	1
0	23	3656	483	40.73223272	-73.98889957	519	40.75188406	-73.97770164	1
0	23	24115	334	40.74238787	-73.99726235	236	40.7284186	-73.98713956	1
0	23	6179	432	40.72621788	-73.98379855	540	40.74147286	-73.98320928	1
0	23	33313	457	40.76695317	-73.98169333	514	40.76087502	-74.00277668	1
0	23	361	164	40.75323098	-73.97032517	498	40.74854862	-73.98808416	1
0	23	48428	408	40.71076228	-73.99400398	363	40.70834698	-74.01713445	2
0	23	45638	473	40.72110063	-73.9919254	504	40.73221853	-73.98165557	1
0	23	51869	433	40.72955361	-73.98057249	82	40.71117416	-74.00016545	1
0	23	9317	127	40.73172428	-74.00674436	293	40.73028666	-73.9907647	1
0	23	47037	439	40.7262807	-73.98978041	361	40.71605866	-73.99190759	1
0	23	53	317	40.72453734	-73.98185424	537	40.74025878	-73.98409214	1
0	23	17896	367	40.75828065	-73.97069431	469	40.76344058	-73.98268129	1
0	23	20433	480	40.76669671	-73.99061728	440	40.75255434	-73.97282625	1
0	23	23765	157	40.69089272	-73.99612349	324	40.689888	-73.981013	1
0	23	9993	499	40.76915505	-73.98191841	490	40.751551	-73.993934	1
0	23	22672	334	40.74238787	-73.99726235	128	40.72710258	-74.00297088	1
0	23	41836	236	40.7284186	-73.98713956	307	40.71427487	-73.98990025	1
0	23	21302	146	40.71625008	-74.0091059	249	40.71870987	-74.0090009	1
0	23	11228	494	40.74734825	-73.99723551	488	40.75645824	-73.99372222	1
0	23	9522	494	40.74734825	-73.99723551	447	40.76370739	-73.9851615	1
0	23	33631	325	40.73624527	-73.98473765	453	40.74475148	-73.99915362	1
0	23	10121	326	40.72953837	-73.98426726	284	40.7390169121	-74.0026376103	1
0	23	33818	432	40.72621788	-73.98379855	472	40.7457121	-73.98194829	1
0	23	9413	537	40.74025878	-73.98409214	472	40.7457121	-73.98194829	1
0	23	41207	475	40.73524276	-73.98758561	349	40.71850211	-73.98329859	1
0	23	4834	486	40.7462009	-73.98855723	540	40.74147286	-73.98320928	1
0	23	2238	497	40.73704984	-73.99009296	537	40.74025878	-73.98409214	1
0	23	7588	361	40.71605866	-73.99190759	128	40.72710258	-74.00297088	1
0	23	37021	257	40.71939226	-74.00247214	263	40.71729	-73.996375	1
0	23	12595	293	40.73028666	-73.9907647	251	40.72317958	-73.99480012	1
0	23	953	472	40.7457121	-73.98194829	536	40.74144387	-73.97536082	1
0	23	2342	477	40.75640548	-73.9900262	447	40.76370739	-73.9851615	1
0	23	6828	509	40.7454973	-74.00197139	254	40.73532427	-73.99800419	1
0	23	52090	312	40.722055	-73.989111	320	40.71743998	-74.00583475	1
0	23	40588	2017	40.75022392	-73.97121414	280	40.73331967	-73.99510132	1
0	23	5413	420	40.68764484	-73.96968902	421	40.69573398	-73.97129668	1
0	23	31513	348	40.72490985	-74.00154702	428	40.72467721	-73.98783413	1
0	23	67335	263	40.71729	-73.996375	260	40.70365182	-74.01167797	1
0	23	28092	280	40.73331967	-73.99510132	128	40.72710258	-74.00297088	1
0	23	27173	492	40.75019995	-73.99093085	523	40.75466591	-73.99138152	1
0	23	12324	459	40.746745	-74.007756	280	40.73331967	-73.99510132	1
0	23	15667	494	40.74734825	-73.99723551	521	40.75044999	-73.99481051	1
0	23	21229	512	40.7500727	-73.99839279	477	40.75640548	-73.9900262	1
0	23	12422	498	40.74854862	-73.98808416	540	40.74147286	-73.98320928	1
0	23	1473	380	40.73401143	-74.00293877	382	40.73492695	-73.99200509	1
0	23	19453	507	40.73912601	-73.97973776	504	40.73221853	-73.98165557	1
0	23	68214	357	40.73261787	-73.99158043	157	40.69089272	-73.99612349	1
0	23	11284	293	40.73028666	-73.9907647	325	40.73624527	-73.98473765	1
0	23	63298	320	40.71743998	-74.00583475	528	40.74290902	-73.97706058	1
0	23	18556	533	40.75299641	-73.98721619	450	40.76227205	-73.98788205	1
0	23	62648	348	40.72490985	-74.00154702	508	40.76341379	-73.99667444	1
0	23	29884	251	40.72317958	-73.99480012	271	40.68528172	-73.97805813	2
0	23	19013	375	40.72679454	-73.99695094	473	40.72110063	-73.9919254	1
0	23	2272	293	40.73028666	-73.9907647	223	40.73781509	-73.99994661	1
0	23	62698	127	40.73172428	-74.00674436	306	40.70823502	-74.00530063	1
0	23	47100	361	40.71605866	-73.99190759	298	40.68683208	-73.9796772	1
0	23	48554	236	40.7284186	-73.98713956	238	40.7361967	-74.00859207	1
0	23	68215	546	40.74444921	-73.98303529	480	40.76669671	-73.99061728	1
0	23	68216	368	40.73038599	-74.00214988	392	40.695065	-73.987167	1
0	23	17649	477	40.75640548	-73.9900262	521	40.75044999	-73.99481051	1
0	23	10394	447	40.76370739	-73.9851615	423	40.76584941	-73.98690506	1
0	23	15403	519	40.75188406	-73.97770164	160	40.748238	-73.978311	1
0	23	24278	336	40.73047747	-73.99906065	528	40.74290902	-73.97706058	2
0	23	23252	477	40.75640548	-73.9900262	514	40.76087502	-74.00277668	1
0	23	3974	380	40.73401143	-74.00293877	404	40.7405826	-74.00550867	1
0	23	31227	268	40.71910537	-73.99973337	319	40.71336124	-74.00937622	1
0	23	5738	307	40.71427487	-73.98990025	428	40.72467721	-73.98783413	1
0	23	54591	361	40.71605866	-73.99190759	311	40.7172274	-73.98802084	1
0	23	25639	504	40.73221853	-73.98165557	357	40.73261787	-73.99158043	1
0	23	1486	531	40.71893904	-73.99266288	356	40.71622644	-73.98261206	1
0	23	13839	363	40.70834698	-74.01713445	363	40.70834698	-74.01713445	1
0	23	10493	499	40.76915505	-73.98191841	450	40.76227205	-73.98788205	1
0	23	22299	224	40.71146364	-74.00552427	224	40.71146364	-74.00552427	1
0	23	7288	492	40.75019995	-73.99093085	507	40.73912601	-73.97973776	1
0	23	6403	305	40.76095756	-73.96724467	457	40.76695317	-73.98169333	1
0	23	9620	361	40.71605866	-73.99190759	361	40.71605866	-73.99190759	1
0	23	13629	345	40.73649403	-73.99704374	470	40.74345335	-74.00004031	1
0	23	34028	477	40.75640548	-73.9900262	488	40.75645824	-73.99372222	1
0	23	36073	369	40.73224119	-74.00026394	237	40.73047309	-73.98672378	2
0	23	9728	490	40.751551	-73.993934	514	40.76087502	-74.00277668	1
0	23	68217	271	40.68528172	-73.97805813	526	40.74765947	-73.98490707	1
0	23	2825	2023	40.75968085	-73.97031366	318	40.75320159	-73.9779874	1
0	23	39280	499	40.76915505	-73.98191841	237	40.73047309	-73.98672378	1
0	23	45672	463	40.74206539	-74.00443172	150	40.7208736	-73.98085795	2
0	23	14319	168	40.73971301	-73.99456405	469	40.76344058	-73.98268129	1
0	23	9276	311	40.7172274	-73.98802084	263	40.71729	-73.996375	1
0	23	7442	404	40.7405826	-74.00550867	459	40.746745	-74.007756	1
0	23	8636	404	40.7405826	-74.00550867	345	40.73649403	-73.99704374	1
0	23	3395	545	40.736502	-73.97809472	492	40.75019995	-73.99093085	1
0	23	15551	528	40.74290902	-73.97706058	439	40.7262807	-73.98978041	1
0	23	46	438	40.72779126	-73.98564945	438	40.72779126	-73.98564945	1
0	23	10652	229	40.72743423	-73.99379025	151	40.7218158	-73.99720307	1
0	23	36599	241	40.68981035	-73.97493121	241	40.68981035	-73.97493121	2
0	23	16722	463	40.74206539	-74.00443172	465	40.75513557	-73.98658032	1
0	23	23660	310	40.68926942	-73.98912867	365	40.68223166	-73.9614583	1
0	23	30781	312	40.722055	-73.989111	509	40.7454973	-74.00197139	1
0	23	2540	345	40.73649403	-73.99704374	284	40.7390169121	-74.0026376103	1
0	23	22287	412	40.7158155	-73.99422366	2009	40.71117444	-73.99682619	1
0	23	31310	517	40.75149263	-73.97798848	504	40.73221853	-73.98165557	1
0	23	15893	504	40.73221853	-73.98165557	521	40.75044999	-73.99481051	1
0	23	13719	488	40.75645824	-73.99372222	509	40.7454973	-74.00197139	1
0	23	6642	284	40.7390169121	-74.0026376103	347	40.72873888	-74.00748842	2
0	23	23703	285	40.73454567	-73.99074142	167	40.7489006	-73.97604882	1
0	23	16330	2023	40.75968085	-73.97031366	521	40.75044999	-73.99481051	1
0	23	55016	345	40.73649403	-73.99704374	440	40.75255434	-73.97282625	1
0	23	17288	517	40.75149263	-73.97798848	307	40.71427487	-73.98990025	1
0	23	34291	471	40.71286844	-73.95698119	282	40.70827295	-73.96834101	1
0	23	27530	517	40.75149263	-73.97798848	305	40.76095756	-73.96724467	1
0	23	42288	515	40.76009437	-73.99461843	290	40.76020258	-73.96478473	2
0	23	24	369	40.73224119	-74.00026394	127	40.73172428	-74.00674436	1
0	23	588	128	40.72710258	-74.00297088	254	40.73532427	-73.99800419	1
0	23	11791	324	40.689888	-73.981013	262	40.69178232	-73.97372989	1
0	23	691	336	40.73047747	-73.99906065	405	40.739323	-74.008119	1
0	23	14126	336	40.73047747	-73.99906065	284	40.7390169121	-74.0026376103	1
0	23	16431	147	40.71542197	-74.01121978	422	40.770513	-73.988038	1
0	23	1440	157	40.69089272	-73.99612349	391	40.69760127	-73.99344559	1
0	23	4273	528	40.74290902	-73.97706058	459	40.746745	-74.007756	1
0	23	3102	477	40.75640548	-73.9900262	472	40.7457121	-73.98194829	2
0	23	7769	475	40.73524276	-73.98758561	459	40.746745	-74.007756	1
0	23	1810	237	40.73047309	-73.98672378	128	40.72710258	-74.00297088	1
0	23	42477	72	40.76727216	-73.99392888	518	40.74780373	-73.9734419	1
0	23	13954	466	40.74395411	-73.99144871	375	40.72679454	-73.99695094	1
0	23	22818	285	40.73454567	-73.99074142	285	40.73454567	-73.99074142	1
0	23	7333	469	40.76344058	-73.98268129	173	40.76064679	-73.98442659	1
0	23	4073	314	40.69424674	-73.99215922	2000	40.70255088	-73.98940236	1
0	23	11573	237	40.73047309	-73.98672378	161	40.72917025	-73.99810231	1
0	23	8184	403	40.72502876	-73.99069656	459	40.746745	-74.007756	1
0	23	10579	436	40.68216564	-73.95399026	409	40.6906495	-73.95643107	1
0	23	10725	157	40.69089272	-73.99612349	323	40.69236178	-73.98631746	1
0	23	23760	157	40.69089272	-73.99612349	430	40.7014851	-73.98656928	1
0	23	1927	504	40.73221853	-73.98165557	518	40.74780373	-73.9734419	1
0	23	329	453	40.74475148	-73.99915362	450	40.76227205	-73.98788205	1
0	23	28115	329	40.72043411	-74.01020609	296	40.71413089	-73.9970468	1
0	23	21701	439	40.7262807	-73.98978041	295	40.71406667	-73.99293911	1
0	23	19973	533	40.75299641	-73.98721619	335	40.72903917	-73.99404649	1
0	23	35086	473	40.72110063	-73.9919254	428	40.72467721	-73.98783413	1
0	23	5562	383	40.735238	-74.000271	466	40.74395411	-73.99144871	1
0	23	28667	504	40.73221853	-73.98165557	528	40.74290902	-73.97706058	1
0	23	26687	404	40.7405826	-74.00550867	489	40.75066386	-74.00176802	1
0	23	57407	473	40.72110063	-73.9919254	414	40.70281858	-73.98765762	1
0	23	23840	329	40.72043411	-74.01020609	82	40.71117416	-74.00016545	1
0	23	54667	325	40.73624527	-73.98473765	361	40.71605866	-73.99190759	1
0	23	6072	435	40.74173969	-73.99415556	545	40.736502	-73.97809472	1
0	23	1941	403	40.72502876	-73.99069656	504	40.73221853	-73.98165557	1
0	23	29365	482	40.73935542	-73.99931783	453	40.74475148	-73.99915362	1
0	23	20332	128	40.72710258	-74.00297088	494	40.74734825	-73.99723551	1
0	23	3049	325	40.73624527	-73.98473765	402	40.7403432	-73.98955109	1
0	23	51016	439	40.7262807	-73.98978041	296	40.71413089	-73.9970468	2
0	23	3692	382	40.73492695	-73.99200509	127	40.73172428	-74.00674436	1
0	23	32825	2023	40.75968085	-73.97031366	385	40.75797322	-73.96603308	1
0	23	28056	520	40.75992262	-73.97648516	456	40.7597108	-73.97402311	1
0	23	8554	488	40.75645824	-73.99372222	521	40.75044999	-73.99481051	1
0	23	39608	422	40.770513	-73.988038	336	40.73047747	-73.99906065	1
0	23	13282	312	40.722055	-73.989111	2010	40.72165481	-74.00234737	1
0	23	10536	375	40.72679454	-73.99695094	252	40.73226398	-73.99852205	1
0	23	9141	311	40.7172274	-73.98802084	320	40.71743998	-74.00583475	2
0	23	68218	534	40.70255065	-74.0127234	280	40.73331967	-73.99510132	1
0	23	13204	434	40.74317449	-74.00366443	462	40.74691959	-74.00451887	1
0	23	2977	472	40.7457121	-73.98194829	492	40.75019995	-73.99093085	1
0	23	117	447	40.76370739	-73.9851615	499	40.76915505	-73.98191841	1
0	23	12379	361	40.71605866	-73.99190759	382	40.73492695	-73.99200509	1
0	23	21248	519	40.75188406	-73.97770164	150	40.7208736	-73.98085795	1
0	23	10980	520	40.75992262	-73.97648516	281	40.7643971	-73.97371465	1
0	23	15326	459	40.746745	-74.007756	2017	40.75022392	-73.97121414	1
0	23	54600	293	40.73028666	-73.9907647	408	40.71076228	-73.99400398	1
0	23	41808	324	40.689888	-73.981013	372	40.694528	-73.958089	1
0	23	44432	363	40.70834698	-74.01713445	519	40.75188406	-73.97770164	1
0	23	16020	375	40.72679454	-73.99695094	545	40.736502	-73.97809472	1
0	23	4579	237	40.73047309	-73.98672378	357	40.73261787	-73.99158043	1
0	23	3649	223	40.73781509	-73.99994661	358	40.73291553	-74.00711384	2
0	23	33270	439	40.7262807	-73.98978041	150	40.7208736	-73.98085795	3
0	23	37582	464	40.75934501	-73.96759673	518	40.74780373	-73.9734419	1
0	23	3052	387	40.71273266	-74.0046073	296	40.71413089	-73.9970468	1
0	23	12573	528	40.74290902	-73.97706058	504	40.73221853	-73.98165557	1
0	23	11853	490	40.751551	-73.993934	515	40.76009437	-73.99461843	2
0	23	10063	489	40.75066386	-74.00176802	470	40.74345335	-74.00004031	1
0	23	20394	523	40.75466591	-73.99138152	486	40.7462009	-73.98855723	1
0	23	10412	264	40.70706456	-74.00731853	540	40.74147286	-73.98320928	1
0	23	8088	404	40.7405826	-74.00550867	546	40.74444921	-73.98303529	1
0	23	9001	382	40.73492695	-73.99200509	335	40.72903917	-73.99404649	2
0	23	8601	447	40.76370739	-73.9851615	326	40.72953837	-73.98426726	1
0	23	22948	323	40.69236178	-73.98631746	406	40.69512845	-73.99595065	1
0	23	8054	521	40.75044999	-73.99481051	536	40.74144387	-73.97536082	1
0	23	20153	494	40.74734825	-73.99723551	458	40.751396	-74.005226	1
0	23	16355	470	40.74345335	-74.00004031	521	40.75044999	-73.99481051	1
0	23	23156	477	40.75640548	-73.9900262	512	40.7500727	-73.99839279	1
0	23	24050	477	40.75640548	-73.9900262	490	40.751551	-73.993934	1
0	23	27808	499	40.76915505	-73.98191841	362	40.75172632	-73.98753523	1
0	23	60814	434	40.74317449	-74.00366443	486	40.7462009	-73.98855723	1
0	23	21504	507	40.73912601	-73.97973776	150	40.7208736	-73.98085795	1
0	23	15271	327	40.7153379	-74.01658354	368	40.73038599	-74.00214988	1
0	23	42925	380	40.73401143	-74.00293877	546	40.74444921	-73.98303529	2
0	23	24934	265	40.72229346	-73.99147535	150	40.7208736	-73.98085795	1
0	23	24083	347	40.72873888	-74.00748842	79	40.71911552	-74.00666661	1
0	23	17388	518	40.74780373	-73.9734419	504	40.73221853	-73.98165557	1
0	23	3924	447	40.76370739	-73.9851615	426	40.71754834	-74.01322069	2
0	23	12607	304	40.70463334	-74.01361706	363	40.70834698	-74.01713445	1
0	23	36356	459	40.746745	-74.007756	306	40.70823502	-74.00530063	1
0	23	8001	307	40.71427487	-73.98990025	311	40.7172274	-73.98802084	1
0	23	23634	368	40.73038599	-74.00214988	446	40.74487634	-73.99529885	1
0	23	46748	254	40.73532427	-73.99800419	251	40.72317958	-73.99480012	1
0	23	16079	402	40.7403432	-73.98955109	438	40.72779126	-73.98564945	1
0	23	44103	401	40.72019576	-73.98997825	528	40.74290902	-73.97706058	1
0	23	2697	459	40.746745	-74.007756	524	40.75527307	-73.98316936	1
0	23	54064	377	40.72243797	-74.00566443	250	40.72456089	-73.99565293	1
0	23	23400	453	40.74475148	-73.99915362	488	40.75645824	-73.99372222	1
0	23	48279	293	40.73028666	-73.9907647	361	40.71605866	-73.99190759	1
0	23	27132	498	40.74854862	-73.98808416	252	40.73226398	-73.99852205	1
0	23	3354	293	40.73028666	-73.9907647	150	40.7208736	-73.98085795	1
0	23	1716	477	40.75640548	-73.9900262	504	40.73221853	-73.98165557	1
0	23	28401	276	40.71748752	-74.0104554	320	40.71743998	-74.00583475	1
0	23	9072	462	40.74691959	-74.00451887	383	40.735238	-74.000271	1
0	23	50621	412	40.7158155	-73.99422366	428	40.72467721	-73.98783413	2
0	23	15021	380	40.73401143	-74.00293877	326	40.72953837	-73.98426726	1
0	23	13597	300	40.728145	-73.990214	300	40.728145	-73.990214	1
0	23	22952	308	40.71307916	-73.99851193	428	40.72467721	-73.98783413	1
0	23	36492	444	40.7423543	-73.98915076	525	40.75594159	-74.0021163	1
0	23	21821	509	40.7454973	-74.00197139	309	40.7149787	-74.013012	1
0	23	50300	217	40.70277159	-73.99383605	386	40.71494807	-74.00234482	2
0	23	21070	251	40.72317958	-73.99480012	483	40.73223272	-73.98889957	1
0	23	39218	455	40.75001986	-73.96905301	305	40.76095756	-73.96724467	1
0	23	19016	348	40.72490985	-74.00154702	212	40.74334935	-74.00681753	1
0	23	2435	447	40.76370739	-73.9851615	529	40.7575699	-73.99098507	1
0	23	24846	502	40.714215	-73.981346	320	40.71743998	-74.00583475	1
0	23	41926	249	40.71870987	-74.0090009	489	40.75066386	-74.00176802	1
0	23	43473	251	40.72317958	-73.99480012	359	40.75510267	-73.97498696	1
0	23	52431	161	40.72917025	-73.99810231	247	40.73535398	-74.00483091	1
0	23	5700	284	40.7390169121	-74.0026376103	267	40.75097711	-73.98765428	1
0	23	898	307	40.71427487	-73.98990025	82	40.71117416	-74.00016545	1
0	23	15291	519	40.75188406	-73.97770164	326	40.72953837	-73.98426726	1
0	23	2886	537	40.74025878	-73.98409214	251	40.72317958	-73.99480012	1
0	23	64606	445	40.72740794	-73.98142006	82	40.71117416	-74.00016545	1
0	23	21578	459	40.746745	-74.007756	531	40.71893904	-73.99266288	1
0	23	31738	2010	40.72165481	-74.00234737	466	40.74395411	-73.99144871	1
0	23	31518	482	40.73935542	-73.99931783	265	40.72229346	-73.99147535	1
0	23	29593	435	40.74173969	-73.99415556	127	40.73172428	-74.00674436	1
0	23	14499	359	40.75510267	-73.97498696	492	40.75019995	-73.99093085	1
0	23	8136	447	40.76370739	-73.9851615	512	40.7500727	-73.99839279	1
0	23	30054	509	40.7454973	-74.00197139	251	40.72317958	-73.99480012	1
0	23	7616	482	40.73935542	-73.99931783	507	40.73912601	-73.97973776	1
0	23	16811	376	40.70862144	-74.00722156	415	40.7047177	-74.00926027	1
0	23	17628	382	40.73492695	-73.99200509	514	40.76087502	-74.00277668	1
0	23	21043	326	40.72953837	-73.98426726	297	40.734232	-73.986923	1
0	23	18807	357	40.73261787	-73.99158043	312	40.722055	-73.989111	1
0	23	1255	79	40.71911552	-74.00666661	347	40.72873888	-74.00748842	1
0	23	39514	239	40.69196566	-73.9813018	313	40.69610226	-73.96751037	1
0	23	68219	422	40.770513	-73.988038	428	40.72467721	-73.98783413	1
0	23	68220	349	40.71850211	-73.98329859	337	40.7037992	-74.00838676	1
0	23	10137	361	40.71605866	-73.99190759	401	40.72019576	-73.98997825	1
0	23	28260	361	40.71605866	-73.99190759	329	40.72043411	-74.01020609	1
0	23	123	479	40.76019252	-73.9912551	450	40.76227205	-73.98788205	1
0	23	44899	470	40.74345335	-74.00004031	348	40.72490985	-74.00154702	1
0	23	33606	385	40.75797322	-73.96603308	507	40.73912601	-73.97973776	1
0	23	47841	529	40.7575699	-73.99098507	223	40.73781509	-73.99994661	1
0	23	45315	161	40.72917025	-73.99810231	502	40.714215	-73.981346	1
0	23	39163	470	40.74345335	-74.00004031	465	40.75513557	-73.98658032	1
0	23	6020	358	40.73291553	-74.00711384	439	40.7262807	-73.98978041	2
0	23	676	519	40.75188406	-73.97770164	475	40.73524276	-73.98758561	1
0	23	23738	546	40.74444921	-73.98303529	473	40.72110063	-73.9919254	1
0	23	12540	459	40.746745	-74.007756	336	40.73047747	-73.99906065	1
0	23	8643	311	40.7172274	-73.98802084	502	40.714215	-73.981346	1
0	23	51697	428	40.72467721	-73.98783413	455	40.75001986	-73.96905301	1
0	23	32637	462	40.74691959	-74.00451887	160	40.748238	-73.978311	1
0	23	39826	501	40.744219	-73.97121214	147	40.71542197	-74.01121978	1
0	23	10655	326	40.72953837	-73.98426726	466	40.74395411	-73.99144871	1
0	23	22375	236	40.7284186	-73.98713956	473	40.72110063	-73.9919254	1
0	23	8921	152	40.71473993	-74.00910627	387	40.71273266	-74.0046073	1
0	23	26223	79	40.71911552	-74.00666661	161	40.72917025	-73.99810231	2
0	23	35178	457	40.76695317	-73.98169333	412	40.7158155	-73.99422366	1
0	23	20511	540	40.74147286	-73.98320928	297	40.734232	-73.986923	2
0	23	48494	345	40.73649403	-73.99704374	276	40.71748752	-74.0104554	1
0	23	30894	297	40.734232	-73.986923	504	40.73221853	-73.98165557	1
0	23	41408	403	40.72502876	-73.99069656	339	40.72580614	-73.97422494	1
0	23	3716	247	40.73535398	-74.00483091	426	40.71754834	-74.01322069	1
0	23	21181	284	40.7390169121	-74.0026376103	223	40.73781509	-73.99994661	1
0	23	13359	146	40.71625008	-74.0091059	488	40.75645824	-73.99372222	1
0	23	38229	463	40.74206539	-74.00443172	346	40.73652889	-74.00618026	1
0	23	44279	437	40.6809833854	-73.9500479759	384	40.68317813	-73.9659641	1
0	23	34719	350	40.71559509	-73.9870295	2002	40.716887	-73.963198	1
0	23	24697	512	40.7500727	-73.99839279	305	40.76095756	-73.96724467	1
0	23	68221	383	40.735238	-74.000271	486	40.7462009	-73.98855723	1
0	23	9538	383	40.735238	-74.000271	490	40.751551	-73.993934	1
0	23	43937	251	40.72317958	-73.99480012	2002	40.716887	-73.963198	1
0	23	45572	512	40.7500727	-73.99839279	284	40.7390169121	-74.0026376103	1
0	23	891	224	40.71146364	-74.00552427	306	40.70823502	-74.00530063	1
0	23	33529	345	40.73649403	-73.99704374	317	40.72453734	-73.98185424	1
0	23	38831	225	40.74195138	-74.00803013	450	40.76227205	-73.98788205	1
0	23	17970	237	40.73047309	-73.98672378	536	40.74144387	-73.97536082	1
0	23	40752	151	40.7218158	-73.99720307	393	40.72299208	-73.97995466	1
0	23	31449	83	40.68382604	-73.97632328	244	40.69196035	-73.96536851	1
0	23	43805	301	40.72217444	-73.98368779	455	40.75001986	-73.96905301	1
0	23	8658	310	40.68926942	-73.98912867	366	40.693261	-73.968896	1
0	23	52008	83	40.68382604	-73.97632328	282	40.70827295	-73.96834101	1
0	23	15902	499	40.76915505	-73.98191841	479	40.76019252	-73.9912551	1
0	23	14323	233	40.69246277	-73.98963911	261	40.69474881	-73.98362464	1
0	23	9037	459	40.746745	-74.007756	497	40.73704984	-73.99009296	1
0	23	23051	453	40.74475148	-73.99915362	383	40.735238	-74.000271	1
0	23	11940	347	40.72873888	-74.00748842	363	40.70834698	-74.01713445	1
0	23	14573	537	40.74025878	-73.98409214	297	40.734232	-73.986923	1
0	23	46502	2000	40.70255088	-73.98940236	242	40.69788349	-73.97350332	1
0	23	20722	146	40.71625008	-74.0091059	284	40.7390169121	-74.0026376103	1
0	23	38544	528	40.74290902	-73.97706058	251	40.72317958	-73.99480012	1
0	23	18821	463	40.74206539	-74.00443172	459	40.746745	-74.007756	1
0	23	23673	297	40.734232	-73.986923	229	40.72743423	-73.99379025	1
0	23	8363	529	40.7575699	-73.99098507	447	40.76370739	-73.9851615	1
0	23	68222	437	40.6809833854	-73.9500479759	420	40.68764484	-73.96968902	1
0	23	14133	438	40.72779126	-73.98564945	459	40.746745	-74.007756	1
0	23	9259	237	40.73047309	-73.98672378	393	40.72299208	-73.97995466	1
0	23	22161	470	40.74345335	-74.00004031	448	40.75660359	-73.9979009	1
0	23	22466	439	40.7262807	-73.98978041	341	40.71782143	-73.97628939	1
0	23	54207	486	40.7462009	-73.98855723	505	40.74901271	-73.98848395	1
0	23	22651	458	40.751396	-74.005226	241	40.68981035	-73.97493121	1
0	23	1344	329	40.72043411	-74.01020609	426	40.71754834	-74.01322069	1
0	23	15568	274	40.68691865	-73.976682	83	40.68382604	-73.97632328	1
0	23	365	346	40.73652889	-74.00618026	470	40.74345335	-74.00004031	1
0	23	8219	345	40.73649403	-73.99704374	336	40.73047747	-73.99906065	1
0	23	2447	528	40.74290902	-73.97706058	336	40.73047747	-73.99906065	1
0	23	5842	514	40.76087502	-74.00277668	514	40.76087502	-74.00277668	1
0	23	7488	475	40.73524276	-73.98758561	504	40.73221853	-73.98165557	1
0	23	8064	334	40.74238787	-73.99726235	127	40.73172428	-74.00674436	1
0	23	38419	450	40.76227205	-73.98788205	428	40.72467721	-73.98783413	1
0	23	4857	345	40.73649403	-73.99704374	462	40.74691959	-74.00451887	1
0	23	17248	524	40.75527307	-73.98316936	522	40.75714758	-73.97207836	1
0	23	23101	284	40.7390169121	-74.0026376103	453	40.74475148	-73.99915362	1
0	23	27347	146	40.71625008	-74.0091059	347	40.72873888	-74.00748842	1
0	23	40994	494	40.74734825	-73.99723551	504	40.73221853	-73.98165557	1
0	23	27746	477	40.75640548	-73.9900262	325	40.73624527	-73.98473765	1
0	23	3703	448	40.75660359	-73.9979009	513	40.768254	-73.988639	1
0	23	34588	450	40.76227205	-73.98788205	441	40.756014	-73.967416	1
0	23	21047	384	40.68317813	-73.9659641	244	40.69196035	-73.96536851	1
0	23	43572	268	40.71910537	-73.99973337	473	40.72110063	-73.9919254	1
0	23	21605	428	40.72467721	-73.98783413	285	40.73454567	-73.99074142	2
0	23	20411	518	40.74780373	-73.9734419	164	40.75323098	-73.97032517	1
0	23	2534	116	40.74177603	-74.00149746	290	40.76020258	-73.96478473	1
0	23	14202	430	40.7014851	-73.98656928	278	40.69766564	-73.98476437	1
0	23	22032	128	40.72710258	-74.00297088	369	40.73224119	-74.00026394	1
0	23	68223	295	40.71406667	-73.99293911	249	40.71870987	-74.0090009	1
0	23	12680	499	40.76915505	-73.98191841	449	40.76461837	-73.98789473	1
0	23	15006	512	40.7500727	-73.99839279	404	40.7405826	-74.00550867	1
0	23	27953	82	40.71117416	-74.00016545	264	40.70706456	-74.00731853	1
0	23	41930	329	40.72043411	-74.01020609	477	40.75640548	-73.9900262	1
0	23	594	116	40.74177603	-74.00149746	482	40.73935542	-73.99931783	1
0	23	3224	383	40.735238	-74.000271	284	40.7390169121	-74.0026376103	1
0	23	21891	312	40.722055	-73.989111	358	40.73291553	-74.00711384	1
0	23	9204	281	40.7643971	-73.97371465	422	40.770513	-73.988038	1
0	23	56853	285	40.73454567	-73.99074142	310	40.68926942	-73.98912867	1
0	23	51213	307	40.71427487	-73.98990025	380	40.73401143	-74.00293877	1
0	23	8666	336	40.73047747	-73.99906065	229	40.72743423	-73.99379025	1
0	23	4734	475	40.73524276	-73.98758561	330	40.71450451	-74.00562789	1
0	23	66925	433	40.72955361	-73.98057249	2010	40.72165481	-74.00234737	1
0	23	4	430	40.7014851	-73.98656928	323	40.69236178	-73.98631746	1
0	23	45509	383	40.735238	-74.000271	537	40.74025878	-73.98409214	1
0	23	47190	284	40.7390169121	-74.0026376103	499	40.76915505	-73.98191841	1
0	23	21197	447	40.76370739	-73.9851615	479	40.76019252	-73.9912551	1
0	23	31339	439	40.7262807	-73.98978041	369	40.73224119	-74.00026394	1
0	23	32021	116	40.74177603	-74.00149746	368	40.73038599	-74.00214988	1
0	23	22869	486	40.7462009	-73.98855723	498	40.74854862	-73.98808416	1
0	23	14988	383	40.735238	-74.000271	470	40.74345335	-74.00004031	1
0	23	53609	502	40.714215	-73.981346	268	40.71910537	-73.99973337	1
0	23	9981	459	40.746745	-74.007756	284	40.7390169121	-74.0026376103	1
0	23	42484	531	40.71893904	-73.99266288	295	40.71406667	-73.99293911	1
0	23	21433	360	40.70717936	-74.00887308	438	40.72779126	-73.98564945	1
0	23	4275	519	40.75188406	-73.97770164	515	40.76009437	-73.99461843	1
0	23	5174	247	40.73535398	-74.00483091	285	40.73454567	-73.99074142	1
0	23	38097	410	40.72066442	-73.98517977	439	40.7262807	-73.98978041	1
0	23	15764	422	40.770513	-73.988038	402	40.7403432	-73.98955109	1
0	23	436	462	40.74691959	-74.00451887	514	40.76087502	-74.00277668	1
0	23	36146	237	40.73047309	-73.98672378	546	40.74444921	-73.98303529	1
0	23	59440	242	40.69788349	-73.97350332	311	40.7172274	-73.98802084	1
0	23	34567	483	40.73223272	-73.98889957	445	40.72740794	-73.98142006	1
0	23	30178	497	40.73704984	-73.99009296	79	40.71911552	-74.00666661	1
0	23	32827	509	40.7454973	-74.00197139	348	40.72490985	-74.00154702	1
0	23	5388	174	40.7381765	-73.97738662	536	40.74144387	-73.97536082	1
0	23	17658	325	40.73624527	-73.98473765	161	40.72917025	-73.99810231	2
0	23	3198	317	40.72453734	-73.98185424	223	40.73781509	-73.99994661	1
0	23	23477	479	40.76019252	-73.9912551	449	40.76461837	-73.98789473	1
0	23	8000	293	40.73028666	-73.9907647	368	40.73038599	-74.00214988	1
0	23	33952	336	40.73047747	-73.99906065	459	40.746745	-74.007756	1
0	23	1924	482	40.73935542	-73.99931783	497	40.73704984	-73.99009296	1
0	23	8085	247	40.73535398	-74.00483091	348	40.72490985	-74.00154702	1
0	23	33492	326	40.72953837	-73.98426726	401	40.72019576	-73.98997825	1
0	23	19541	404	40.7405826	-74.00550867	326	40.72953837	-73.98426726	1
0	23	23274	441	40.756014	-73.967416	441	40.756014	-73.967416	1
0	23	14055	152	40.71473993	-74.00910627	368	40.73038599	-74.00214988	1
0	23	21	483	40.73223272	-73.98889957	280	40.73331967	-73.99510132	1
0	23	24162	336	40.73047747	-73.99906065	358	40.73291553	-74.00711384	1
0	23	7824	293	40.73028666	-73.9907647	463	40.74206539	-74.00443172	1
0	23	35060	392	40.695065	-73.987167	241	40.68981035	-73.97493121	1
0	23	32763	359	40.75510267	-73.97498696	537	40.74025878	-73.98409214	1
