0	0	33245	393	40.72299208	-73.97995466	2010	40.72165481	-74.00234737	2
0	0	8326	475	40.73524276	-73.98758561	475	40.73524276	-73.98758561	1
0	0	54316	280	40.73331967	-73.99510132	515	40.76009437	-73.99461843	1
0	0	46807	307	40.71427487	-73.98990025	495	40.76269882	-73.99301222	1
0	0	34745	365	40.68223166	-73.9614583	348	40.72490985	-74.00154702	1
0	0	72299	415	40.7047177	-74.00926027	298	40.68683208	-73.9796772	1
0	0	16031	228	40.7546011026	-73.971878855	465	40.75513557	-73.98658032	1
0	0	24255	280	40.73331967	-73.99510132	72	40.76727216	-73.99392888	1
0	0	68026	2022	40.75849116	-73.95920622	127	40.73172428	-74.00674436	1
0	0	35859	243	40.687979	-73.978474	355	40.71602118	-73.99974372	1
0	0	72300	520	40.75992262	-73.97648516	384	40.68317813	-73.9659641	1
0	0	67052	515	40.76009437	-73.99461843	501	40.744219	-73.97121214	1
0	0	52306	157	40.69089272	-73.99612349	241	40.68981035	-73.97493121	1
0	0	42382	152	40.71473993	-74.00910627	514	40.76087502	-74.00277668	1
0	0	30410	467	40.68312489	-73.97895137	265	40.72229346	-73.99147535	1
0	0	47100	361	40.71605866	-73.99190759	298	40.68683208	-73.9796772	1
0	0	3191	514	40.76087502	-74.00277668	327	40.7153379	-74.01658354	1
0	0	57083	472	40.7457121	-73.98194829	473	40.72110063	-73.9919254	1
0	0	64943	405	40.739323	-74.008119	537	40.74025878	-73.98409214	1
0	0	15808	352	40.76340613	-73.97722479	492	40.75019995	-73.99093085	1
0	0	22447	236	40.7284186	-73.98713956	482	40.73935542	-73.99931783	1
0	0	28546	539	40.71534825	-73.96024116	343	40.69794	-73.96986848	1
0	0	57100	248	40.72185379	-74.00771779	477	40.75640548	-73.9900262	1
0	0	14184	394	40.72521311	-73.97768752	294	40.73049393	-73.9957214	1
0	0	62049	325	40.73624527	-73.98473765	346	40.73652889	-74.00618026	1
0	0	9936	536	40.74144387	-73.97536082	259	40.70122128	-74.01234218	1
0	0	46415	482	40.73935542	-73.99931783	403	40.72502876	-73.99069656	2
0	0	23566	368	40.73038599	-74.00214988	486	40.7462009	-73.98855723	1
0	0	66695	511	40.72938685	-73.97772429	195	40.70905623	-74.01043382	1
0	0	9312	336	40.73047747	-73.99906065	404	40.7405826	-74.00550867	1
0	0	43316	146	40.71625008	-74.0091059	509	40.7454973	-74.00197139	1
0	0	69210	317	40.72453734	-73.98185424	72	40.76727216	-73.99392888	1
0	0	41253	348	40.72490985	-74.00154702	264	40.70706456	-74.00731853	1
0	0	34230	483	40.73223272	-73.98889957	127	40.73172428	-74.00674436	1
0	0	67155	297	40.734232	-73.986923	441	40.756014	-73.967416	1
0	0	5471	521	40.75044999	-73.99481051	488	40.75645824	-73.99372222	1
0	0	53245	348	40.72490985	-74.00154702	342	40.71739973	-73.98016555	1
0	0	30798	334	40.74238787	-73.99726235	512	40.7500727	-73.99839279	1
0	0	26785	472	40.7457121	-73.98194829	475	40.73524276	-73.98758561	1
0	0	55109	167	40.7489006	-73.97604882	363	40.70834698	-74.01713445	1
0	0	56113	529	40.7575699	-73.99098507	317	40.72453734	-73.98185424	1
0	0	71541	386	40.71494807	-74.00234482	422	40.770513	-73.988038	1
0	0	4487	462	40.74691959	-74.00451887	475	40.73524276	-73.98758561	1
0	0	15765	404	40.7405826	-74.00550867	2021	40.75929124	-73.98859651	1
0	0	3548	537	40.74025878	-73.98409214	401	40.72019576	-73.98997825	1
0	0	9969	264	40.70706456	-74.00731853	264	40.70706456	-74.00731853	1
0	0	19453	507	40.73912601	-73.97973776	504	40.73221853	-73.98165557	1
0	0	62662	468	40.7652654	-73.98192338	223	40.73781509	-73.99994661	1
0	0	37659	300	40.728145	-73.990214	428	40.72467721	-73.98783413	1
0	0	35068	521	40.75044999	-73.99481051	167	40.7489006	-73.97604882	1
0	0	24491	511	40.72938685	-73.97772429	151	40.7218158	-73.99720307	1
0	0	61377	276	40.71748752	-74.0104554	525	40.75594159	-74.0021163	1
0	0	43756	328	40.72405549	-74.00965965	489	40.75066386	-74.00176802	1
0	0	47998	116	40.74177603	-74.00149746	237	40.73047309	-73.98672378	1
0	0	22089	403	40.72502876	-73.99069656	325	40.73624527	-73.98473765	1
0	0	29367	79	40.71911552	-74.00666661	127	40.73172428	-74.00674436	1
0	0	45528	407	40.700469	-73.991454	157	40.69089272	-73.99612349	1
0	0	12893	484	40.75500254	-73.98014437	529	40.7575699	-73.99098507	1
0	0	14757	293	40.73028666	-73.9907647	252	40.73226398	-73.99852205	1
0	0	40975	229	40.72743423	-73.99379025	311	40.7172274	-73.98802084	2
0	0	11798	335	40.72903917	-73.99404649	459	40.746745	-74.007756	1
0	0	1398	385	40.75797322	-73.96603308	499	40.76915505	-73.98191841	1
0	0	30601	456	40.7597108	-73.97402311	528	40.74290902	-73.97706058	1
0	0	33389	212	40.74334935	-74.00681753	518	40.74780373	-73.9734419	1
0	0	6897	397	40.68415748	-73.96922273	274	40.68691865	-73.976682	1
0	0	22164	296	40.71413089	-73.9970468	408	40.71076228	-73.99400398	1
0	0	8630	293	40.73028666	-73.9907647	383	40.735238	-74.000271	1
0	0	20212	529	40.7575699	-73.99098507	490	40.751551	-73.993934	1
0	0	4242	472	40.7457121	-73.98194829	518	40.74780373	-73.9734419	1
0	0	50455	382	40.73492695	-73.99200509	393	40.72299208	-73.97995466	1
0	0	51497	325	40.73624527	-73.98473765	280	40.73331967	-73.99510132	1
0	0	13951	303	40.72362738	-73.99949601	426	40.71754834	-74.01322069	1
0	0	21894	324	40.689888	-73.981013	399	40.68851534	-73.9647628	2
0	0	2050	151	40.7218158	-73.99720307	2004	40.724399	-74.004704	1
0	0	19098	465	40.75513557	-73.98658032	160	40.748238	-73.978311	1
0	0	20667	528	40.74290902	-73.97706058	498	40.74854862	-73.98808416	1
0	0	44104	346	40.73652889	-74.00618026	223	40.73781509	-73.99994661	1
0	0	22627	439	40.7262807	-73.98978041	540	40.74147286	-73.98320928	1
0	0	28527	360	40.70717936	-74.00887308	504	40.73221853	-73.98165557	1
0	0	3564	519	40.75188406	-73.97770164	477	40.75640548	-73.9900262	1
0	0	45590	2003	40.73416059	-73.98024289	453	40.74475148	-73.99915362	1
0	0	19843	2021	40.75929124	-73.98859651	512	40.7500727	-73.99839279	1
0	0	8553	517	40.75149263	-73.97798848	472	40.7457121	-73.98194829	1
0	0	15902	499	40.76915505	-73.98191841	479	40.76019252	-73.9912551	1
0	0	36729	472	40.7457121	-73.98194829	228	40.7546011026	-73.971878855	1
0	0	1908	422	40.770513	-73.988038	195	40.70905623	-74.01043382	1
0	0	13518	486	40.7462009	-73.98855723	168	40.73971301	-73.99456405	1
0	0	28305	317	40.72453734	-73.98185424	394	40.72521311	-73.97768752	1
0	0	17549	499	40.76915505	-73.98191841	290	40.76020258	-73.96478473	1
0	0	1941	403	40.72502876	-73.99069656	504	40.73221853	-73.98165557	1
0	0	11961	293	40.73028666	-73.9907647	474	40.7451677	-73.98683077	1
0	0	34162	405	40.739323	-74.008119	404	40.7405826	-74.00550867	1
0	0	5424	537	40.74025878	-73.98409214	486	40.7462009	-73.98855723	1
0	0	58346	2021	40.75929124	-73.98859651	417	40.71291224	-74.01020234	1
0	0	49817	336	40.73047747	-73.99906065	249	40.71870987	-74.0090009	1
0	0	23785	267	40.75097711	-73.98765428	540	40.74147286	-73.98320928	1
0	0	24915	403	40.72502876	-73.99069656	348	40.72490985	-74.00154702	1
0	0	30030	380	40.73401143	-74.00293877	276	40.71748752	-74.0104554	1
0	0	69703	251	40.72317958	-73.99480012	536	40.74144387	-73.97536082	1
0	0	17600	328	40.72405549	-74.00965965	346	40.73652889	-74.00618026	1
0	0	28933	295	40.71406667	-73.99293911	295	40.71406667	-73.99293911	1
0	0	26599	265	40.72229346	-73.99147535	537	40.74025878	-73.98409214	1
0	0	54711	268	40.71910537	-73.99973337	534	40.70255065	-74.0127234	1
0	0	52329	377	40.72243797	-74.00566443	494	40.74734825	-73.99723551	1
0	0	28304	326	40.72953837	-73.98426726	422	40.770513	-73.988038	1
0	0	20175	477	40.75640548	-73.9900262	160	40.748238	-73.978311	1
0	0	7073	295	40.71406667	-73.99293911	151	40.7218158	-73.99720307	1
0	0	56430	521	40.75044999	-73.99481051	511	40.72938685	-73.97772429	1
0	0	7610	300	40.728145	-73.990214	531	40.71893904	-73.99266288	1
0	0	2585	462	40.74691959	-74.00451887	477	40.75640548	-73.9900262	1
0	0	8082	483	40.73223272	-73.98889957	403	40.72502876	-73.99069656	1
0	0	21909	229	40.72743423	-73.99379025	251	40.72317958	-73.99480012	1
0	0	45268	382	40.73492695	-73.99200509	285	40.73454567	-73.99074142	1
0	0	3018	2008	40.70569254	-74.01677685	327	40.7153379	-74.01658354	1
0	0	23893	312	40.722055	-73.989111	174	40.7381765	-73.97738662	1
0	0	22534	498	40.74854862	-73.98808416	528	40.74290902	-73.97706058	1
0	0	42537	229	40.72743423	-73.99379025	320	40.71743998	-74.00583475	1
0	0	2736	369	40.73224119	-74.00026394	435	40.74173969	-73.99415556	1
0	0	36381	511	40.72938685	-73.97772429	507	40.73912601	-73.97973776	2
0	0	407	252	40.73226398	-73.99852205	380	40.73401143	-74.00293877	1
0	0	11432	459	40.746745	-74.007756	490	40.751551	-73.993934	1
0	0	49454	153	40.752062307	-73.9816324043	325	40.73624527	-73.98473765	1
0	0	8048	457	40.76695317	-73.98169333	290	40.76020258	-73.96478473	1
0	0	23067	318	40.75320159	-73.9779874	174	40.7381765	-73.97738662	1
0	0	57197	455	40.75001986	-73.96905301	458	40.751396	-74.005226	1
0	0	72301	318	40.75320159	-73.9779874	342	40.71739973	-73.98016555	1
0	0	253	462	40.74691959	-74.00451887	147	40.71542197	-74.01121978	1
0	0	7960	294	40.73049393	-73.9957214	483	40.73223272	-73.98889957	1
0	0	17680	417	40.71291224	-74.01020234	2008	40.70569254	-74.01677685	1
0	0	19980	528	40.74290902	-73.97706058	2003	40.73416059	-73.98024289	1
0	0	2783	528	40.74290902	-73.97706058	493	40.7568001	-73.98291153	1
0	0	46151	348	40.72490985	-74.00154702	401	40.72019576	-73.98997825	1
0	0	373	504	40.73221853	-73.98165557	536	40.74144387	-73.97536082	1
0	0	19464	504	40.73221853	-73.98165557	2003	40.73416059	-73.98024289	1
0	0	24467	486	40.7462009	-73.98855723	489	40.75066386	-74.00176802	1
0	0	41916	293	40.73028666	-73.9907647	316	40.70955958	-74.00653609	1
0	0	38075	455	40.75001986	-73.96905301	174	40.7381765	-73.97738662	1
0	0	23227	479	40.76019252	-73.9912551	529	40.7575699	-73.99098507	1
0	0	18869	128	40.72710258	-74.00297088	401	40.72019576	-73.98997825	1
0	0	2392	513	40.768254	-73.988639	468	40.7652654	-73.98192338	1
0	0	7929	446	40.74487634	-73.99529885	447	40.76370739	-73.9851615	1
0	0	11213	237	40.73047309	-73.98672378	432	40.72621788	-73.98379855	1
0	0	2447	528	40.74290902	-73.97706058	336	40.73047747	-73.99906065	1
0	0	20584	147	40.71542197	-74.01121978	72	40.76727216	-73.99392888	1
0	0	632	368	40.73038599	-74.00214988	466	40.74395411	-73.99144871	1
0	0	23941	369	40.73224119	-74.00026394	238	40.7361967	-74.00859207	1
0	0	40958	350	40.71559509	-73.9870295	466	40.74395411	-73.99144871	1
0	0	42394	504	40.73221853	-73.98165557	267	40.75097711	-73.98765428	1
0	0	3297	517	40.75149263	-73.97798848	505	40.74901271	-73.98848395	1
0	0	37759	455	40.75001986	-73.96905301	454	40.75455731	-73.96592976	1
0	0	26	364	40.68900443	-73.96023854	241	40.68981035	-73.97493121	1
0	0	2260	2003	40.73416059	-73.98024289	536	40.74144387	-73.97536082	1
0	0	14772	229	40.72743423	-73.99379025	263	40.71729	-73.996375	1
0	0	12392	423	40.76584941	-73.98690506	479	40.76019252	-73.9912551	2
0	0	18606	472	40.7457121	-73.98194829	454	40.75455731	-73.96592976	1
0	0	9094	228	40.7546011026	-73.971878855	336	40.73047747	-73.99906065	1
0	0	8711	490	40.751551	-73.993934	441	40.756014	-73.967416	1
0	0	20500	328	40.72405549	-74.00965965	265	40.72229346	-73.99147535	1
0	0	37541	2004	40.724399	-74.004704	369	40.73224119	-74.00026394	1
0	0	2677	507	40.73912601	-73.97973776	444	40.7423543	-73.98915076	1
0	0	44691	264	40.70706456	-74.00731853	368	40.73038599	-74.00214988	1
0	0	14804	468	40.7652654	-73.98192338	477	40.75640548	-73.9900262	1
0	0	14179	428	40.72467721	-73.98783413	302	40.72082834	-73.97793172	1
0	0	1552	448	40.75660359	-73.9979009	521	40.75044999	-73.99481051	1
0	0	871	438	40.72779126	-73.98564945	357	40.73261787	-73.99158043	1
0	0	32637	462	40.74691959	-74.00451887	160	40.748238	-73.978311	1
0	0	4906	507	40.73912601	-73.97973776	164	40.75323098	-73.97032517	1
0	0	22397	229	40.72743423	-73.99379025	428	40.72467721	-73.98783413	1
0	0	47606	345	40.73649403	-73.99704374	536	40.74144387	-73.97536082	1
0	0	5413	420	40.68764484	-73.96968902	421	40.69573398	-73.97129668	1
0	0	41777	251	40.72317958	-73.99480012	477	40.75640548	-73.9900262	1
0	0	236	237	40.73047309	-73.98672378	531	40.71893904	-73.99266288	1
0	0	21117	473	40.72110063	-73.9919254	377	40.72243797	-74.00566443	1
0	0	393	307	40.71427487	-73.98990025	410	40.72066442	-73.98517977	1
0	0	10684	537	40.74025878	-73.98409214	236	40.7284186	-73.98713956	1
0	0	11517	483	40.73223272	-73.98889957	504	40.73221853	-73.98165557	1
0	0	9776	355	40.71602118	-73.99974372	263	40.71729	-73.996375	1
0	0	30911	528	40.74290902	-73.97706058	505	40.74901271	-73.98848395	1
0	0	61138	290	40.76020258	-73.96478473	410	40.72066442	-73.98517977	1
0	0	10536	375	40.72679454	-73.99695094	252	40.73226398	-73.99852205	1
0	0	22689	263	40.71729	-73.996375	340	40.71269042	-73.98776323	1
0	0	23273	316	40.70955958	-74.00653609	360	40.70717936	-74.00887308	1
0	0	19237	475	40.73524276	-73.98758561	428	40.72467721	-73.98783413	1
0	0	17308	350	40.71559509	-73.9870295	340	40.71269042	-73.98776323	1
0	0	19084	435	40.74173969	-73.99415556	518	40.74780373	-73.9734419	1
0	0	35012	383	40.735238	-74.000271	361	40.71605866	-73.99190759	2
0	0	27058	422	40.770513	-73.988038	250	40.72456089	-73.99565293	1
0	0	46763	404	40.7405826	-74.00550867	447	40.76370739	-73.9851615	1
0	0	27531	490	40.751551	-73.993934	2006	40.76590936	-73.97634151	1
0	0	484	355	40.71602118	-73.99974372	355	40.71602118	-73.99974372	1
0	0	31820	528	40.74290902	-73.97706058	301	40.72217444	-73.98368779	1
0	0	9190	508	40.76341379	-73.99667444	490	40.751551	-73.993934	1
0	0	12413	404	40.7405826	-74.00550867	382	40.73492695	-73.99200509	1
0	0	18997	284	40.7390169121	-74.0026376103	236	40.7284186	-73.98713956	1
0	0	17035	450	40.76227205	-73.98788205	514	40.76087502	-74.00277668	1
0	0	24147	216	40.70037867	-73.99548059	244	40.69196035	-73.96536851	1
0	0	11954	380	40.73401143	-74.00293877	439	40.7262807	-73.98978041	1
0	0	10160	348	40.72490985	-74.00154702	265	40.72229346	-73.99147535	1
0	0	20164	301	40.72217444	-73.98368779	471	40.71286844	-73.95698119	1
0	0	67619	348	40.72490985	-74.00154702	295	40.71406667	-73.99293911	1
0	0	31210	463	40.74206539	-74.00443172	523	40.75466591	-73.99138152	1
0	0	52959	2000	40.70255088	-73.98940236	421	40.69573398	-73.97129668	1
0	0	18884	528	40.74290902	-73.97706058	237	40.73047309	-73.98672378	1
0	0	34385	300	40.728145	-73.990214	174	40.7381765	-73.97738662	1
0	0	9993	499	40.76915505	-73.98191841	490	40.751551	-73.993934	1
0	0	14883	470	40.74345335	-74.00004031	523	40.75466591	-73.99138152	2
0	0	58638	475	40.73524276	-73.98758561	82	40.71117416	-74.00016545	1
0	0	62686	462	40.74691959	-74.00451887	79	40.71911552	-74.00666661	1
0	0	37566	247	40.73535398	-74.00483091	388	40.749717753	-74.002950346	1
0	0	21452	151	40.7218158	-73.99720307	403	40.72502876	-73.99069656	1
0	0	33031	448	40.75660359	-73.9979009	505	40.74901271	-73.98848395	1
0	0	1960	447	40.76370739	-73.9851615	480	40.76669671	-73.99061728	1
0	0	7659	317	40.72453734	-73.98185424	459	40.746745	-74.007756	1
0	0	42634	483	40.73223272	-73.98889957	440	40.75255434	-73.97282625	1
0	0	28702	236	40.7284186	-73.98713956	492	40.75019995	-73.99093085	1
0	0	6314	380	40.73401143	-74.00293877	127	40.73172428	-74.00674436	1
0	0	458	401	40.72019576	-73.98997825	361	40.71605866	-73.99190759	2
0	0	27972	362	40.75172632	-73.98753523	486	40.7462009	-73.98855723	1
0	0	11335	128	40.72710258	-74.00297088	473	40.72110063	-73.9919254	1
0	0	38280	430	40.7014851	-73.98656928	421	40.69573398	-73.97129668	1
0	0	45172	377	40.72243797	-74.00566443	537	40.74025878	-73.98409214	1
0	0	22167	531	40.71893904	-73.99266288	438	40.72779126	-73.98564945	1
0	0	167	483	40.73223272	-73.98889957	331	40.71173107	-73.99193043	1
0	0	3067	490	40.751551	-73.993934	448	40.75660359	-73.9979009	1
0	0	13413	128	40.72710258	-74.00297088	438	40.72779126	-73.98564945	1
0	0	3123	266	40.72368361	-73.97574813	439	40.7262807	-73.98978041	1
0	0	21646	463	40.74206539	-74.00443172	446	40.74487634	-73.99529885	1
0	0	103	348	40.72490985	-74.00154702	417	40.71291224	-74.01020234	1
0	0	6403	305	40.76095756	-73.96724467	457	40.76695317	-73.98169333	1
0	0	3959	257	40.71939226	-74.00247214	312	40.722055	-73.989111	1
0	0	6203	223	40.73781509	-73.99994661	459	40.746745	-74.007756	1
0	0	10305	493	40.7568001	-73.98291153	367	40.75828065	-73.97069431	1
0	0	12207	401	40.72019576	-73.98997825	317	40.72453734	-73.98185424	1
0	0	16362	336	40.73047747	-73.99906065	151	40.7218158	-73.99720307	1
0	0	2152	157	40.69089272	-73.99612349	406	40.69512845	-73.99595065	1
0	0	25658	489	40.75066386	-74.00176802	474	40.7451677	-73.98683077	1
0	0	8554	488	40.75645824	-73.99372222	521	40.75044999	-73.99481051	1
0	0	17487	440	40.75255434	-73.97282625	518	40.74780373	-73.9734419	1
0	0	22687	311	40.7172274	-73.98802084	432	40.72621788	-73.98379855	1
0	0	40975	229	40.72743423	-73.99379025	311	40.7172274	-73.98802084	1
0	0	11798	335	40.72903917	-73.99404649	459	40.746745	-74.007756	1
0	0	1398	385	40.75797322	-73.96603308	499	40.76915505	-73.98191841	1
0	0	30601	456	40.7597108	-73.97402311	528	40.74290902	-73.97706058	1
0	0	33389	212	40.74334935	-74.00681753	518	40.74780373	-73.9734419	1
0	0	6897	397	40.68415748	-73.96922273	274	40.68691865	-73.976682	1
0	0	22164	296	40.71413089	-73.9970468	408	40.71076228	-73.99400398	1
0	0	8630	293	40.73028666	-73.9907647	383	40.735238	-74.000271	1
0	0	20212	529	40.7575699	-73.99098507	490	40.751551	-73.993934	1
0	0	4242	472	40.7457121	-73.98194829	518	40.74780373	-73.9734419	1
0	0	50455	382	40.73492695	-73.99200509	393	40.72299208	-73.97995466	1
0	0	51497	325	40.73624527	-73.98473765	280	40.73331967	-73.99510132	1
0	0	13951	303	40.72362738	-73.99949601	426	40.71754834	-74.01322069	1
0	0	21894	324	40.689888	-73.981013	399	40.68851534	-73.9647628	2
0	0	2050	151	40.7218158	-73.99720307	2004	40.724399	-74.004704	1
0	0	19098	465	40.75513557	-73.98658032	160	40.748238	-73.978311	1
0	0	20667	528	40.74290902	-73.97706058	498	40.74854862	-73.98808416	1
0	0	44104	346	40.73652889	-74.00618026	223	40.73781509	-73.99994661	1
0	0	22627	439	40.7262807	-73.98978041	540	40.74147286	-73.98320928	1
0	0	28527	360	40.70717936	-74.00887308	504	40.73221853	-73.98165557	1
0	0	3564	519	40.75188406	-73.97770164	477	40.75640548	-73.9900262	1
0	0	45590	2003	40.73416059	-73.98024289	453	40.74475148	-73.99915362	1
0	0	19843	2021	40.75929124	-73.98859651	512	40.7500727	-73.99839279	1
0	0	8553	517	40.75149263	-73.97798848	472	40.7457121	-73.98194829	1
0	0	15902	499	40.76915505	-73.98191841	479	40.76019252	-73.9912551	1
0	0	36729	472	40.7457121	-73.98194829	228	40.7546011026	-73.971878855	1
0	0	1908	422	40.770513	-73.988038	195	40.70905623	-74.01043382	1
0	0	13518	486	40.7462009	-73.98855723	168	40.73971301	-73.99456405	1
0	0	28305	317	40.72453734	-73.98185424	394	40.72521311	-73.97768752	1
0	0	17549	499	40.76915505	-73.98191841	290	40.76020258	-73.96478473	1
0	0	1941	403	40.72502876	-73.99069656	504	40.73221853	-73.98165557	1
0	0	11961	293	40.73028666	-73.9907647	474	40.7451677	-73.98683077	1
0	0	34162	405	40.739323	-74.008119	404	40.7405826	-74.00550867	1
0	0	5424	537	40.74025878	-73.98409214	486	40.7462009	-73.98855723	1
0	0	58346	2021	40.75929124	-73.98859651	417	40.71291224	-74.01020234	1
0	0	49817	336	40.73047747	-73.99906065	249	40.71870987	-74.0090009	1
0	0	23785	267	40.75097711	-73.98765428	540	40.74147286	-73.98320928	1
0	0	24915	403	40.72502876	-73.99069656	348	40.72490985	-74.00154702	1
0	0	30030	380	40.73401143	-74.00293877	276	40.71748752	-74.0104554	1
0	0	69703	251	40.72317958	-73.99480012	536	40.74144387	-73.97536082	1
0	0	17600	328	40.72405549	-74.00965965	346	40.73652889	-74.00618026	1
0	0	28933	295	40.71406667	-73.99293911	295	40.71406667	-73.99293911	1
0	0	26599	265	40.72229346	-73.99147535	537	40.74025878	-73.98409214	1
0	0	54711	268	40.71910537	-73.99973337	534	40.70255065	-74.0127234	1
0	0	52329	377	40.72243797	-74.00566443	494	40.74734825	-73.99723551	1
0	0	28304	326	40.72953837	-73.98426726	422	40.770513	-73.988038	1
0	0	20175	477	40.75640548	-73.9900262	160	40.748238	-73.978311	1
0	0	7073	295	40.71406667	-73.99293911	151	40.7218158	-73.99720307	1
0	0	56430	521	40.75044999	-73.99481051	511	40.72938685	-73.97772429	1
0	0	7610	300	40.728145	-73.990214	531	40.71893904	-73.99266288	1
0	0	2585	462	40.74691959	-74.00451887	477	40.75640548	-73.9900262	1
0	0	8082	483	40.73223272	-73.98889957	403	40.72502876	-73.99069656	1
0	0	21909	229	40.72743423	-73.99379025	251	40.72317958	-73.99480012	1
0	0	45268	382	40.73492695	-73.99200509	285	40.73454567	-73.99074142	1
0	0	3018	2008	40.70569254	-74.01677685	327	40.7153379	-74.01658354	1
0	0	23893	312	40.722055	-73.989111	174	40.7381765	-73.97738662	1
0	0	22534	498	40.74854862	-73.98808416	528	40.74290902	-73.97706058	1
0	0	42537	229	40.72743423	-73.99379025	320	40.71743998	-74.00583475	1
0	0	2736	369	40.73224119	-74.00026394	435	40.74173969	-73.99415556	1
0	0	36381	511	40.72938685	-73.97772429	507	40.73912601	-73.97973776	2
0	0	407	252	40.73226398	-73.99852205	380	40.73401143	-74.00293877	1
0	0	11432	459	40.746745	-74.007756	490	40.751551	-73.993934	1
0	0	49454	153	40.752062307	-73.9816324043	325	40.73624527	-73.98473765	1
0	0	8048	457	40.76695317	-73.98169333	290	40.76020258	-73.96478473	1
0	0	23067	318	40.75320159	-73.9779874	174	40.7381765	-73.97738662	1
0	0	57197	455	40.75001986	-73.96905301	458	40.751396	-74.005226	1
0	0	72301	318	40.75320159	-73.9779874	342	40.71739973	-73.98016555	1
0	0	253	462	40.74691959	-74.00451887	147	40.71542197	-74.01121978	1
0	0	7960	294	40.73049393	-73.9957214	483	40.73223272	-73.98889957	1
0	0	17680	417	40.71291224	-74.01020234	2008	40.70569254	-74.01677685	1
0	0	19980	528	40.74290902	-73.97706058	2003	40.73416059	-73.98024289	1
0	0	2783	528	40.74290902	-73.97706058	493	40.7568001	-73.98291153	1
0	0	46151	348	40.72490985	-74.00154702	401	40.72019576	-73.98997825	1
0	0	373	504	40.73221853	-73.98165557	536	40.74144387	-73.97536082	1
0	0	19464	504	40.73221853	-73.98165557	2003	40.73416059	-73.98024289	1
0	0	24467	486	40.7462009	-73.98855723	489	40.75066386	-74.00176802	1
0	0	41916	293	40.73028666	-73.9907647	316	40.70955958	-74.00653609	1
0	0	38075	455	40.75001986	-73.96905301	174	40.7381765	-73.97738662	1
0	0	23227	479	40.76019252	-73.9912551	529	40.7575699	-73.99098507	1
0	0	18869	128	40.72710258	-74.00297088	401	40.72019576	-73.98997825	1
0	0	2392	513	40.768254	-73.988639	468	40.7652654	-73.98192338	1
0	0	7929	446	40.74487634	-73.99529885	447	40.76370739	-73.9851615	1
0	0	11213	237	40.73047309	-73.98672378	432	40.72621788	-73.98379855	1
0	0	2447	528	40.74290902	-73.97706058	336	40.73047747	-73.99906065	1
0	0	20584	147	40.71542197	-74.01121978	72	40.76727216	-73.99392888	1
0	0	632	368	40.73038599	-74.00214988	466	40.74395411	-73.99144871	1
0	0	23941	369	40.73224119	-74.00026394	238	40.7361967	-74.00859207	1
0	0	40958	350	40.71559509	-73.9870295	466	40.74395411	-73.99144871	1
0	0	42394	504	40.73221853	-73.98165557	267	40.75097711	-73.98765428	1
0	0	3297	517	40.75149263	-73.97798848	505	40.74901271	-73.98848395	1
0	0	37759	455	40.75001986	-73.96905301	454	40.75455731	-73.96592976	1
0	0	26	364	40.68900443	-73.96023854	241	40.68981035	-73.97493121	1
0	0	2260	2003	40.73416059	-73.98024289	536	40.74144387	-73.97536082	1
0	0	14772	229	40.72743423	-73.99379025	263	40.71729	-73.996375	1
0	0	12392	423	40.76584941	-73.98690506	479	40.76019252	-73.9912551	2
0	0	18606	472	40.7457121	-73.98194829	454	40.75455731	-73.96592976	1
0	0	9094	228	40.7546011026	-73.971878855	336	40.73047747	-73.99906065	1
0	0	8711	490	40.751551	-73.993934	441	40.756014	-73.967416	1
0	0	20500	328	40.72405549	-74.00965965	265	40.72229346	-73.99147535	1
0	0	37541	2004	40.724399	-74.004704	369	40.73224119	-74.00026394	1
0	0	2677	507	40.73912601	-73.97973776	444	40.7423543	-73.98915076	1
0	0	44691	264	40.70706456	-74.00731853	368	40.73038599	-74.00214988	1
0	0	14804	468	40.7652654	-73.98192338	477	40.75640548	-73.9900262	1
0	0	14179	428	40.72467721	-73.98783413	302	40.72082834	-73.97793172	1
0	0	1552	448	40.75660359	-73.9979009	521	40.75044999	-73.99481051	1
0	0	871	438	40.72779126	-73.98564945	357	40.73261787	-73.99158043	1
0	0	32637	462	40.74691959	-74.00451887	160	40.748238	-73.978311	1
0	0	4906	507	40.73912601	-73.97973776	164	40.75323098	-73.97032517	1
0	0	22397	229	40.72743423	-73.99379025	428	40.72467721	-73.98783413	1
0	0	47606	345	40.73649403	-73.99704374	536	40.74144387	-73.97536082	1
0	0	5413	420	40.68764484	-73.96968902	421	40.69573398	-73.97129668	1
0	0	41777	251	40.72317958	-73.99480012	477	40.75640548	-73.9900262	1
0	0	236	237	40.73047309	-73.98672378	531	40.71893904	-73.99266288	1
0	0	21117	473	40.72110063	-73.9919254	377	40.72243797	-74.00566443	1
0	0	393	307	40.71427487	-73.98990025	410	40.72066442	-73.98517977	1
0	0	10684	537	40.74025878	-73.98409214	236	40.7284186	-73.98713956	1
0	0	11517	483	40.73223272	-73.98889957	504	40.73221853	-73.98165557	1
0	0	9776	355	40.71602118	-73.99974372	263	40.71729	-73.996375	1
0	0	30911	528	40.74290902	-73.97706058	505	40.74901271	-73.98848395	1
0	0	61138	290	40.76020258	-73.96478473	410	40.72066442	-73.98517977	1
0	0	10536	375	40.72679454	-73.99695094	252	40.73226398	-73.99852205	1
0	0	22689	263	40.71729	-73.996375	340	40.71269042	-73.98776323	1
0	0	23273	316	40.70955958	-74.00653609	360	40.70717936	-74.00887308	1
0	0	19237	475	40.73524276	-73.98758561	428	40.72467721	-73.98783413	1
0	0	17308	350	40.71559509	-73.9870295	340	40.71269042	-73.98776323	1
0	0	19084	435	40.74173969	-73.99415556	518	40.74780373	-73.9734419	1
0	0	35012	383	40.735238	-74.000271	361	40.71605866	-73.99190759	2
0	0	27058	422	40.770513	-73.988038	250	40.72456089	-73.99565293	1
0	0	46763	404	40.7405826	-74.00550867	447	40.76370739	-73.9851615	1
0	0	27531	490	40.751551	-73.993934	2006	40.76590936	-73.97634151	1
0	0	484	355	40.71602118	-73.99974372	355	40.71602118	-73.99974372	1
0	0	31820	528	40.74290902	-73.97706058	301	40.72217444	-73.98368779	1
0	0	9190	508	40.76341379	-73.99667444	490	40.751551	-73.993934	1
0	0	12413	404	40.7405826	-74.00550867	382	40.73492695	-73.99200509	1
0	0	18997	284	40.7390169121	-74.0026376103	236	40.7284186	-73.98713956	1
0	0	17035	450	40.76227205	-73.98788205	514	40.76087502	-74.00277668	1
0	0	24147	216	40.70037867	-73.99548059	244	40.69196035	-73.96536851	1
0	0	11954	380	40.73401143	-74.00293877	439	40.7262807	-73.98978041	1
0	0	10160	348	40.72490985	-74.00154702	265	40.72229346	-73.99147535	1
0	0	20164	301	40.72217444	-73.98368779	471	40.71286844	-73.95698119	1
0	0	67619	348	40.72490985	-74.00154702	295	40.71406667	-73.99293911	1
0	0	31210	463	40.74206539	-74.00443172	523	40.75466591	-73.99138152	1
0	0	52959	2000	40.70255088	-73.98940236	421	40.69573398	-73.97129668	1
0	0	18884	528	40.74290902	-73.97706058	237	40.73047309	-73.98672378	1
0	0	34385	300	40.728145	-73.990214	174	40.7381765	-73.97738662	1
0	0	9993	499	40.76915505	-73.98191841	490	40.751551	-73.993934	2
0	0	34354	467	40.68312489	-73.97895137	436	40.68216564	-73.95399026	1
0	0	14883	470	40.74345335	-74.00004031	523	40.75466591	-73.99138152	2
0	0	58638	475	40.73524276	-73.98758561	82	40.71117416	-74.00016545	1
0	0	62686	462	40.74691959	-74.00451887	79	40.71911552	-74.00666661	1
0	0	37566	247	40.73535398	-74.00483091	388	40.749717753	-74.002950346	1
0	0	21452	151	40.7218158	-73.99720307	403	40.72502876	-73.99069656	1
0	0	33031	448	40.75660359	-73.9979009	505	40.74901271	-73.98848395	1
0	0	1960	447	40.76370739	-73.9851615	480	40.76669671	-73.99061728	1
0	0	7659	317	40.72453734	-73.98185424	459	40.746745	-74.007756	1
0	0	42634	483	40.73223272	-73.98889957	440	40.75255434	-73.97282625	1
0	0	28702	236	40.7284186	-73.98713956	492	40.75019995	-73.99093085	1
0	0	6314	380	40.73401143	-74.00293877	127	40.73172428	-74.00674436	1
0	0	458	401	40.72019576	-73.98997825	361	40.71605866	-73.99190759	2
0	0	27972	362	40.75172632	-73.98753523	486	40.7462009	-73.98855723	1
0	0	11335	128	40.72710258	-74.00297088	473	40.72110063	-73.9919254	1
0	0	57105	223	40.73781509	-73.99994661	337	40.7037992	-74.00838676	1
0	0	38280	430	40.7014851	-73.98656928	421	40.69573398	-73.97129668	1
0	0	45172	377	40.72243797	-74.00566443	537	40.74025878	-73.98409214	1
0	0	22167	531	40.71893904	-73.99266288	438	40.72779126	-73.98564945	1
0	0	167	483	40.73223272	-73.98889957	331	40.71173107	-73.99193043	1
0	0	72302	267	40.75097711	-73.98765428	410	40.72066442	-73.98517977	1
0	0	59687	532	40.710451	-73.960876	433	40.72955361	-73.98057249	1
0	0	3067	490	40.751551	-73.993934	448	40.75660359	-73.9979009	1
0	0	16697	514	40.76087502	-74.00277668	309	40.7149787	-74.013012	1
0	0	13413	128	40.72710258	-74.00297088	438	40.72779126	-73.98564945	1
0	0	3123	266	40.72368361	-73.97574813	439	40.7262807	-73.98978041	1
0	0	21646	463	40.74206539	-74.00443172	446	40.74487634	-73.99529885	1
0	0	103	348	40.72490985	-74.00154702	417	40.71291224	-74.01020234	1
0	0	6403	305	40.76095756	-73.96724467	457	40.76695317	-73.98169333	1
0	0	34493	325	40.73624527	-73.98473765	307	40.71427487	-73.98990025	1
0	0	3959	257	40.71939226	-74.00247214	312	40.722055	-73.989111	1
0	0	6203	223	40.73781509	-73.99994661	459	40.746745	-74.007756	1
0	0	10305	493	40.7568001	-73.98291153	367	40.75828065	-73.97069431	1
0	0	17086	517	40.75149263	-73.97798848	478	40.76030096	-73.99884222	1
0	0	12207	401	40.72019576	-73.98997825	317	40.72453734	-73.98185424	1
0	0	16362	336	40.73047747	-73.99906065	151	40.7218158	-73.99720307	1
0	0	2152	157	40.69089272	-73.99612349	406	40.69512845	-73.99595065	1
0	0	25658	489	40.75066386	-74.00176802	474	40.7451677	-73.98683077	1
0	0	43433	357	40.73261787	-73.99158043	442	40.746647	-73.993915	1
0	0	8554	488	40.75645824	-73.99372222	521	40.75044999	-73.99481051	1
0	0	10280	293	40.73028666	-73.9907647	369	40.73224119	-74.00026394	1
0	0	2272	293	40.73028666	-73.9907647	223	40.73781509	-73.99994661	1
0	0	17487	440	40.75255434	-73.97282625	518	40.74780373	-73.9734419	1
0	0	8759	319	40.71336124	-74.00937622	327	40.7153379	-74.01658354	1
0	0	22687	311	40.7172274	-73.98802084	432	40.72621788	-73.98379855	1
0	0	25273	477	40.75640548	-73.9900262	304	40.70463334	-74.01361706	1
0	0	56934	284	40.7390169121	-74.0026376103	312	40.722055	-73.989111	1
0	0	23512	328	40.72405549	-74.00965965	494	40.74734825	-73.99723551	1
0	0	21148	504	40.73221853	-73.98165557	361	40.71605866	-73.99190759	1
0	0	662	477	40.75640548	-73.9900262	293	40.73028666	-73.9907647	1
0	0	50906	473	40.72110063	-73.9919254	447	40.76370739	-73.9851615	1
0	0	39965	403	40.72502876	-73.99069656	195	40.70905623	-74.01043382	2
0	0	44487	268	40.71910537	-73.99973337	498	40.74854862	-73.98808416	1
0	0	4984	317	40.72453734	-73.98185424	415	40.7047177	-74.00926027	1
0	0	66271	453	40.74475148	-73.99915362	300	40.728145	-73.990214	1
0	0	39986	280	40.73331967	-73.99510132	276	40.71748752	-74.0104554	1
0	0	12345	439	40.7262807	-73.98978041	511	40.72938685	-73.97772429	1
0	0	8042	336	40.73047747	-73.99906065	312	40.722055	-73.989111	1
