0	23	20761	2010	40.72165481	-74.00234737	341	40.71782143	-73.97628939	1
0	23	52813	340	40.71269042	-73.98776323	339	40.72580614	-73.97422494	1
0	23	9143	398	40.69165183	-73.9999786	405	40.739323	-74.008119	2
0	23	39713	432	40.72621788	-73.98379855	236	40.7284186	-73.98713956	1
0	23	54631	473	40.72110063	-73.9919254	168	40.73971301	-73.99456405	1
0	23	22201	274	40.68691865	-73.976682	399	40.68851534	-73.9647628	1
0	23	58928	546	40.74444921	-73.98303529	356	40.71622644	-73.98261206	1
0	23	5345	237	40.73047309	-73.98672378	444	40.7423543	-73.98915076	1
0	23	23059	492	40.75019995	-73.99093085	302	40.72082834	-73.97793172	1
0	23	23451	441	40.756014	-73.967416	295	40.71406667	-73.99293911	1
0	23	23508	282	40.70827295	-73.96834101	282	40.70827295	-73.96834101	2
0	23	58934	79	40.71911552	-74.00666661	445	40.72740794	-73.98142006	1
0	23	58935	539	40.71534825	-73.96024116	369	40.73224119	-74.00026394	1
0	23	4330	460	40.71285887	-73.96590294	2002	40.716887	-73.963198	3
0	23	9369	2006	40.76590936	-73.97634151	2006	40.76590936	-73.97634151	1
0	23	33984	151	40.7218158	-73.99720307	244	40.69196035	-73.96536851	1
0	23	19294	323	40.69236178	-73.98631746	401	40.72019576	-73.98997825	1
0	23	15511	450	40.76227205	-73.98788205	309	40.7149787	-74.013012	1
0	23	57027	265	40.72229346	-73.99147535	243	40.687979	-73.978474	1
0	23	665	128	40.72710258	-74.00297088	501	40.744219	-73.97121214	1
0	23	43975	157	40.69089272	-73.99612349	282	40.70827295	-73.96834101	1
0	23	58941	116	40.74177603	-74.00149746	146	40.71625008	-74.0091059	1
0	23	27094	2022	40.75849116	-73.95920622	2022	40.75849116	-73.95920622	2
0	23	41519	2010	40.72165481	-74.00234737	447	40.76370739	-73.9851615	1
0	23	43624	325	40.73624527	-73.98473765	404	40.7405826	-74.00550867	1
0	23	46	438	40.72779126	-73.98564945	438	40.72779126	-73.98564945	1
0	23	50617	438	40.72779126	-73.98564945	468	40.7652654	-73.98192338	1
0	23	36483	492	40.75019995	-73.99093085	361	40.71605866	-73.99190759	1
0	23	10477	545	40.736502	-73.97809472	380	40.73401143	-74.00293877	2
0	23	25021	291	40.713126	-73.984844	531	40.71893904	-73.99266288	1
0	23	58943	426	40.71754834	-74.01322069	408	40.71076228	-73.99400398	1
0	23	23355	453	40.74475148	-73.99915362	352	40.76340613	-73.97722479	1
0	23	298	320	40.71743998	-74.00583475	494	40.74734825	-73.99723551	1
0	23	20951	347	40.72873888	-74.00748842	507	40.73912601	-73.97973776	1
0	23	22057	291	40.713126	-73.984844	473	40.72110063	-73.9919254	1
0	23	37340	529	40.7575699	-73.99098507	236	40.7284186	-73.98713956	1
0	23	55516	489	40.75066386	-74.00176802	423	40.76584941	-73.98690506	1
0	23	27923	489	40.75066386	-74.00176802	482	40.73935542	-73.99931783	1
0	23	36747	404	40.7405826	-74.00550867	515	40.76009437	-73.99461843	1
0	23	26169	317	40.72453734	-73.98185424	519	40.75188406	-73.97770164	1
0	23	2622	401	40.72019576	-73.98997825	327	40.7153379	-74.01658354	2
0	23	1022	507	40.73912601	-73.97973776	302	40.72082834	-73.97793172	1
0	23	35902	297	40.734232	-73.986923	528	40.74290902	-73.97706058	1
0	23	5749	294	40.73049393	-73.9957214	519	40.75188406	-73.97770164	1
0	23	23670	311	40.7172274	-73.98802084	282	40.70827295	-73.96834101	1
0	23	57541	311	40.7172274	-73.98802084	489	40.75066386	-74.00176802	1
0	23	12382	426	40.71754834	-74.01322069	368	40.73038599	-74.00214988	1
0	23	32416	151	40.7218158	-73.99720307	394	40.72521311	-73.97768752	1
0	23	9119	468	40.7652654	-73.98192338	523	40.75466591	-73.99138152	1
0	23	49252	470	40.74345335	-74.00004031	439	40.7262807	-73.98978041	1
0	23	39185	415	40.7047177	-74.00926027	326	40.72953837	-73.98426726	1
0	23	41160	470	40.74345335	-74.00004031	368	40.73038599	-74.00214988	1
0	23	41819	432	40.72621788	-73.98379855	83	40.68382604	-73.97632328	1
0	23	2978	380	40.73401143	-74.00293877	497	40.73704984	-73.99009296	1
0	23	58946	502	40.714215	-73.981346	494	40.74734825	-73.99723551	1
0	23	58947	358	40.73291553	-74.00711384	465	40.75513557	-73.98658032	1
0	23	58949	412	40.7158155	-73.99422366	216	40.70037867	-73.99548059	2
0	23	40158	528	40.74290902	-73.97706058	428	40.72467721	-73.98783413	1
0	23	16832	528	40.74290902	-73.97706058	403	40.72502876	-73.99069656	2
0	23	22907	398	40.69165183	-73.9999786	312	40.722055	-73.989111	1
0	23	21249	72	40.76727216	-73.99392888	147	40.71542197	-74.01121978	1
0	23	9470	348	40.72490985	-74.00154702	521	40.75044999	-73.99481051	1
0	23	52029	83	40.68382604	-73.97632328	72	40.76727216	-73.99392888	1
0	23	25455	267	40.75097711	-73.98765428	518	40.74780373	-73.9734419	1
0	23	17731	426	40.71754834	-74.01322069	512	40.7500727	-73.99839279	2
0	23	12914	512	40.7500727	-73.99839279	512	40.7500727	-73.99839279	1
0	23	9317	127	40.73172428	-74.00674436	293	40.73028666	-73.9907647	1
0	23	41318	529	40.7575699	-73.99098507	459	40.746745	-74.007756	1
0	23	292	529	40.7575699	-73.99098507	482	40.73935542	-73.99931783	1
0	23	54576	369	40.73224119	-74.00026394	301	40.72217444	-73.98368779	1
0	23	40239	347	40.72873888	-74.00748842	305	40.76095756	-73.96724467	1
0	23	21962	467	40.68312489	-73.97895137	365	40.68223166	-73.9614583	1
0	23	33394	479	40.76019252	-73.9912551	368	40.73038599	-74.00214988	1
0	23	52240	507	40.73912601	-73.97973776	356	40.71622644	-73.98261206	1
0	23	58950	313	40.69610226	-73.96751037	531	40.71893904	-73.99266288	1
0	23	31218	492	40.75019995	-73.99093085	462	40.74691959	-74.00451887	1
0	23	18839	521	40.75044999	-73.99481051	312	40.722055	-73.989111	1
0	23	22685	377	40.72243797	-74.00566443	473	40.72110063	-73.9919254	1
0	23	41172	410	40.72066442	-73.98517977	460	40.71285887	-73.96590294	2
0	23	44704	237	40.73047309	-73.98672378	532	40.710451	-73.960876	1
0	23	38120	303	40.72362738	-73.99949601	445	40.72740794	-73.98142006	1
0	23	25690	513	40.768254	-73.988639	456	40.7597108	-73.97402311	1
0	23	15259	383	40.735238	-74.000271	426	40.71754834	-74.01322069	1
0	23	22486	284	40.7390169121	-74.0026376103	83	40.68382604	-73.97632328	1
0	23	37785	294	40.73049393	-73.9957214	263	40.71729	-73.996375	1
0	23	41246	401	40.72019576	-73.98997825	383	40.735238	-74.000271	2
0	23	23086	301	40.72217444	-73.98368779	2022	40.75849116	-73.95920622	1
0	23	49723	323	40.69236178	-73.98631746	437	40.6809833854	-73.9500479759	1
0	23	24002	489	40.75066386	-74.00176802	507	40.73912601	-73.97973776	1
0	23	17587	355	40.71602118	-73.99974372	502	40.714215	-73.981346	1
0	23	25784	546	40.74444921	-73.98303529	360	40.70717936	-74.00887308	1
0	23	17388	518	40.74780373	-73.9734419	504	40.73221853	-73.98165557	1
0	23	511	529	40.7575699	-73.99098507	153	40.752062307	-73.9816324043	1
0	23	26707	404	40.7405826	-74.00550867	520	40.75992262	-73.97648516	1
0	23	28078	2021	40.75929124	-73.98859651	2006	40.76590936	-73.97634151	1
0	23	270	523	40.75466591	-73.99138152	448	40.75660359	-73.9979009	1
0	23	41269	72	40.76727216	-73.99392888	264	40.70706456	-74.00731853	1
0	23	25788	312	40.722055	-73.989111	442	40.746647	-73.993915	1
0	23	74	441	40.756014	-73.967416	2003	40.73416059	-73.98024289	1
0	23	43	490	40.751551	-73.993934	507	40.73912601	-73.97973776	1
0	23	23484	473	40.72110063	-73.9919254	167	40.7489006	-73.97604882	3
0	23	32421	2021	40.75929124	-73.98859651	363	40.70834698	-74.01713445	1
0	23	4833	223	40.73781509	-73.99994661	237	40.73047309	-73.98672378	1
0	23	17315	450	40.76227205	-73.98788205	448	40.75660359	-73.9979009	1
0	23	13302	160	40.748238	-73.978311	284	40.7390169121	-74.0026376103	1
0	23	16205	223	40.73781509	-73.99994661	326	40.72953837	-73.98426726	1
0	23	58951	257	40.71939226	-74.00247214	83	40.68382604	-73.97632328	1
0	23	14713	325	40.73624527	-73.98473765	470	40.74345335	-74.00004031	1
0	23	329	453	40.74475148	-73.99915362	450	40.76227205	-73.98788205	1
0	23	37079	243	40.687979	-73.978474	384	40.68317813	-73.9659641	1
0	23	33408	380	40.73401143	-74.00293877	325	40.73624527	-73.98473765	1
0	23	20599	488	40.75645824	-73.99372222	297	40.734232	-73.986923	1
0	23	27896	310	40.68926942	-73.98912867	275	40.68650065	-73.96563307	1
0	23	3140	465	40.75513557	-73.98658032	498	40.74854862	-73.98808416	1
0	23	54079	475	40.73524276	-73.98758561	302	40.72082834	-73.97793172	1
0	23	34862	432	40.72621788	-73.98379855	361	40.71605866	-73.99190759	1
0	23	4547	293	40.73028666	-73.9907647	442	40.746647	-73.993915	1
0	23	8082	483	40.73223272	-73.98889957	403	40.72502876	-73.99069656	1
0	23	21736	394	40.72521311	-73.97768752	264	40.70706456	-74.00731853	1
0	23	19777	488	40.75645824	-73.99372222	428	40.72467721	-73.98783413	1
0	23	31356	323	40.69236178	-73.98631746	311	40.7172274	-73.98802084	1
0	23	36334	385	40.75797322	-73.96603308	450	40.76227205	-73.98788205	1
0	23	34870	147	40.71542197	-74.01121978	334	40.74238787	-73.99726235	1
0	23	5562	383	40.735238	-74.000271	466	40.74395411	-73.99144871	1
0	23	10730	459	40.746745	-74.007756	515	40.76009437	-73.99461843	1
0	23	26167	462	40.74691959	-74.00451887	490	40.751551	-73.993934	1
0	23	50926	146	40.71625008	-74.0091059	236	40.7284186	-73.98713956	1
0	23	29988	312	40.722055	-73.989111	385	40.75797322	-73.96603308	1
0	23	7507	479	40.76019252	-73.9912551	309	40.7149787	-74.013012	1
0	23	2963	450	40.76227205	-73.98788205	404	40.7405826	-74.00550867	1
0	23	29122	403	40.72502876	-73.99069656	236	40.7284186	-73.98713956	2
0	23	38163	310	40.68926942	-73.98912867	390	40.69221589	-73.9842844	1
0	23	12609	477	40.75640548	-73.9900262	375	40.72679454	-73.99695094	1
0	23	16280	488	40.75645824	-73.99372222	328	40.72405549	-74.00965965	1
0	23	14165	479	40.76019252	-73.9912551	488	40.75645824	-73.99372222	1
0	23	6765	347	40.72873888	-74.00748842	284	40.7390169121	-74.0026376103	2
0	23	31944	280	40.73331967	-73.99510132	2003	40.73416059	-73.98024289	1
0	23	3803	128	40.72710258	-74.00297088	251	40.72317958	-73.99480012	1
0	23	20133	368	40.73038599	-74.00214988	236	40.7284186	-73.98713956	1
0	23	16004	390	40.69221589	-73.9842844	366	40.693261	-73.968896	1
0	23	20869	309	40.7149787	-74.013012	224	40.71146364	-74.00552427	1
0	23	19146	477	40.75640548	-73.9900262	470	40.74345335	-74.00004031	1
0	23	58952	329	40.72043411	-74.01020609	472	40.7457121	-73.98194829	1
0	23	22503	2022	40.75849116	-73.95920622	504	40.73221853	-73.98165557	2
0	23	33844	435	40.74173969	-73.99415556	382	40.73492695	-73.99200509	1
0	23	18254	450	40.76227205	-73.98788205	479	40.76019252	-73.9912551	1
0	23	37119	305	40.76095756	-73.96724467	345	40.73649403	-73.99704374	1
0	23	22800	161	40.72917025	-73.99810231	439	40.7262807	-73.98978041	1
0	23	26578	353	40.68539567	-73.97431458	275	40.68650065	-73.96563307	1
0	23	40822	458	40.751396	-74.005226	479	40.76019252	-73.9912551	2
0	23	17815	380	40.73401143	-74.00293877	432	40.72621788	-73.98379855	1
0	23	36973	355	40.71602118	-73.99974372	82	40.71117416	-74.00016545	1
0	23	352	504	40.73221853	-73.98165557	356	40.71622644	-73.98261206	1
0	23	27090	445	40.72740794	-73.98142006	251	40.72317958	-73.99480012	1
0	23	33726	476	40.74394314	-73.97966069	482	40.73935542	-73.99931783	1
0	23	18578	365	40.68223166	-73.9614583	344	40.6851443	-73.95380904	1
0	23	12656	518	40.74780373	-73.9734419	501	40.744219	-73.97121214	1
0	23	22567	334	40.74238787	-73.99726235	486	40.7462009	-73.98855723	1
0	23	5190	518	40.74780373	-73.9734419	545	40.736502	-73.97809472	1
0	23	47151	521	40.75044999	-73.99481051	2008	40.70569254	-74.01677685	1
0	23	19994	382	40.73492695	-73.99200509	440	40.75255434	-73.97282625	1
0	23	27221	348	40.72490985	-74.00154702	336	40.73047747	-73.99906065	1
0	23	28092	280	40.73331967	-73.99510132	128	40.72710258	-74.00297088	1
0	23	13723	403	40.72502876	-73.99069656	161	40.72917025	-73.99810231	1
0	23	7955	167	40.7489006	-73.97604882	290	40.76020258	-73.96478473	1
0	23	2219	195	40.70905623	-74.01043382	264	40.70706456	-74.00731853	1
0	23	2968	479	40.76019252	-73.9912551	3002	40.711512	-74.015756	1
0	23	15790	428	40.72467721	-73.98783413	528	40.74290902	-73.97706058	2
0	23	18323	426	40.71754834	-74.01322069	391	40.69760127	-73.99344559	1
0	23	45528	407	40.700469	-73.991454	157	40.69089272	-73.99612349	1
0	23	55874	463	40.74206539	-74.00443172	312	40.722055	-73.989111	1
0	23	32585	445	40.72740794	-73.98142006	498	40.74854862	-73.98808416	1
0	23	24069	280	40.73331967	-73.99510132	483	40.73223272	-73.98889957	1
0	23	11155	510	40.7606597	-73.98042047	521	40.75044999	-73.99481051	1
0	23	58953	494	40.74734825	-73.99723551	2009	40.71117444	-73.99682619	1
0	23	25395	442	40.746647	-73.993915	545	40.736502	-73.97809472	1
0	23	14011	456	40.7597108	-73.97402311	477	40.75640548	-73.9900262	1
0	23	32594	490	40.751551	-73.993934	428	40.72467721	-73.98783413	1
0	23	4218	127	40.73172428	-74.00674436	348	40.72490985	-74.00154702	1
0	23	14515	325	40.73624527	-73.98473765	478	40.76030096	-73.99884222	1
0	23	18020	489	40.75066386	-74.00176802	505	40.74901271	-73.98848395	1
0	23	50667	492	40.75019995	-73.99093085	483	40.73223272	-73.98889957	1
0	23	6854	537	40.74025878	-73.98409214	137	40.761628	-73.972924	1
0	23	27738	151	40.7218158	-73.99720307	263	40.71729	-73.996375	1
0	23	7412	336	40.73047747	-73.99906065	128	40.72710258	-74.00297088	1
0	23	35126	534	40.70255065	-74.0127234	450	40.76227205	-73.98788205	1
0	23	58954	307	40.71427487	-73.98990025	466	40.74395411	-73.99144871	1
0	23	6469	446	40.74487634	-73.99529885	540	40.74147286	-73.98320928	1
0	23	34213	432	40.72621788	-73.98379855	2021	40.75929124	-73.98859651	1
0	23	9705	492	40.75019995	-73.99093085	461	40.73587678	-73.98205027	2
0	23	30306	490	40.751551	-73.993934	334	40.74238787	-73.99726235	1
0	23	3548	537	40.74025878	-73.98409214	401	40.72019576	-73.98997825	1
0	23	11238	494	40.74734825	-73.99723551	446	40.74487634	-73.99529885	1
0	23	43367	350	40.71559509	-73.9870295	336	40.73047747	-73.99906065	1
0	23	52189	265	40.72229346	-73.99147535	504	40.73221853	-73.98165557	1
0	23	46371	368	40.73038599	-74.00214988	546	40.74444921	-73.98303529	1
0	23	7202	368	40.73038599	-74.00214988	368	40.73038599	-74.00214988	2
0	23	37742	404	40.7405826	-74.00550867	377	40.72243797	-74.00566443	1
0	23	32537	385	40.75797322	-73.96603308	546	40.74444921	-73.98303529	1
0	23	15297	301	40.72217444	-73.98368779	439	40.7262807	-73.98978041	1
0	23	58955	422	40.770513	-73.988038	316	40.70955958	-74.00653609	1
0	23	17414	492	40.75019995	-73.99093085	457	40.76695317	-73.98169333	1
0	23	19453	507	40.73912601	-73.97973776	504	40.73221853	-73.98165557	1
0	23	620	151	40.7218158	-73.99720307	128	40.72710258	-74.00297088	1
0	23	36546	522	40.75714758	-73.97207836	536	40.74144387	-73.97536082	1
0	23	470	284	40.7390169121	-74.0026376103	470	40.74345335	-74.00004031	1
0	23	25830	274	40.68691865	-73.976682	365	40.68223166	-73.9614583	1
0	23	13808	498	40.74854862	-73.98808416	512	40.7500727	-73.99839279	1
0	23	14299	216	40.70037867	-73.99548059	233	40.69246277	-73.98963911	1
0	23	56520	458	40.751396	-74.005226	372	40.694528	-73.958089	1
0	23	37784	512	40.7500727	-73.99839279	493	40.7568001	-73.98291153	1
0	23	30826	528	40.74290902	-73.97706058	334	40.74238787	-73.99726235	1
0	23	17394	477	40.75640548	-73.9900262	285	40.73454567	-73.99074142	1
0	23	25197	380	40.73401143	-74.00293877	281	40.7643971	-73.97371465	1
0	23	22521	365	40.68223166	-73.9614583	354	40.69363137	-73.96223558	1
0	23	21048	498	40.74854862	-73.98808416	450	40.76227205	-73.98788205	1
0	23	7161	528	40.74290902	-73.97706058	472	40.7457121	-73.98194829	1
0	23	20978	528	40.74290902	-73.97706058	454	40.75455731	-73.96592976	1
0	23	51315	270	40.69308257	-73.97178913	262	40.69178232	-73.97372989	1
0	23	34788	261	40.69474881	-73.98362464	353	40.68539567	-73.97431458	1
0	23	7663	345	40.73649403	-73.99704374	494	40.74734825	-73.99723551	1
0	23	58956	382	40.73492695	-73.99200509	83	40.68382604	-73.97632328	1
0	23	33384	512	40.7500727	-73.99839279	151	40.7218158	-73.99720307	1
0	23	19191	419	40.69580705	-73.97355569	2003	40.73416059	-73.98024289	1
0	23	987	528	40.74290902	-73.97706058	461	40.73587678	-73.98205027	2
0	23	2868	252	40.73226398	-73.99852205	293	40.73028666	-73.9907647	1
0	23	58957	382	40.73492695	-73.99200509	2009	40.71117444	-73.99682619	1
0	23	29536	461	40.73587678	-73.98205027	326	40.72953837	-73.98426726	1
0	23	14113	161	40.72917025	-73.99810231	312	40.722055	-73.989111	1
0	23	58958	83	40.68382604	-73.97632328	312	40.722055	-73.989111	1
0	23	13051	83	40.68382604	-73.97632328	390	40.69221589	-73.9842844	1
0	23	9219	153	40.752062307	-73.9816324043	540	40.74147286	-73.98320928	1
0	23	3964	461	40.73587678	-73.98205027	518	40.74780373	-73.9734419	2
0	23	34280	476	40.74394314	-73.97966069	128	40.72710258	-74.00297088	1
0	23	19874	324	40.689888	-73.981013	244	40.69196035	-73.96536851	1
0	23	30113	237	40.73047309	-73.98672378	369	40.73224119	-74.00026394	1
0	23	29134	83	40.68382604	-73.97632328	384	40.68317813	-73.9659641	2
0	23	58959	150	40.7208736	-73.98085795	407	40.700469	-73.991454	1
0	23	20588	380	40.73401143	-74.00293877	482	40.73935542	-73.99931783	1
0	23	38827	336	40.73047747	-73.99906065	345	40.73649403	-73.99704374	2
0	23	32887	428	40.72467721	-73.98783413	311	40.7172274	-73.98802084	1
0	23	58960	120	40.68676793	-73.95928168	195	40.70905623	-74.01043382	2
0	23	44126	268	40.71910537	-73.99973337	322	40.696192	-73.991218	1
0	23	58961	393	40.72299208	-73.97995466	271	40.68528172	-73.97805813	1
0	23	21184	495	40.76269882	-73.99301222	529	40.7575699	-73.99098507	1
0	23	10444	359	40.75510267	-73.97498696	540	40.74147286	-73.98320928	2
0	23	22148	418	40.70224	-73.982578	244	40.69196035	-73.96536851	1
0	23	12571	345	40.73649403	-73.99704374	496	40.73726186	-73.99238967	1
0	23	39953	157	40.69089272	-73.99612349	271	40.68528172	-73.97805813	2
0	23	36806	330	40.71450451	-74.00562789	414	40.70281858	-73.98765762	1
0	23	41836	236	40.7284186	-73.98713956	307	40.71427487	-73.98990025	1
0	23	57593	143	40.69239502	-73.99337909	241	40.68981035	-73.97493121	1
0	23	28781	350	40.71559509	-73.9870295	356	40.71622644	-73.98261206	1
0	23	2237	518	40.74780373	-73.9734419	518	40.74780373	-73.9734419	1
0	23	58962	421	40.69573398	-73.97129668	399	40.68851534	-73.9647628	1
0	23	13190	303	40.72362738	-73.99949601	470	40.74345335	-74.00004031	1
0	23	13047	252	40.73226398	-73.99852205	336	40.73047747	-73.99906065	1
0	23	20255	173	40.76064679	-73.98442659	477	40.75640548	-73.9900262	1
0	23	12169	546	40.74444921	-73.98303529	336	40.73047747	-73.99906065	1
0	23	34773	83	40.68382604	-73.97632328	278	40.69766564	-73.98476437	2
0	23	56690	358	40.73291553	-74.00711384	302	40.72082834	-73.97793172	1
0	23	5068	382	40.73492695	-73.99200509	284	40.7390169121	-74.0026376103	2
0	23	18416	473	40.72110063	-73.9919254	307	40.71427487	-73.98990025	2
0	23	19559	428	40.72467721	-73.98783413	380	40.73401143	-74.00293877	1
0	23	831	477	40.75640548	-73.9900262	528	40.74290902	-73.97706058	1
0	23	30285	239	40.69196566	-73.9813018	262	40.69178232	-73.97372989	1
0	23	10162	2017	40.75022392	-73.97121414	167	40.7489006	-73.97604882	1
0	23	28962	348	40.72490985	-74.00154702	320	40.71743998	-74.00583475	2
0	23	19962	468	40.7652654	-73.98192338	499	40.76915505	-73.98191841	1
0	23	22455	521	40.75044999	-73.99481051	439	40.7262807	-73.98978041	1
0	23	7319	446	40.74487634	-73.99529885	521	40.75044999	-73.99481051	1
0	23	49546	376	40.70862144	-74.00722156	264	40.70706456	-74.00731853	1
0	23	11816	382	40.73492695	-73.99200509	403	40.72502876	-73.99069656	1
0	23	5541	539	40.71534825	-73.96024116	539	40.71534825	-73.96024116	2
0	23	47029	223	40.73781509	-73.99994661	302	40.72082834	-73.97793172	1
0	23	27803	2002	40.716887	-73.963198	389	40.71044554	-73.96525063	1
0	23	33513	382	40.73492695	-73.99200509	224	40.71146364	-74.00552427	1
0	23	19432	243	40.687979	-73.978474	450	40.76227205	-73.98788205	1
0	23	5996	496	40.73726186	-73.99238967	546	40.74444921	-73.98303529	1
0	23	50852	401	40.72019576	-73.98997825	116	40.74177603	-74.00149746	1
0	23	11391	401	40.72019576	-73.98997825	237	40.73047309	-73.98672378	1
0	23	23594	167	40.7489006	-73.97604882	534	40.70255065	-74.0127234	1
0	23	2112	477	40.75640548	-73.9900262	268	40.71910537	-73.99973337	1
0	23	20078	403	40.72502876	-73.99069656	301	40.72217444	-73.98368779	1
0	23	6221	462	40.74691959	-74.00451887	479	40.76019252	-73.9912551	1
0	23	478	504	40.73221853	-73.98165557	532	40.710451	-73.960876	1
0	23	4027	319	40.71336124	-74.00937622	376	40.70862144	-74.00722156	1
0	23	15734	534	40.70255065	-74.0127234	306	40.70823502	-74.00530063	1
0	23	5940	521	40.75044999	-73.99481051	318	40.75320159	-73.9779874	1
0	23	39280	499	40.76915505	-73.98191841	237	40.73047309	-73.98672378	1
0	23	47614	438	40.72779126	-73.98564945	504	40.73221853	-73.98165557	1
0	23	29471	520	40.75992262	-73.97648516	478	40.76030096	-73.99884222	1
0	23	55202	312	40.722055	-73.989111	417	40.71291224	-74.01020234	1
0	23	14037	334	40.74238787	-73.99726235	532	40.710451	-73.960876	1
0	23	12327	326	40.72953837	-73.98426726	300	40.728145	-73.990214	1
0	23	70	300	40.728145	-73.990214	2003	40.73416059	-73.98024289	2
0	23	47824	368	40.73038599	-74.00214988	494	40.74734825	-73.99723551	2
0	23	36621	486	40.7462009	-73.98855723	453	40.74475148	-73.99915362	1
0	23	24266	473	40.72110063	-73.9919254	521	40.75044999	-73.99481051	1
0	23	11465	195	40.70905623	-74.01043382	152	40.71473993	-74.00910627	1
0	23	42332	531	40.71893904	-73.99266288	150	40.7208736	-73.98085795	1
0	23	54689	494	40.74734825	-73.99723551	427	40.70251526	-74.01427023	1
0	23	4603	2002	40.716887	-73.963198	460	40.71285887	-73.96590294	1
0	23	23596	195	40.70905623	-74.01043382	2021	40.75929124	-73.98859651	1
0	23	17234	540	40.74147286	-73.98320928	236	40.7284186	-73.98713956	1
0	23	5134	300	40.728145	-73.990214	285	40.73454567	-73.99074142	1
0	23	6147	358	40.73291553	-74.00711384	478	40.76030096	-73.99884222	1
0	23	25661	251	40.72317958	-73.99480012	116	40.74177603	-74.00149746	1
0	23	21991	504	40.73221853	-73.98165557	537	40.74025878	-73.98409214	1
0	23	50549	386	40.71494807	-74.00234482	320	40.71743998	-74.00583475	1
0	23	21207	251	40.72317958	-73.99480012	268	40.71910537	-73.99973337	1
0	23	15157	293	40.73028666	-73.9907647	379	40.749156	-73.9916	1
0	23	1220	352	40.76340613	-73.97722479	318	40.75320159	-73.9779874	1
0	23	7561	519	40.75188406	-73.97770164	528	40.74290902	-73.97706058	1
0	23	17392	427	40.70251526	-74.01427023	427	40.70251526	-74.01427023	1
0	23	18870	379	40.749156	-73.9916	476	40.74394314	-73.97966069	1
0	23	58963	389	40.71044554	-73.96525063	344	40.6851443	-73.95380904	1
0	23	1602	329	40.72043411	-74.01020609	195	40.70905623	-74.01043382	1
0	23	23808	347	40.72873888	-74.00748842	465	40.75513557	-73.98658032	1
0	23	5675	540	40.74147286	-73.98320928	462	40.74691959	-74.00451887	1
0	23	23430	305	40.76095756	-73.96724467	528	40.74290902	-73.97706058	1
0	23	135	438	40.72779126	-73.98564945	433	40.72955361	-73.98057249	1
0	23	37663	173	40.76064679	-73.98442659	334	40.74238787	-73.99726235	1
0	23	5762	519	40.75188406	-73.97770164	472	40.7457121	-73.98194829	2
0	23	1973	492	40.75019995	-73.99093085	2021	40.75929124	-73.98859651	2
0	23	22174	477	40.75640548	-73.9900262	494	40.74734825	-73.99723551	2
0	23	11222	380	40.73401143	-74.00293877	410	40.72066442	-73.98517977	1
0	23	28987	462	40.74691959	-74.00451887	2003	40.73416059	-73.98024289	1
0	23	10385	251	40.72317958	-73.99480012	336	40.73047747	-73.99906065	1
0	23	17739	325	40.73624527	-73.98473765	504	40.73221853	-73.98165557	3
0	23	27816	2012	40.739445	-73.976806	497	40.73704984	-73.99009296	1
0	23	5336	153	40.752062307	-73.9816324043	490	40.751551	-73.993934	1
0	23	27956	486	40.7462009	-73.98855723	253	40.73543934	-73.99453948	1
0	23	3544	462	40.74691959	-74.00451887	462	40.74691959	-74.00451887	1
0	23	11213	237	40.73047309	-73.98672378	432	40.72621788	-73.98379855	1
0	23	17228	391	40.69760127	-73.99344559	406	40.69512845	-73.99595065	1
0	23	5092	237	40.73047309	-73.98672378	483	40.73223272	-73.98889957	1
0	23	47257	428	40.72467721	-73.98783413	483	40.73223272	-73.98889957	1
0	23	17236	168	40.73971301	-73.99456405	497	40.73704984	-73.99009296	1
0	23	2182	477	40.75640548	-73.9900262	228	40.7546011026	-73.971878855	1
0	23	34547	252	40.73226398	-73.99852205	540	40.74147286	-73.98320928	1
0	23	22504	483	40.73223272	-73.98889957	348	40.72490985	-74.00154702	1
0	23	25802	505	40.74901271	-73.98848395	281	40.7643971	-73.97371465	1
0	23	56786	83	40.68382604	-73.97632328	489	40.75066386	-74.00176802	1
0	23	11794	254	40.73532427	-73.99800419	512	40.7500727	-73.99839279	1
0	23	21043	326	40.72953837	-73.98426726	297	40.734232	-73.986923	1
0	23	13171	515	40.76009437	-73.99461843	521	40.75044999	-73.99481051	1
0	23	8560	536	40.74144387	-73.97536082	236	40.7284186	-73.98713956	1
0	23	14611	237	40.73047309	-73.98672378	312	40.722055	-73.989111	1
0	23	2061	297	40.734232	-73.986923	519	40.75188406	-73.97770164	1
0	23	39450	479	40.76019252	-73.9912551	433	40.72955361	-73.98057249	1
0	23	58964	369	40.73224119	-74.00026394	167	40.7489006	-73.97604882	1
0	23	12217	444	40.7423543	-73.98915076	312	40.722055	-73.989111	1
0	23	10888	470	40.74345335	-74.00004031	423	40.76584941	-73.98690506	1
0	23	47022	528	40.74290902	-73.97706058	284	40.7390169121	-74.0026376103	1
0	23	996	347	40.72873888	-74.00748842	426	40.71754834	-74.01322069	1
0	23	4541	423	40.76584941	-73.98690506	500	40.76228826	-73.98336183	1
0	23	4412	285	40.73454567	-73.99074142	459	40.746745	-74.007756	1
0	23	27876	442	40.746647	-73.993915	361	40.71605866	-73.99190759	1
0	23	28606	247	40.73535398	-74.00483091	453	40.74475148	-73.99915362	1
0	23	36179	483	40.73223272	-73.98889957	79	40.71911552	-74.00666661	1
0	23	8612	251	40.72317958	-73.99480012	486	40.7462009	-73.98855723	1
0	23	58965	482	40.73935542	-73.99931783	460	40.71285887	-73.96590294	1
0	23	7232	492	40.75019995	-73.99093085	253	40.73543934	-73.99453948	1
0	23	33923	462	40.74691959	-74.00451887	447	40.76370739	-73.9851615	1
0	23	7429	293	40.73028666	-73.9907647	475	40.73524276	-73.98758561	1
0	23	47952	463	40.74206539	-74.00443172	518	40.74780373	-73.9734419	1
0	23	34545	293	40.73028666	-73.9907647	362	40.75172632	-73.98753523	1
0	23	45309	359	40.75510267	-73.97498696	516	40.75206862	-73.96784384	1
0	23	26904	83	40.68382604	-73.97632328	532	40.710451	-73.960876	2
0	23	58966	428	40.72467721	-73.98783413	462	40.74691959	-74.00451887	1
0	23	976	368	40.73038599	-74.00214988	128	40.72710258	-74.00297088	1
0	23	29229	348	40.72490985	-74.00154702	2008	40.70569254	-74.01677685	1
0	23	9280	480	40.76669671	-73.99061728	72	40.76727216	-73.99392888	1
0	23	33090	2003	40.73416059	-73.98024289	336	40.73047747	-73.99906065	1
0	23	41543	392	40.695065	-73.987167	253	40.73543934	-73.99453948	1
0	23	2561	357	40.73261787	-73.99158043	252	40.73226398	-73.99852205	1
0	23	7684	468	40.7652654	-73.98192338	305	40.76095756	-73.96724467	1
0	23	22870	490	40.751551	-73.993934	492	40.75019995	-73.99093085	1
0	23	57062	249	40.71870987	-74.0090009	296	40.71413089	-73.9970468	2
0	23	9225	404	40.7405826	-74.00550867	380	40.73401143	-74.00293877	1
0	23	50964	432	40.72621788	-73.98379855	479	40.76019252	-73.9912551	1
0	23	2104	546	40.74444921	-73.98303529	528	40.74290902	-73.97706058	1
0	23	31165	540	40.74147286	-73.98320928	263	40.71729	-73.996375	1
0	23	15290	528	40.74290902	-73.97706058	243	40.687979	-73.978474	2
0	23	20189	432	40.72621788	-73.98379855	295	40.71406667	-73.99293911	1
0	23	18202	358	40.73291553	-74.00711384	268	40.71910537	-73.99973337	1
0	23	28484	284	40.7390169121	-74.0026376103	497	40.73704984	-73.99009296	1
0	23	17252	195	40.70905623	-74.01043382	263	40.71729	-73.996375	1
0	23	23919	459	40.746745	-74.007756	432	40.72621788	-73.98379855	1
0	23	8225	459	40.746745	-74.007756	265	40.72229346	-73.99147535	1
0	23	8684	236	40.7284186	-73.98713956	459	40.746745	-74.007756	1
0	23	7626	293	40.73028666	-73.9907647	284	40.7390169121	-74.0026376103	1
0	23	7719	466	40.74395411	-73.99144871	540	40.74147286	-73.98320928	1
0	23	13587	488	40.75645824	-73.99372222	512	40.7500727	-73.99839279	1
0	23	17048	479	40.76019252	-73.9912551	448	40.75660359	-73.9979009	1
0	23	58967	408	40.71076228	-73.99400398	356	40.71622644	-73.98261206	1
0	23	33262	303	40.72362738	-73.99949601	330	40.71450451	-74.00562789	1
0	23	12521	347	40.72873888	-74.00748842	470	40.74345335	-74.00004031	1
0	23	34415	473	40.72110063	-73.9919254	268	40.71910537	-73.99973337	2
0	23	34420	439	40.7262807	-73.98978041	539	40.71534825	-73.96024116	1
0	23	9908	546	40.74444921	-73.98303529	499	40.76915505	-73.98191841	1
0	23	20485	492	40.75019995	-73.99093085	499	40.76915505	-73.98191841	1
0	23	26837	477	40.75640548	-73.9900262	482	40.73935542	-73.99931783	1
0	23	2564	252	40.73226398	-73.99852205	116	40.74177603	-74.00149746	1
0	23	13230	146	40.71625008	-74.0091059	368	40.73038599	-74.00214988	1
0	23	37166	116	40.74177603	-74.00149746	229	40.72743423	-73.99379025	1
0	23	9840	320	40.71743998	-74.00583475	509	40.7454973	-74.00197139	1
0	23	4971	293	40.73028666	-73.9907647	285	40.73454567	-73.99074142	1
0	23	2024	303	40.72362738	-73.99949601	293	40.73028666	-73.9907647	1
0	23	2772	410	40.72066442	-73.98517977	303	40.72362738	-73.99949601	2
0	23	11972	375	40.72679454	-73.99695094	438	40.72779126	-73.98564945	1
0	23	13982	326	40.72953837	-73.98426726	507	40.73912601	-73.97973776	1
0	23	662	477	40.75640548	-73.9900262	293	40.73028666	-73.9907647	1
0	23	4117	293	40.73028666	-73.9907647	440	40.75255434	-73.97282625	1
0	23	12215	450	40.76227205	-73.98788205	490	40.751551	-73.993934	1
0	23	24740	152	40.71473993	-74.00910627	352	40.76340613	-73.97722479	1
0	23	18612	128	40.72710258	-74.00297088	513	40.768254	-73.988639	1
0	23	10789	348	40.72490985	-74.00154702	348	40.72490985	-74.00154702	1
0	23	34593	280	40.73331967	-73.99510132	369	40.73224119	-74.00026394	1
0	23	28812	350	40.71559509	-73.9870295	355	40.71602118	-73.99974372	1
0	23	23714	489	40.75066386	-74.00176802	495	40.76269882	-73.99301222	1
0	23	24281	477	40.75640548	-73.9900262	461	40.73587678	-73.98205027	1
0	23	5338	489	40.75066386	-74.00176802	497	40.73704984	-73.99009296	1
0	23	45656	477	40.75640548	-73.9900262	403	40.72502876	-73.99069656	1
0	23	58968	128	40.72710258	-74.00297088	366	40.693261	-73.968896	1
0	23	30559	2006	40.76590936	-73.97634151	447	40.76370739	-73.9851615	1
0	23	23566	368	40.73038599	-74.00214988	486	40.7462009	-73.98855723	1
0	23	23884	244	40.69196035	-73.96536851	353	40.68539567	-73.97431458	1
0	23	21850	326	40.72953837	-73.98426726	528	40.74290902	-73.97706058	1
0	23	8286	271	40.68528172	-73.97805813	384	40.68317813	-73.9659641	1
0	23	3250	336	40.73047747	-73.99906065	375	40.72679454	-73.99695094	1
0	23	58969	434	40.74317449	-74.00366443	2008	40.70569254	-74.01677685	1
0	23	2838	499	40.76915505	-73.98191841	448	40.75660359	-73.9979009	1
0	23	49095	471	40.71286844	-73.95698119	409	40.6906495	-73.95643107	1
0	23	218	359	40.75510267	-73.97498696	450	40.76227205	-73.98788205	1
0	23	46415	482	40.73935542	-73.99931783	403	40.72502876	-73.99069656	1
0	23	17135	497	40.73704984	-73.99009296	450	40.76227205	-73.98788205	1
0	23	43444	320	40.71743998	-74.00583475	361	40.71605866	-73.99190759	1
0	23	43996	473	40.72110063	-73.9919254	253	40.73543934	-73.99453948	1
0	23	43997	293	40.73028666	-73.9907647	454	40.75455731	-73.96592976	1
0	23	14264	348	40.72490985	-74.00154702	276	40.71748752	-74.0104554	1
0	23	20936	305	40.76095756	-73.96724467	512	40.7500727	-73.99839279	1
0	23	11031	347	40.72873888	-74.00748842	458	40.751396	-74.005226	1
0	23	3532	423	40.76584941	-73.98690506	488	40.75645824	-73.99372222	1
0	23	49397	326	40.72953837	-73.98426726	482	40.73935542	-73.99931783	1
0	23	50764	478	40.76030096	-73.99884222	480	40.76669671	-73.99061728	1
0	23	3102	477	40.75640548	-73.9900262	472	40.7457121	-73.98194829	1
0	23	30535	472	40.7457121	-73.98194829	237	40.73047309	-73.98672378	1
0	23	58970	433	40.72955361	-73.98057249	280	40.73331967	-73.99510132	1
0	23	8887	161	40.72917025	-73.99810231	410	40.72066442	-73.98517977	1
0	23	27843	380	40.73401143	-74.00293877	540	40.74147286	-73.98320928	1
0	23	13140	405	40.739323	-74.008119	358	40.73291553	-74.00711384	1
0	23	12420	504	40.73221853	-73.98165557	504	40.73221853	-73.98165557	3
0	23	23350	507	40.73912601	-73.97973776	284	40.7390169121	-74.0026376103	1
0	23	17432	223	40.73781509	-73.99994661	394	40.72521311	-73.97768752	1
0	23	21531	540	40.74147286	-73.98320928	528	40.74290902	-73.97706058	2
0	23	12351	428	40.72467721	-73.98783413	504	40.73221853	-73.98165557	2
0	23	44779	285	40.73454567	-73.99074142	296	40.71413089	-73.9970468	1
0	23	16553	290	40.76020258	-73.96478473	507	40.73912601	-73.97973776	1
0	23	78	252	40.73226398	-73.99852205	294	40.73049393	-73.9957214	1
0	23	58972	2006	40.76590936	-73.97634151	263	40.71729	-73.996375	1
0	23	10271	528	40.74290902	-73.97706058	167	40.7489006	-73.97604882	1
0	23	23810	2006	40.76590936	-73.97634151	492	40.75019995	-73.99093085	1
0	23	49346	434	40.74317449	-74.00366443	507	40.73912601	-73.97973776	1
0	23	58973	386	40.71494807	-74.00234482	281	40.7643971	-73.97371465	1
0	23	58974	512	40.7500727	-73.99839279	369	40.73224119	-74.00026394	1
0	23	30902	2006	40.76590936	-73.97634151	168	40.73971301	-73.99456405	1
0	23	3564	519	40.75188406	-73.97770164	477	40.75640548	-73.9900262	1
0	23	11392	546	40.74444921	-73.98303529	412	40.7158155	-73.99422366	1
0	23	17456	468	40.7652654	-73.98192338	116	40.74177603	-74.00149746	1
0	23	7648	523	40.75466591	-73.99138152	462	40.74691959	-74.00451887	1
0	23	46721	345	40.73649403	-73.99704374	326	40.72953837	-73.98426726	1
0	23	17328	247	40.73535398	-74.00483091	146	40.71625008	-74.0091059	1
0	23	58975	500	40.76228826	-73.98336183	296	40.71413089	-73.9970468	1
0	23	30206	433	40.72955361	-73.98057249	368	40.73038599	-74.00214988	1
0	23	42734	336	40.73047747	-73.99906065	247	40.73535398	-74.00483091	1
0	23	7704	297	40.734232	-73.986923	116	40.74177603	-74.00149746	1
0	23	9707	459	40.746745	-74.007756	536	40.74144387	-73.97536082	1
0	23	47869	326	40.72953837	-73.98426726	174	40.7381765	-73.97738662	1
0	23	27545	72	40.76727216	-73.99392888	480	40.76669671	-73.99061728	1
0	23	28068	116	40.74177603	-74.00149746	473	40.72110063	-73.9919254	1
0	23	1822	394	40.72521311	-73.97768752	297	40.734232	-73.986923	1
0	23	1944	387	40.71273266	-74.0046073	147	40.71542197	-74.01121978	1
0	23	43833	528	40.74290902	-73.97706058	2006	40.76590936	-73.97634151	1
0	23	10769	336	40.73047747	-73.99906065	2010	40.72165481	-74.00234737	2
0	23	26076	401	40.72019576	-73.98997825	236	40.7284186	-73.98713956	1
0	23	500	438	40.72779126	-73.98564945	505	40.74901271	-73.98848395	1
0	23	39354	442	40.746647	-73.993915	434	40.74317449	-74.00366443	1
0	23	23930	459	40.746745	-74.007756	312	40.722055	-73.989111	1
0	23	21909	229	40.72743423	-73.99379025	251	40.72317958	-73.99480012	1
0	23	10505	433	40.72955361	-73.98057249	428	40.72467721	-73.98783413	1
0	23	25666	499	40.76915505	-73.98191841	472	40.7457121	-73.98194829	1
0	23	33080	478	40.76030096	-73.99884222	225	40.74195138	-74.00803013	1
0	23	33339	448	40.75660359	-73.9979009	388	40.749717753	-74.002950346	1
0	23	31513	348	40.72490985	-74.00154702	428	40.72467721	-73.98783413	1
0	23	32027	461	40.73587678	-73.98205027	528	40.74290902	-73.97706058	1
0	23	26149	264	40.70706456	-74.00731853	268	40.71910537	-73.99973337	1
0	23	58976	293	40.73028666	-73.9907647	2002	40.716887	-73.963198	1
0	23	58977	410	40.72066442	-73.98517977	416	40.68753406	-73.97265183	1
0	23	17079	306	40.70823502	-74.00530063	346	40.73652889	-74.00618026	1
0	23	17904	470	40.74345335	-74.00004031	488	40.75645824	-73.99372222	1
0	23	14722	474	40.7451677	-73.98683077	375	40.72679454	-73.99695094	1
0	23	23876	326	40.72953837	-73.98426726	291	40.713126	-73.984844	1
0	23	16235	483	40.73223272	-73.98889957	531	40.71893904	-73.99266288	1
0	23	11077	304	40.70463334	-74.01361706	415	40.7047177	-74.00926027	1
0	23	28507	476	40.74394314	-73.97966069	453	40.74475148	-73.99915362	1
0	23	11000	499	40.76915505	-73.98191841	497	40.73704984	-73.99009296	1
0	23	23929	375	40.72679454	-73.99695094	195	40.70905623	-74.01043382	1
0	23	31863	401	40.72019576	-73.98997825	368	40.73038599	-74.00214988	1
0	23	33778	450	40.76227205	-73.98788205	405	40.739323	-74.008119	1
0	23	7173	497	40.73704984	-73.99009296	294	40.73049393	-73.9957214	1
0	23	58979	531	40.71893904	-73.99266288	420	40.68764484	-73.96968902	1
0	23	15221	528	40.74290902	-73.97706058	410	40.72066442	-73.98517977	1
0	23	34684	120	40.68676793	-73.95928168	532	40.710451	-73.960876	1
0	23	3790	128	40.72710258	-74.00297088	434	40.74317449	-74.00366443	1
0	23	13629	345	40.73649403	-73.99704374	470	40.74345335	-74.00004031	1
0	23	13973	537	40.74025878	-73.98409214	462	40.74691959	-74.00451887	1
0	23	2808	472	40.7457121	-73.98194829	507	40.73912601	-73.97973776	1
0	23	19998	446	40.74487634	-73.99529885	127	40.73172428	-74.00674436	1
0	23	33947	518	40.74780373	-73.9734419	116	40.74177603	-74.00149746	1
0	23	6721	127	40.73172428	-74.00674436	294	40.73049393	-73.9957214	1
0	23	32868	441	40.756014	-73.967416	469	40.76344058	-73.98268129	1
0	23	33736	311	40.7172274	-73.98802084	394	40.72521311	-73.97768752	1
0	23	11228	494	40.74734825	-73.99723551	488	40.75645824	-73.99372222	2
0	23	16516	377	40.72243797	-74.00566443	417	40.71291224	-74.01020234	1
0	23	23858	167	40.7489006	-73.97604882	441	40.756014	-73.967416	1
0	23	12044	490	40.751551	-73.993934	465	40.75513557	-73.98658032	1
0	23	50368	311	40.7172274	-73.98802084	146	40.71625008	-74.0091059	1
0	23	10063	489	40.75066386	-74.00176802	470	40.74345335	-74.00004031	1
0	23	22353	2021	40.75929124	-73.98859651	498	40.74854862	-73.98808416	1
0	23	33691	401	40.72019576	-73.98997825	417	40.71291224	-74.01020234	1
0	23	14971	252	40.73226398	-73.99852205	284	40.7390169121	-74.0026376103	1
0	23	37392	346	40.73652889	-74.00618026	323	40.69236178	-73.98631746	1
0	23	31429	346	40.73652889	-74.00618026	268	40.71910537	-73.99973337	1
0	23	28667	504	40.73221853	-73.98165557	528	40.74290902	-73.97706058	1
0	23	38665	427	40.70251526	-74.01427023	82	40.71117416	-74.00016545	1
0	23	40636	251	40.72317958	-73.99480012	393	40.72299208	-73.97995466	1
0	23	37688	461	40.73587678	-73.98205027	350	40.71559509	-73.9870295	1
0	23	32875	308	40.71307916	-73.99851193	151	40.7218158	-73.99720307	1
0	23	10831	116	40.74177603	-74.00149746	434	40.74317449	-74.00366443	1
0	23	23199	271	40.68528172	-73.97805813	420	40.68764484	-73.96968902	1
0	23	26284	464	40.75934501	-73.96759673	488	40.75645824	-73.99372222	1
0	23	5472	472	40.7457121	-73.98194829	545	40.736502	-73.97809472	1
0	23	45097	509	40.7454973	-74.00197139	489	40.75066386	-74.00176802	1
0	23	23297	479	40.76019252	-73.9912551	462	40.74691959	-74.00451887	1
0	23	16830	380	40.73401143	-74.00293877	342	40.71739973	-73.98016555	1
0	23	8351	486	40.7462009	-73.98855723	382	40.73492695	-73.99200509	1
0	23	557	380	40.73401143	-74.00293877	229	40.72743423	-73.99379025	1
0	23	13351	513	40.768254	-73.988639	212	40.74334935	-74.00681753	1
0	23	22710	143	40.69239502	-73.99337909	395	40.68807003	-73.98410637	1
0	23	28885	264	40.70706456	-74.00731853	254	40.73532427	-73.99800419	1
0	23	46768	470	40.74345335	-74.00004031	504	40.73221853	-73.98165557	1
0	23	27009	489	40.75066386	-74.00176802	529	40.7575699	-73.99098507	1
0	23	42343	492	40.75019995	-73.99093085	326	40.72953837	-73.98426726	1
0	23	7753	475	40.73524276	-73.98758561	540	40.74147286	-73.98320928	1
0	23	31904	512	40.7500727	-73.99839279	317	40.72453734	-73.98185424	1
0	23	15902	499	40.76915505	-73.98191841	479	40.76019252	-73.9912551	1
0	23	272	334	40.74238787	-73.99726235	284	40.7390169121	-74.0026376103	1
0	23	47100	361	40.71605866	-73.99190759	298	40.68683208	-73.9796772	1
0	23	28195	285	40.73454567	-73.99074142	477	40.75640548	-73.9900262	1
0	23	10647	229	40.72743423	-73.99379025	326	40.72953837	-73.98426726	1
0	23	42728	268	40.71910537	-73.99973337	302	40.72082834	-73.97793172	1
0	23	18674	316	40.70955958	-74.00653609	426	40.71754834	-74.01322069	1
0	23	10289	540	40.74147286	-73.98320928	285	40.73454567	-73.99074142	1
0	23	45424	318	40.75320159	-73.9779874	300	40.728145	-73.990214	1
0	23	24385	195	40.70905623	-74.01043382	128	40.72710258	-74.00297088	1
0	23	23729	281	40.7643971	-73.97371465	500	40.76228826	-73.98336183	1
0	23	23634	368	40.73038599	-74.00214988	446	40.74487634	-73.99529885	1
0	23	11073	490	40.751551	-73.993934	479	40.76019252	-73.9912551	1
0	23	743	492	40.75019995	-73.99093085	251	40.72317958	-73.99480012	2
0	23	58983	480	40.76669671	-73.99061728	168	40.73971301	-73.99456405	1
0	23	15111	249	40.71870987	-74.0090009	82	40.71117416	-74.00016545	1
0	23	23202	324	40.689888	-73.981013	354	40.69363137	-73.96223558	1
0	23	7645	454	40.75455731	-73.96592976	164	40.75323098	-73.97032517	2
0	23	19720	464	40.75934501	-73.96759673	459	40.746745	-74.007756	1
0	23	5456	284	40.7390169121	-74.0026376103	346	40.73652889	-74.00618026	1
0	23	8595	151	40.7218158	-73.99720307	401	40.72019576	-73.98997825	1
0	23	13020	528	40.74290902	-73.97706058	160	40.748238	-73.978311	1
0	23	58985	470	40.74345335	-74.00004031	339	40.72580614	-73.97422494	1
0	23	58986	522	40.75714758	-73.97207836	229	40.72743423	-73.99379025	1
0	23	8437	472	40.7457121	-73.98194829	528	40.74290902	-73.97706058	1
0	23	35165	336	40.73047747	-73.99906065	336	40.73047747	-73.99906065	1
0	23	19466	146	40.71625008	-74.0091059	316	40.70955958	-74.00653609	1
0	23	26825	479	40.76019252	-73.9912551	285	40.73454567	-73.99074142	1
0	23	9121	357	40.73261787	-73.99158043	254	40.73532427	-73.99800419	1
0	23	12573	528	40.74290902	-73.97706058	504	40.73221853	-73.98165557	1
0	23	8949	317	40.72453734	-73.98185424	335	40.72903917	-73.99404649	1
0	23	1953	241	40.68981035	-73.97493121	324	40.689888	-73.981013	1
0	23	53252	405	40.739323	-74.008119	428	40.72467721	-73.98783413	1
0	23	1187	241	40.68981035	-73.97493121	426	40.71754834	-74.01322069	1
0	23	12859	428	40.72467721	-73.98783413	428	40.72467721	-73.98783413	1
0	23	28260	361	40.71605866	-73.99190759	329	40.72043411	-74.01020609	1
0	23	7027	512	40.7500727	-73.99839279	375	40.72679454	-73.99695094	1
0	23	58990	387	40.71273266	-74.0046073	431	40.68864636	-73.98263429	1
0	23	16680	450	40.76227205	-73.98788205	512	40.7500727	-73.99839279	1
0	23	58991	167	40.7489006	-73.97604882	339	40.72580614	-73.97422494	1
0	23	15765	404	40.7405826	-74.00550867	2021	40.75929124	-73.98859651	1
0	23	8999	307	40.71427487	-73.98990025	412	40.7158155	-73.99422366	1
0	23	26950	164	40.75323098	-73.97032517	228	40.7546011026	-73.971878855	1
0	23	46952	295	40.71406667	-73.99293911	504	40.73221853	-73.98165557	1
0	23	190	238	40.7361967	-74.00859207	128	40.72710258	-74.00297088	1
0	23	29476	382	40.73492695	-73.99200509	401	40.72019576	-73.98997825	1
0	23	23847	313	40.69610226	-73.96751037	275	40.68650065	-73.96563307	1
0	23	54691	416	40.68753406	-73.97265183	397	40.68415748	-73.96922273	1
0	23	4571	281	40.7643971	-73.97371465	469	40.76344058	-73.98268129	1
0	23	800	477	40.75640548	-73.9900262	359	40.75510267	-73.97498696	1
0	23	11358	301	40.72217444	-73.98368779	301	40.72217444	-73.98368779	1
0	23	26992	462	40.74691959	-74.00451887	537	40.74025878	-73.98409214	1
0	23	25806	264	40.70706456	-74.00731853	263	40.71729	-73.996375	1
0	23	13901	280	40.73331967	-73.99510132	426	40.71754834	-74.01322069	1
0	23	5	403	40.72502876	-73.99069656	401	40.72019576	-73.98997825	1
0	23	12287	500	40.76228826	-73.98336183	457	40.76695317	-73.98169333	1
0	23	17882	479	40.76019252	-73.9912551	509	40.7454973	-74.00197139	1
0	23	46151	348	40.72490985	-74.00154702	401	40.72019576	-73.98997825	1
0	23	22534	498	40.74854862	-73.98808416	528	40.74290902	-73.97706058	1
0	23	37438	509	40.7454973	-74.00197139	478	40.76030096	-73.99884222	1
0	23	2154	223	40.73781509	-73.99994661	294	40.73049393	-73.9957214	2
0	23	12623	448	40.75660359	-73.9979009	2021	40.75929124	-73.98859651	1
0	23	11316	254	40.73532427	-73.99800419	404	40.7405826	-74.00550867	1
0	23	1306	379	40.749156	-73.9916	546	40.74444921	-73.98303529	1
0	23	38518	397	40.68415748	-73.96922273	364	40.68900443	-73.96023854	1
0	23	6715	318	40.75320159	-73.9779874	500	40.76228826	-73.98336183	1
0	23	23580	293	40.73028666	-73.9907647	280	40.73331967	-73.99510132	1
0	23	35068	521	40.75044999	-73.99481051	167	40.7489006	-73.97604882	1
0	23	38763	469	40.76344058	-73.98268129	477	40.75640548	-73.9900262	1
0	23	22780	532	40.710451	-73.960876	471	40.71286844	-73.95698119	1
0	23	23760	157	40.69089272	-73.99612349	430	40.7014851	-73.98656928	1
0	23	22287	412	40.7158155	-73.99422366	2009	40.71117444	-73.99682619	1
0	23	12410	357	40.73261787	-73.99158043	335	40.72903917	-73.99404649	1
0	23	31886	285	40.73454567	-73.99074142	2003	40.73416059	-73.98024289	1
0	23	10746	528	40.74290902	-73.97706058	540	40.74147286	-73.98320928	1
0	23	8210	2021	40.75929124	-73.98859651	447	40.76370739	-73.9851615	1
0	23	20308	324	40.689888	-73.981013	364	40.68900443	-73.96023854	1
0	23	24005	303	40.72362738	-73.99949601	312	40.722055	-73.989111	1
0	23	4277	389	40.71044554	-73.96525063	282	40.70827295	-73.96834101	1
0	23	5746	316	40.70955958	-74.00653609	152	40.71473993	-74.00910627	1
0	23	6957	233	40.69246277	-73.98963911	310	40.68926942	-73.98912867	1
0	23	46937	236	40.7284186	-73.98713956	383	40.735238	-74.000271	1
0	23	14696	326	40.72953837	-73.98426726	2003	40.73416059	-73.98024289	1
0	23	2046	401	40.72019576	-73.98997825	504	40.73221853	-73.98165557	1
0	23	31241	253	40.73543934	-73.99453948	368	40.73038599	-74.00214988	1
0	23	47790	365	40.68223166	-73.9614583	258	40.68940747	-73.96885458	1
0	23	4842	127	40.73172428	-74.00674436	336	40.73047747	-73.99906065	1
0	23	2054	304	40.70463334	-74.01361706	337	40.7037992	-74.00838676	1
0	23	35275	300	40.728145	-73.990214	297	40.734232	-73.986923	1
0	23	381	128	40.72710258	-74.00297088	151	40.7218158	-73.99720307	1
0	23	7955	167	40.7489006	-73.97604882	290	40.76020258	-73.96478473	1
0	23	2219	195	40.70905623	-74.01043382	264	40.70706456	-74.00731853	1
0	23	2968	479	40.76019252	-73.9912551	3002	40.711512	-74.015756	1
0	23	15790	428	40.72467721	-73.98783413	528	40.74290902	-73.97706058	3
0	23	18323	426	40.71754834	-74.01322069	391	40.69760127	-73.99344559	1
0	23	45528	407	40.700469	-73.991454	157	40.69089272	-73.99612349	1
0	23	55874	463	40.74206539	-74.00443172	312	40.722055	-73.989111	1
0	23	32585	445	40.72740794	-73.98142006	498	40.74854862	-73.98808416	1
0	23	24069	280	40.73331967	-73.99510132	483	40.73223272	-73.98889957	1
0	23	11155	510	40.7606597	-73.98042047	521	40.75044999	-73.99481051	1
0	23	58953	494	40.74734825	-73.99723551	2009	40.71117444	-73.99682619	1
0	23	25395	442	40.746647	-73.993915	545	40.736502	-73.97809472	1
0	23	14011	456	40.7597108	-73.97402311	477	40.75640548	-73.9900262	1
0	23	32594	490	40.751551	-73.993934	428	40.72467721	-73.98783413	1
0	23	4218	127	40.73172428	-74.00674436	348	40.72490985	-74.00154702	1
0	23	14515	325	40.73624527	-73.98473765	478	40.76030096	-73.99884222	1
0	23	18020	489	40.75066386	-74.00176802	505	40.74901271	-73.98848395	1
0	23	50667	492	40.75019995	-73.99093085	483	40.73223272	-73.98889957	1
0	23	6854	537	40.74025878	-73.98409214	137	40.761628	-73.972924	1
0	23	27738	151	40.7218158	-73.99720307	263	40.71729	-73.996375	1
0	23	7412	336	40.73047747	-73.99906065	128	40.72710258	-74.00297088	1
0	23	35126	534	40.70255065	-74.0127234	450	40.76227205	-73.98788205	1
0	23	58954	307	40.71427487	-73.98990025	466	40.74395411	-73.99144871	1
0	23	6469	446	40.74487634	-73.99529885	540	40.74147286	-73.98320928	1
0	23	34213	432	40.72621788	-73.98379855	2021	40.75929124	-73.98859651	1
0	23	9705	492	40.75019995	-73.99093085	461	40.73587678	-73.98205027	2
0	23	30306	490	40.751551	-73.993934	334	40.74238787	-73.99726235	1
0	23	3548	537	40.74025878	-73.98409214	401	40.72019576	-73.98997825	1
0	23	11238	494	40.74734825	-73.99723551	446	40.74487634	-73.99529885	1
0	23	43367	350	40.71559509	-73.9870295	336	40.73047747	-73.99906065	1
0	23	52189	265	40.72229346	-73.99147535	504	40.73221853	-73.98165557	1
0	23	46371	368	40.73038599	-74.00214988	546	40.74444921	-73.98303529	1
0	23	7202	368	40.73038599	-74.00214988	368	40.73038599	-74.00214988	2
0	23	37742	404	40.7405826	-74.00550867	377	40.72243797	-74.00566443	1
0	23	32537	385	40.75797322	-73.96603308	546	40.74444921	-73.98303529	1
0	23	15297	301	40.72217444	-73.98368779	439	40.7262807	-73.98978041	1
0	23	58955	422	40.770513	-73.988038	316	40.70955958	-74.00653609	1
0	23	17414	492	40.75019995	-73.99093085	457	40.76695317	-73.98169333	1
0	23	19453	507	40.73912601	-73.97973776	504	40.73221853	-73.98165557	1
0	23	620	151	40.7218158	-73.99720307	128	40.72710258	-74.00297088	1
0	23	36546	522	40.75714758	-73.97207836	536	40.74144387	-73.97536082	1
0	23	470	284	40.7390169121	-74.0026376103	470	40.74345335	-74.00004031	1
0	23	25830	274	40.68691865	-73.976682	365	40.68223166	-73.9614583	1
0	23	13808	498	40.74854862	-73.98808416	512	40.7500727	-73.99839279	1
0	23	14299	216	40.70037867	-73.99548059	233	40.69246277	-73.98963911	1
0	23	56520	458	40.751396	-74.005226	372	40.694528	-73.958089	1
0	23	37784	512	40.7500727	-73.99839279	493	40.7568001	-73.98291153	1
0	23	30826	528	40.74290902	-73.97706058	334	40.74238787	-73.99726235	1
0	23	17394	477	40.75640548	-73.9900262	285	40.73454567	-73.99074142	1
0	23	23484	473	40.72110063	-73.9919254	167	40.7489006	-73.97604882	1
0	23	25197	380	40.73401143	-74.00293877	281	40.7643971	-73.97371465	1
0	23	22521	365	40.68223166	-73.9614583	354	40.69363137	-73.96223558	1
0	23	21048	498	40.74854862	-73.98808416	450	40.76227205	-73.98788205	1
0	23	7161	528	40.74290902	-73.97706058	472	40.7457121	-73.98194829	1
0	23	20978	528	40.74290902	-73.97706058	454	40.75455731	-73.96592976	1
0	23	51315	270	40.69308257	-73.97178913	262	40.69178232	-73.97372989	1
0	23	34788	261	40.69474881	-73.98362464	353	40.68539567	-73.97431458	1
0	23	7663	345	40.73649403	-73.99704374	494	40.74734825	-73.99723551	1
0	23	58956	382	40.73492695	-73.99200509	83	40.68382604	-73.97632328	1
0	23	33384	512	40.7500727	-73.99839279	151	40.7218158	-73.99720307	1
0	23	19191	419	40.69580705	-73.97355569	2003	40.73416059	-73.98024289	1
0	23	987	528	40.74290902	-73.97706058	461	40.73587678	-73.98205027	2
0	23	2868	252	40.73226398	-73.99852205	293	40.73028666	-73.9907647	1
0	23	58957	382	40.73492695	-73.99200509	2009	40.71117444	-73.99682619	1
0	23	29536	461	40.73587678	-73.98205027	326	40.72953837	-73.98426726	1
0	23	14113	161	40.72917025	-73.99810231	312	40.722055	-73.989111	1
0	23	58958	83	40.68382604	-73.97632328	312	40.722055	-73.989111	1
0	23	13051	83	40.68382604	-73.97632328	390	40.69221589	-73.9842844	1
0	23	9219	153	40.752062307	-73.9816324043	540	40.74147286	-73.98320928	1
0	23	3964	461	40.73587678	-73.98205027	518	40.74780373	-73.9734419	2
0	23	34280	476	40.74394314	-73.97966069	128	40.72710258	-74.00297088	1
0	23	19874	324	40.689888	-73.981013	244	40.69196035	-73.96536851	1
0	23	30113	237	40.73047309	-73.98672378	369	40.73224119	-74.00026394	1
0	23	29134	83	40.68382604	-73.97632328	384	40.68317813	-73.9659641	2
0	23	58959	150	40.7208736	-73.98085795	407	40.700469	-73.991454	1
0	23	20588	380	40.73401143	-74.00293877	482	40.73935542	-73.99931783	1
0	23	38827	336	40.73047747	-73.99906065	345	40.73649403	-73.99704374	2
0	23	32887	428	40.72467721	-73.98783413	311	40.7172274	-73.98802084	1
0	23	58960	120	40.68676793	-73.95928168	195	40.70905623	-74.01043382	2
0	23	44126	268	40.71910537	-73.99973337	322	40.696192	-73.991218	1
0	23	58961	393	40.72299208	-73.97995466	271	40.68528172	-73.97805813	1
0	23	21184	495	40.76269882	-73.99301222	529	40.7575699	-73.99098507	1
0	23	10444	359	40.75510267	-73.97498696	540	40.74147286	-73.98320928	2
0	23	22148	418	40.70224	-73.982578	244	40.69196035	-73.96536851	1
0	23	12571	345	40.73649403	-73.99704374	496	40.73726186	-73.99238967	1
0	23	39953	157	40.69089272	-73.99612349	271	40.68528172	-73.97805813	2
0	23	36806	330	40.71450451	-74.00562789	414	40.70281858	-73.98765762	1
0	23	41836	236	40.7284186	-73.98713956	307	40.71427487	-73.98990025	1
0	23	57593	143	40.69239502	-73.99337909	241	40.68981035	-73.97493121	1
0	23	28781	350	40.71559509	-73.9870295	356	40.71622644	-73.98261206	1
0	23	2237	518	40.74780373	-73.9734419	518	40.74780373	-73.9734419	1
0	23	58962	421	40.69573398	-73.97129668	399	40.68851534	-73.9647628	1
0	23	13190	303	40.72362738	-73.99949601	470	40.74345335	-74.00004031	1
0	23	13047	252	40.73226398	-73.99852205	336	40.73047747	-73.99906065	1
0	23	20255	173	40.76064679	-73.98442659	477	40.75640548	-73.9900262	1
0	23	12169	546	40.74444921	-73.98303529	336	40.73047747	-73.99906065	1
0	23	34773	83	40.68382604	-73.97632328	278	40.69766564	-73.98476437	2
0	23	56690	358	40.73291553	-74.00711384	302	40.72082834	-73.97793172	1
0	23	27094	2022	40.75849116	-73.95920622	2022	40.75849116	-73.95920622	1
0	23	5068	382	40.73492695	-73.99200509	284	40.7390169121	-74.0026376103	2
0	23	18416	473	40.72110063	-73.9919254	307	40.71427487	-73.98990025	2
0	23	19559	428	40.72467721	-73.98783413	380	40.73401143	-74.00293877	1
0	23	831	477	40.75640548	-73.9900262	528	40.74290902	-73.97706058	1
0	23	30285	239	40.69196566	-73.9813018	262	40.69178232	-73.97372989	1
0	23	10162	2017	40.75022392	-73.97121414	167	40.7489006	-73.97604882	1
0	23	22503	2022	40.75849116	-73.95920622	504	40.73221853	-73.98165557	1
0	23	28962	348	40.72490985	-74.00154702	320	40.71743998	-74.00583475	2
0	23	19962	468	40.7652654	-73.98192338	499	40.76915505	-73.98191841	1
0	23	22455	521	40.75044999	-73.99481051	439	40.7262807	-73.98978041	1
0	23	7319	446	40.74487634	-73.99529885	521	40.75044999	-73.99481051	1
0	23	49546	376	40.70862144	-74.00722156	264	40.70706456	-74.00731853	1
0	23	11816	382	40.73492695	-73.99200509	403	40.72502876	-73.99069656	1
0	23	5541	539	40.71534825	-73.96024116	539	40.71534825	-73.96024116	2
0	23	47029	223	40.73781509	-73.99994661	302	40.72082834	-73.97793172	1
0	23	27803	2002	40.716887	-73.963198	389	40.71044554	-73.96525063	1
0	23	33513	382	40.73492695	-73.99200509	224	40.71146364	-74.00552427	1
0	23	19432	243	40.687979	-73.978474	450	40.76227205	-73.98788205	1
0	23	5996	496	40.73726186	-73.99238967	546	40.74444921	-73.98303529	1
0	23	50852	401	40.72019576	-73.98997825	116	40.74177603	-74.00149746	1
0	23	11391	401	40.72019576	-73.98997825	237	40.73047309	-73.98672378	1
0	23	23594	167	40.7489006	-73.97604882	534	40.70255065	-74.0127234	1
0	23	2112	477	40.75640548	-73.9900262	268	40.71910537	-73.99973337	1
0	23	20078	403	40.72502876	-73.99069656	301	40.72217444	-73.98368779	1
0	23	6221	462	40.74691959	-74.00451887	479	40.76019252	-73.9912551	1
0	23	478	504	40.73221853	-73.98165557	532	40.710451	-73.960876	1
0	23	4027	319	40.71336124	-74.00937622	376	40.70862144	-74.00722156	1
0	23	15734	534	40.70255065	-74.0127234	306	40.70823502	-74.00530063	1
0	23	5940	521	40.75044999	-73.99481051	318	40.75320159	-73.9779874	1
0	23	39280	499	40.76915505	-73.98191841	237	40.73047309	-73.98672378	1
0	23	506	404	40.7405826	-74.00550867	305	40.76095756	-73.96724467	1
0	23	47614	438	40.72779126	-73.98564945	504	40.73221853	-73.98165557	1
0	23	29471	520	40.75992262	-73.97648516	478	40.76030096	-73.99884222	1
0	23	55202	312	40.722055	-73.989111	417	40.71291224	-74.01020234	1
0	23	14037	334	40.74238787	-73.99726235	532	40.710451	-73.960876	1
0	23	12327	326	40.72953837	-73.98426726	300	40.728145	-73.990214	1
0	23	70	300	40.728145	-73.990214	2003	40.73416059	-73.98024289	2
0	23	47824	368	40.73038599	-74.00214988	494	40.74734825	-73.99723551	2
0	23	36621	486	40.7462009	-73.98855723	453	40.74475148	-73.99915362	1
0	23	24266	473	40.72110063	-73.9919254	521	40.75044999	-73.99481051	1
0	23	11465	195	40.70905623	-74.01043382	152	40.71473993	-74.00910627	1
0	23	42332	531	40.71893904	-73.99266288	150	40.7208736	-73.98085795	1
0	23	54689	494	40.74734825	-73.99723551	427	40.70251526	-74.01427023	1
0	23	4603	2002	40.716887	-73.963198	460	40.71285887	-73.96590294	1
0	23	23596	195	40.70905623	-74.01043382	2021	40.75929124	-73.98859651	1
0	23	17234	540	40.74147286	-73.98320928	236	40.7284186	-73.98713956	1
0	23	5134	300	40.728145	-73.990214	285	40.73454567	-73.99074142	1
0	23	6147	358	40.73291553	-74.00711384	478	40.76030096	-73.99884222	1
0	23	25661	251	40.72317958	-73.99480012	116	40.74177603	-74.00149746	1
0	23	21991	504	40.73221853	-73.98165557	537	40.74025878	-73.98409214	1
0	23	50549	386	40.71494807	-74.00234482	320	40.71743998	-74.00583475	1
0	23	21207	251	40.72317958	-73.99480012	268	40.71910537	-73.99973337	1
0	23	15157	293	40.73028666	-73.9907647	379	40.749156	-73.9916	1
0	23	1220	352	40.76340613	-73.97722479	318	40.75320159	-73.9779874	1
0	23	7561	519	40.75188406	-73.97770164	528	40.74290902	-73.97706058	1
0	23	17392	427	40.70251526	-74.01427023	427	40.70251526	-74.01427023	1
0	23	18870	379	40.749156	-73.9916	476	40.74394314	-73.97966069	1
0	23	58963	389	40.71044554	-73.96525063	344	40.6851443	-73.95380904	1
0	23	1602	329	40.72043411	-74.01020609	195	40.70905623	-74.01043382	1
0	23	23808	347	40.72873888	-74.00748842	465	40.75513557	-73.98658032	1
0	23	5675	540	40.74147286	-73.98320928	462	40.74691959	-74.00451887	1
0	23	23430	305	40.76095756	-73.96724467	528	40.74290902	-73.97706058	1
0	23	135	438	40.72779126	-73.98564945	433	40.72955361	-73.98057249	1
0	23	37663	173	40.76064679	-73.98442659	334	40.74238787	-73.99726235	1
0	23	5762	519	40.75188406	-73.97770164	472	40.7457121	-73.98194829	2
0	23	1973	492	40.75019995	-73.99093085	2021	40.75929124	-73.98859651	2
0	23	29122	403	40.72502876	-73.99069656	236	40.7284186	-73.98713956	1
0	23	22174	477	40.75640548	-73.9900262	494	40.74734825	-73.99723551	2
0	23	11222	380	40.73401143	-74.00293877	410	40.72066442	-73.98517977	1
0	23	28987	462	40.74691959	-74.00451887	2003	40.73416059	-73.98024289	1
0	23	10385	251	40.72317958	-73.99480012	336	40.73047747	-73.99906065	1
0	23	17739	325	40.73624527	-73.98473765	504	40.73221853	-73.98165557	3
0	23	27816	2012	40.739445	-73.976806	497	40.73704984	-73.99009296	1
0	23	5336	153	40.752062307	-73.9816324043	490	40.751551	-73.993934	1
0	23	27956	486	40.7462009	-73.98855723	253	40.73543934	-73.99453948	1
0	23	3544	462	40.74691959	-74.00451887	462	40.74691959	-74.00451887	1
0	23	11213	237	40.73047309	-73.98672378	432	40.72621788	-73.98379855	1
0	23	17228	391	40.69760127	-73.99344559	406	40.69512845	-73.99595065	1
0	23	5092	237	40.73047309	-73.98672378	483	40.73223272	-73.98889957	1
0	23	47257	428	40.72467721	-73.98783413	483	40.73223272	-73.98889957	1
0	23	17236	168	40.73971301	-73.99456405	497	40.73704984	-73.99009296	1
0	23	2182	477	40.75640548	-73.9900262	228	40.7546011026	-73.971878855	1
0	23	34547	252	40.73226398	-73.99852205	540	40.74147286	-73.98320928	1
0	23	22504	483	40.73223272	-73.98889957	348	40.72490985	-74.00154702	1
0	23	25802	505	40.74901271	-73.98848395	281	40.7643971	-73.97371465	1
0	23	56786	83	40.68382604	-73.97632328	489	40.75066386	-74.00176802	1
0	23	11794	254	40.73532427	-73.99800419	512	40.7500727	-73.99839279	1
0	23	17731	426	40.71754834	-74.01322069	512	40.7500727	-73.99839279	1
0	23	21043	326	40.72953837	-73.98426726	297	40.734232	-73.986923	1
0	23	13171	515	40.76009437	-73.99461843	521	40.75044999	-73.99481051	1
0	23	8560	536	40.74144387	-73.97536082	236	40.7284186	-73.98713956	1
0	23	14611	237	40.73047309	-73.98672378	312	40.722055	-73.989111	1
0	23	2061	297	40.734232	-73.986923	519	40.75188406	-73.97770164	1
0	23	39450	479	40.76019252	-73.9912551	433	40.72955361	-73.98057249	1
0	23	58964	369	40.73224119	-74.00026394	167	40.7489006	-73.97604882	1
0	23	12217	444	40.7423543	-73.98915076	312	40.722055	-73.989111	1
0	23	10888	470	40.74345335	-74.00004031	423	40.76584941	-73.98690506	1
0	23	47022	528	40.74290902	-73.97706058	284	40.7390169121	-74.0026376103	1
0	23	996	347	40.72873888	-74.00748842	426	40.71754834	-74.01322069	1
0	23	4541	423	40.76584941	-73.98690506	500	40.76228826	-73.98336183	1
0	23	4412	285	40.73454567	-73.99074142	459	40.746745	-74.007756	1
0	23	27876	442	40.746647	-73.993915	361	40.71605866	-73.99190759	1
0	23	28606	247	40.73535398	-74.00483091	453	40.74475148	-73.99915362	1
0	23	36179	483	40.73223272	-73.98889957	79	40.71911552	-74.00666661	1
0	23	8612	251	40.72317958	-73.99480012	486	40.7462009	-73.98855723	1
0	23	58965	482	40.73935542	-73.99931783	460	40.71285887	-73.96590294	1
0	23	7232	492	40.75019995	-73.99093085	253	40.73543934	-73.99453948	1
0	23	33923	462	40.74691959	-74.00451887	447	40.76370739	-73.9851615	1
0	23	7429	293	40.73028666	-73.9907647	475	40.73524276	-73.98758561	1
0	23	47952	463	40.74206539	-74.00443172	518	40.74780373	-73.9734419	1
0	23	34545	293	40.73028666	-73.9907647	362	40.75172632	-73.98753523	1
0	23	45309	359	40.75510267	-73.97498696	516	40.75206862	-73.96784384	1
0	23	26904	83	40.68382604	-73.97632328	532	40.710451	-73.960876	2
0	23	58966	428	40.72467721	-73.98783413	462	40.74691959	-74.00451887	1
0	23	976	368	40.73038599	-74.00214988	128	40.72710258	-74.00297088	1
0	23	29229	348	40.72490985	-74.00154702	2008	40.70569254	-74.01677685	1
0	23	9280	480	40.76669671	-73.99061728	72	40.76727216	-73.99392888	1
0	23	33090	2003	40.73416059	-73.98024289	336	40.73047747	-73.99906065	1
0	23	41543	392	40.695065	-73.987167	253	40.73543934	-73.99453948	1
0	23	2561	357	40.73261787	-73.99158043	252	40.73226398	-73.99852205	1
0	23	7684	468	40.7652654	-73.98192338	305	40.76095756	-73.96724467	1
0	23	22870	490	40.751551	-73.993934	492	40.75019995	-73.99093085	1
0	23	57062	249	40.71870987	-74.0090009	296	40.71413089	-73.9970468	2
0	23	9225	404	40.7405826	-74.00550867	380	40.73401143	-74.00293877	1
0	23	50964	432	40.72621788	-73.98379855	479	40.76019252	-73.9912551	1
0	23	2104	546	40.74444921	-73.98303529	528	40.74290902	-73.97706058	1
0	23	31165	540	40.74147286	-73.98320928	263	40.71729	-73.996375	1
0	23	15290	528	40.74290902	-73.97706058	243	40.687979	-73.978474	2
0	23	20189	432	40.72621788	-73.98379855	295	40.71406667	-73.99293911	1
0	23	18202	358	40.73291553	-74.00711384	268	40.71910537	-73.99973337	1
0	23	28484	284	40.7390169121	-74.0026376103	497	40.73704984	-73.99009296	1
0	23	17252	195	40.70905623	-74.01043382	263	40.71729	-73.996375	1
0	23	23919	459	40.746745	-74.007756	432	40.72621788	-73.98379855	1
0	23	8225	459	40.746745	-74.007756	265	40.72229346	-73.99147535	1
0	23	8684	236	40.7284186	-73.98713956	459	40.746745	-74.007756	1
0	23	7626	293	40.73028666	-73.9907647	284	40.7390169121	-74.0026376103	1
0	23	7719	466	40.74395411	-73.99144871	540	40.74147286	-73.98320928	1
0	23	13587	488	40.75645824	-73.99372222	512	40.7500727	-73.99839279	1
0	23	17048	479	40.76019252	-73.9912551	448	40.75660359	-73.9979009	1
0	23	58967	408	40.71076228	-73.99400398	356	40.71622644	-73.98261206	1
0	23	33262	303	40.72362738	-73.99949601	330	40.71450451	-74.00562789	1
0	23	12521	347	40.72873888	-74.00748842	470	40.74345335	-74.00004031	1
0	23	34415	473	40.72110063	-73.9919254	268	40.71910537	-73.99973337	2
0	23	34420	439	40.7262807	-73.98978041	539	40.71534825	-73.96024116	1
0	23	9908	546	40.74444921	-73.98303529	499	40.76915505	-73.98191841	1
0	23	20485	492	40.75019995	-73.99093085	499	40.76915505	-73.98191841	1
0	23	26837	477	40.75640548	-73.9900262	482	40.73935542	-73.99931783	1
0	23	2564	252	40.73226398	-73.99852205	116	40.74177603	-74.00149746	1
0	23	13230	146	40.71625008	-74.0091059	368	40.73038599	-74.00214988	1
0	23	37166	116	40.74177603	-74.00149746	229	40.72743423	-73.99379025	1
0	23	9840	320	40.71743998	-74.00583475	509	40.7454973	-74.00197139	1
0	23	4971	293	40.73028666	-73.9907647	285	40.73454567	-73.99074142	1
0	23	2024	303	40.72362738	-73.99949601	293	40.73028666	-73.9907647	1
0	23	2772	410	40.72066442	-73.98517977	303	40.72362738	-73.99949601	2
0	23	11972	375	40.72679454	-73.99695094	438	40.72779126	-73.98564945	1
0	23	13982	326	40.72953837	-73.98426726	507	40.73912601	-73.97973776	1
0	23	662	477	40.75640548	-73.9900262	293	40.73028666	-73.9907647	1
0	23	4117	293	40.73028666	-73.9907647	440	40.75255434	-73.97282625	1
0	23	12215	450	40.76227205	-73.98788205	490	40.751551	-73.993934	1
0	23	24740	152	40.71473993	-74.00910627	352	40.76340613	-73.97722479	1
0	23	18612	128	40.72710258	-74.00297088	513	40.768254	-73.988639	1
0	23	10789	348	40.72490985	-74.00154702	348	40.72490985	-74.00154702	1
0	23	34593	280	40.73331967	-73.99510132	369	40.73224119	-74.00026394	1
0	23	28812	350	40.71559509	-73.9870295	355	40.71602118	-73.99974372	1
0	23	23714	489	40.75066386	-74.00176802	495	40.76269882	-73.99301222	1
0	23	24281	477	40.75640548	-73.9900262	461	40.73587678	-73.98205027	1
0	23	5338	489	40.75066386	-74.00176802	497	40.73704984	-73.99009296	1
0	23	45656	477	40.75640548	-73.9900262	403	40.72502876	-73.99069656	1
0	23	58968	128	40.72710258	-74.00297088	366	40.693261	-73.968896	1
0	23	30559	2006	40.76590936	-73.97634151	447	40.76370739	-73.9851615	1
0	23	23566	368	40.73038599	-74.00214988	486	40.7462009	-73.98855723	1
0	23	23884	244	40.69196035	-73.96536851	353	40.68539567	-73.97431458	1
0	23	21850	326	40.72953837	-73.98426726	528	40.74290902	-73.97706058	1
0	23	8286	271	40.68528172	-73.97805813	384	40.68317813	-73.9659641	1
0	23	3250	336	40.73047747	-73.99906065	375	40.72679454	-73.99695094	1
0	23	58969	434	40.74317449	-74.00366443	2008	40.70569254	-74.01677685	1
0	23	2838	499	40.76915505	-73.98191841	448	40.75660359	-73.9979009	1
0	23	49095	471	40.71286844	-73.95698119	409	40.6906495	-73.95643107	1
0	23	218	359	40.75510267	-73.97498696	450	40.76227205	-73.98788205	1
0	23	46415	482	40.73935542	-73.99931783	403	40.72502876	-73.99069656	1
0	23	17135	497	40.73704984	-73.99009296	450	40.76227205	-73.98788205	1
0	23	43444	320	40.71743998	-74.00583475	361	40.71605866	-73.99190759	1
0	23	43996	473	40.72110063	-73.9919254	253	40.73543934	-73.99453948	1
0	23	43997	293	40.73028666	-73.9907647	454	40.75455731	-73.96592976	1
0	23	14264	348	40.72490985	-74.00154702	276	40.71748752	-74.0104554	1
0	23	20936	305	40.76095756	-73.96724467	512	40.7500727	-73.99839279	1
0	23	11031	347	40.72873888	-74.00748842	458	40.751396	-74.005226	1
0	23	3532	423	40.76584941	-73.98690506	488	40.75645824	-73.99372222	1
0	23	49397	326	40.72953837	-73.98426726	482	40.73935542	-73.99931783	1
0	23	50764	478	40.76030096	-73.99884222	480	40.76669671	-73.99061728	1
0	23	3102	477	40.75640548	-73.9900262	472	40.7457121	-73.98194829	1
0	23	30535	472	40.7457121	-73.98194829	237	40.73047309	-73.98672378	1
0	23	58970	433	40.72955361	-73.98057249	280	40.73331967	-73.99510132	1
0	23	8887	161	40.72917025	-73.99810231	410	40.72066442	-73.98517977	1
0	23	27843	380	40.73401143	-74.00293877	540	40.74147286	-73.98320928	1
0	23	13140	405	40.739323	-74.008119	358	40.73291553	-74.00711384	1
0	23	12420	504	40.73221853	-73.98165557	504	40.73221853	-73.98165557	3
0	23	23350	507	40.73912601	-73.97973776	284	40.7390169121	-74.0026376103	1
0	23	17432	223	40.73781509	-73.99994661	394	40.72521311	-73.97768752	1
0	23	21531	540	40.74147286	-73.98320928	528	40.74290902	-73.97706058	3
0	23	58971	128	40.72710258	-74.00297088	83	40.68382604	-73.97632328	1
0	23	12351	428	40.72467721	-73.98783413	504	40.73221853	-73.98165557	2
0	23	44779	285	40.73454567	-73.99074142	296	40.71413089	-73.9970468	1
0	23	16553	290	40.76020258	-73.96478473	507	40.73912601	-73.97973776	1
0	23	78	252	40.73226398	-73.99852205	294	40.73049393	-73.9957214	1
0	23	58972	2006	40.76590936	-73.97634151	263	40.71729	-73.996375	1
0	23	10271	528	40.74290902	-73.97706058	167	40.7489006	-73.97604882	1
0	23	23810	2006	40.76590936	-73.97634151	492	40.75019995	-73.99093085	1
0	23	49346	434	40.74317449	-74.00366443	507	40.73912601	-73.97973776	1
0	23	58973	386	40.71494807	-74.00234482	281	40.7643971	-73.97371465	1
0	23	58974	512	40.7500727	-73.99839279	369	40.73224119	-74.00026394	1
0	23	30902	2006	40.76590936	-73.97634151	168	40.73971301	-73.99456405	1
0	23	3564	519	40.75188406	-73.97770164	477	40.75640548	-73.9900262	1
0	23	11392	546	40.74444921	-73.98303529	412	40.7158155	-73.99422366	1
0	23	17456	468	40.7652654	-73.98192338	116	40.74177603	-74.00149746	1
0	23	7648	523	40.75466591	-73.99138152	462	40.74691959	-74.00451887	1
0	23	46721	345	40.73649403	-73.99704374	326	40.72953837	-73.98426726	1
0	23	17328	247	40.73535398	-74.00483091	146	40.71625008	-74.0091059	1
0	23	58975	500	40.76228826	-73.98336183	296	40.71413089	-73.9970468	1
0	23	30206	433	40.72955361	-73.98057249	368	40.73038599	-74.00214988	1
0	23	42734	336	40.73047747	-73.99906065	247	40.73535398	-74.00483091	1
0	23	7704	297	40.734232	-73.986923	116	40.74177603	-74.00149746	1
0	23	9707	459	40.746745	-74.007756	536	40.74144387	-73.97536082	1
0	23	47869	326	40.72953837	-73.98426726	174	40.7381765	-73.97738662	1
0	23	27545	72	40.76727216	-73.99392888	480	40.76669671	-73.99061728	1
0	23	28068	116	40.74177603	-74.00149746	473	40.72110063	-73.9919254	1
0	23	1822	394	40.72521311	-73.97768752	297	40.734232	-73.986923	1
0	23	1944	387	40.71273266	-74.0046073	147	40.71542197	-74.01121978	1
0	23	43833	528	40.74290902	-73.97706058	2006	40.76590936	-73.97634151	1
0	23	10769	336	40.73047747	-73.99906065	2010	40.72165481	-74.00234737	2
0	23	38744	499	40.76915505	-73.98191841	361	40.71605866	-73.99190759	1
0	23	26076	401	40.72019576	-73.98997825	236	40.7284186	-73.98713956	1
0	23	500	438	40.72779126	-73.98564945	505	40.74901271	-73.98848395	1
0	23	39354	442	40.746647	-73.993915	434	40.74317449	-74.00366443	1
0	23	23930	459	40.746745	-74.007756	312	40.722055	-73.989111	1
0	23	21909	229	40.72743423	-73.99379025	251	40.72317958	-73.99480012	1
0	23	10505	433	40.72955361	-73.98057249	428	40.72467721	-73.98783413	1
0	23	25666	499	40.76915505	-73.98191841	472	40.7457121	-73.98194829	1
0	23	33080	478	40.76030096	-73.99884222	225	40.74195138	-74.00803013	1
0	23	33339	448	40.75660359	-73.9979009	388	40.749717753	-74.002950346	1
0	23	31513	348	40.72490985	-74.00154702	428	40.72467721	-73.98783413	1
0	23	32027	461	40.73587678	-73.98205027	528	40.74290902	-73.97706058	1
0	23	26149	264	40.70706456	-74.00731853	268	40.71910537	-73.99973337	1
0	23	58976	293	40.73028666	-73.9907647	2002	40.716887	-73.963198	1
0	23	58977	410	40.72066442	-73.98517977	416	40.68753406	-73.97265183	1
0	23	17079	306	40.70823502	-74.00530063	346	40.73652889	-74.00618026	1
0	23	17904	470	40.74345335	-74.00004031	488	40.75645824	-73.99372222	1
0	23	14722	474	40.7451677	-73.98683077	375	40.72679454	-73.99695094	1
0	23	23876	326	40.72953837	-73.98426726	291	40.713126	-73.984844	1
0	23	16235	483	40.73223272	-73.98889957	531	40.71893904	-73.99266288	1
0	23	58978	478	40.76030096	-73.99884222	302	40.72082834	-73.97793172	1
0	23	9651	334	40.74238787	-73.99726235	267	40.75097711	-73.98765428	1
0	23	11077	304	40.70463334	-74.01361706	415	40.7047177	-74.00926027	1
0	23	28507	476	40.74394314	-73.97966069	453	40.74475148	-73.99915362	1
0	23	11000	499	40.76915505	-73.98191841	497	40.73704984	-73.99009296	1
0	23	23929	375	40.72679454	-73.99695094	195	40.70905623	-74.01043382	1
0	23	31863	401	40.72019576	-73.98997825	368	40.73038599	-74.00214988	1
0	23	33778	450	40.76227205	-73.98788205	405	40.739323	-74.008119	1
0	23	7173	497	40.73704984	-73.99009296	294	40.73049393	-73.9957214	1
0	23	58979	531	40.71893904	-73.99266288	420	40.68764484	-73.96968902	1
0	23	15221	528	40.74290902	-73.97706058	410	40.72066442	-73.98517977	1
0	23	6600	499	40.76915505	-73.98191841	263	40.71729	-73.996375	1
0	23	34684	120	40.68676793	-73.95928168	532	40.710451	-73.960876	1
0	23	3790	128	40.72710258	-74.00297088	434	40.74317449	-74.00366443	1
0	23	13629	345	40.73649403	-73.99704374	470	40.74345335	-74.00004031	1
0	23	13973	537	40.74025878	-73.98409214	462	40.74691959	-74.00451887	1
0	23	2808	472	40.7457121	-73.98194829	507	40.73912601	-73.97973776	1
0	23	19998	446	40.74487634	-73.99529885	127	40.73172428	-74.00674436	1
0	23	33947	518	40.74780373	-73.9734419	116	40.74177603	-74.00149746	1
0	23	6721	127	40.73172428	-74.00674436	294	40.73049393	-73.9957214	1
0	23	32868	441	40.756014	-73.967416	469	40.76344058	-73.98268129	1
0	23	33736	311	40.7172274	-73.98802084	394	40.72521311	-73.97768752	1
0	23	11228	494	40.74734825	-73.99723551	488	40.75645824	-73.99372222	2
0	23	16516	377	40.72243797	-74.00566443	417	40.71291224	-74.01020234	1
0	23	23858	167	40.7489006	-73.97604882	441	40.756014	-73.967416	1
0	23	12044	490	40.751551	-73.993934	465	40.75513557	-73.98658032	1
0	23	50368	311	40.7172274	-73.98802084	146	40.71625008	-74.0091059	1
0	23	10063	489	40.75066386	-74.00176802	470	40.74345335	-74.00004031	1
0	23	22353	2021	40.75929124	-73.98859651	498	40.74854862	-73.98808416	1
0	23	33691	401	40.72019576	-73.98997825	417	40.71291224	-74.01020234	1
0	23	14971	252	40.73226398	-73.99852205	284	40.7390169121	-74.0026376103	1
0	23	37392	346	40.73652889	-74.00618026	323	40.69236178	-73.98631746	1
0	23	31429	346	40.73652889	-74.00618026	268	40.71910537	-73.99973337	1
0	23	28667	504	40.73221853	-73.98165557	528	40.74290902	-73.97706058	1
0	23	38665	427	40.70251526	-74.01427023	82	40.71117416	-74.00016545	1
0	23	40636	251	40.72317958	-73.99480012	393	40.72299208	-73.97995466	1
0	23	37688	461	40.73587678	-73.98205027	350	40.71559509	-73.9870295	1
0	23	32875	308	40.71307916	-73.99851193	151	40.7218158	-73.99720307	1
0	23	10831	116	40.74177603	-74.00149746	434	40.74317449	-74.00366443	1
0	23	23199	271	40.68528172	-73.97805813	420	40.68764484	-73.96968902	1
0	23	37328	346	40.73652889	-74.00618026	238	40.7361967	-74.00859207	1
0	23	26284	464	40.75934501	-73.96759673	488	40.75645824	-73.99372222	1
0	23	5472	472	40.7457121	-73.98194829	545	40.736502	-73.97809472	1
0	23	45097	509	40.7454973	-74.00197139	489	40.75066386	-74.00176802	1
0	23	23297	479	40.76019252	-73.9912551	462	40.74691959	-74.00451887	1
0	23	16830	380	40.73401143	-74.00293877	342	40.71739973	-73.98016555	1
0	23	8351	486	40.7462009	-73.98855723	382	40.73492695	-73.99200509	1
0	23	557	380	40.73401143	-74.00293877	229	40.72743423	-73.99379025	1
0	23	13351	513	40.768254	-73.988639	212	40.74334935	-74.00681753	1
0	23	22710	143	40.69239502	-73.99337909	395	40.68807003	-73.98410637	1
0	23	28885	264	40.70706456	-74.00731853	254	40.73532427	-73.99800419	1
0	23	46768	470	40.74345335	-74.00004031	504	40.73221853	-73.98165557	1
0	23	58980	390	40.69221589	-73.9842844	290	40.76020258	-73.96478473	1
0	23	40822	458	40.751396	-74.005226	479	40.76019252	-73.9912551	1
0	23	27009	489	40.75066386	-74.00176802	529	40.7575699	-73.99098507	1
0	23	42343	492	40.75019995	-73.99093085	326	40.72953837	-73.98426726	1
0	23	7753	475	40.73524276	-73.98758561	540	40.74147286	-73.98320928	1
0	23	31904	512	40.7500727	-73.99839279	317	40.72453734	-73.98185424	1
0	23	15902	499	40.76915505	-73.98191841	479	40.76019252	-73.9912551	1
0	23	58981	471	40.71286844	-73.95698119	528	40.74290902	-73.97706058	1
0	23	272	334	40.74238787	-73.99726235	284	40.7390169121	-74.0026376103	1
0	23	47100	361	40.71605866	-73.99190759	298	40.68683208	-73.9796772	1
0	23	28195	285	40.73454567	-73.99074142	477	40.75640548	-73.9900262	1
0	23	10647	229	40.72743423	-73.99379025	326	40.72953837	-73.98426726	1
0	23	42728	268	40.71910537	-73.99973337	302	40.72082834	-73.97793172	1
0	23	18674	316	40.70955958	-74.00653609	426	40.71754834	-74.01322069	1
0	23	10289	540	40.74147286	-73.98320928	285	40.73454567	-73.99074142	1
0	23	45424	318	40.75320159	-73.9779874	300	40.728145	-73.990214	1
0	23	24385	195	40.70905623	-74.01043382	128	40.72710258	-74.00297088	1
0	23	23729	281	40.7643971	-73.97371465	500	40.76228826	-73.98336183	1
0	23	23634	368	40.73038599	-74.00214988	446	40.74487634	-73.99529885	1
0	23	58982	268	40.71910537	-73.99973337	416	40.68753406	-73.97265183	1
0	23	11073	490	40.751551	-73.993934	479	40.76019252	-73.9912551	1
0	23	743	492	40.75019995	-73.99093085	251	40.72317958	-73.99480012	2
0	23	58983	480	40.76669671	-73.99061728	168	40.73971301	-73.99456405	1
0	23	15111	249	40.71870987	-74.0090009	82	40.71117416	-74.00016545	1
0	23	6765	347	40.72873888	-74.00748842	284	40.7390169121	-74.0026376103	1
0	23	23202	324	40.689888	-73.981013	354	40.69363137	-73.96223558	1
0	23	7645	454	40.75455731	-73.96592976	164	40.75323098	-73.97032517	2
0	23	19720	464	40.75934501	-73.96759673	459	40.746745	-74.007756	1
0	23	5456	284	40.7390169121	-74.0026376103	346	40.73652889	-74.00618026	1
0	23	58984	392	40.695065	-73.987167	304	40.70463334	-74.01361706	1
0	23	8595	151	40.7218158	-73.99720307	401	40.72019576	-73.98997825	1
0	23	13020	528	40.74290902	-73.97706058	160	40.748238	-73.978311	1
0	23	58985	470	40.74345335	-74.00004031	339	40.72580614	-73.97422494	1
0	23	58986	522	40.75714758	-73.97207836	229	40.72743423	-73.99379025	1
0	23	8437	472	40.7457121	-73.98194829	528	40.74290902	-73.97706058	1
0	23	35165	336	40.73047747	-73.99906065	336	40.73047747	-73.99906065	1
0	23	58987	380	40.73401143	-74.00293877	275	40.68650065	-73.96563307	1
0	23	58988	528	40.74290902	-73.97706058	315	40.70355377	-74.00670227	1
0	23	19466	146	40.71625008	-74.0091059	316	40.70955958	-74.00653609	1
0	23	26825	479	40.76019252	-73.9912551	285	40.73454567	-73.99074142	1
0	23	9121	357	40.73261787	-73.99158043	254	40.73532427	-73.99800419	1
0	23	12573	528	40.74290902	-73.97706058	504	40.73221853	-73.98165557	1
0	23	8949	317	40.72453734	-73.98185424	335	40.72903917	-73.99404649	1
0	23	42174	507	40.73912601	-73.97973776	351	40.70530954	-74.00612572	1
0	23	1953	241	40.68981035	-73.97493121	324	40.689888	-73.981013	1
0	23	53252	405	40.739323	-74.008119	428	40.72467721	-73.98783413	1
0	23	1187	241	40.68981035	-73.97493121	426	40.71754834	-74.01322069	1
0	23	58989	372	40.694528	-73.958089	426	40.71754834	-74.01322069	1
0	23	12859	428	40.72467721	-73.98783413	428	40.72467721	-73.98783413	1
0	23	28260	361	40.71605866	-73.99190759	329	40.72043411	-74.01020609	1
0	23	3367	238	40.7361967	-74.00859207	2021	40.75929124	-73.98859651	1
0	23	7027	512	40.7500727	-73.99839279	375	40.72679454	-73.99695094	1
0	23	58990	387	40.71273266	-74.0046073	431	40.68864636	-73.98263429	1
0	23	41777	251	40.72317958	-73.99480012	477	40.75640548	-73.9900262	1
0	23	16680	450	40.76227205	-73.98788205	512	40.7500727	-73.99839279	1
0	23	58991	167	40.7489006	-73.97604882	339	40.72580614	-73.97422494	1
0	23	15765	404	40.7405826	-74.00550867	2021	40.75929124	-73.98859651	1
0	23	8999	307	40.71427487	-73.98990025	412	40.7158155	-73.99422366	1
0	23	26950	164	40.75323098	-73.97032517	228	40.7546011026	-73.971878855	1
0	23	46952	295	40.71406667	-73.99293911	504	40.73221853	-73.98165557	1
0	23	15466	434	40.74317449	-74.00366443	540	40.74147286	-73.98320928	1
0	23	190	238	40.7361967	-74.00859207	128	40.72710258	-74.00297088	1
0	23	17380	497	40.73704984	-73.99009296	428	40.72467721	-73.98783413	2
0	23	29476	382	40.73492695	-73.99200509	401	40.72019576	-73.98997825	1
0	23	23847	313	40.69610226	-73.96751037	275	40.68650065	-73.96563307	1
0	23	34363	238	40.7361967	-74.00859207	479	40.76019252	-73.9912551	1
0	23	54691	416	40.68753406	-73.97265183	397	40.68415748	-73.96922273	1
0	23	4571	281	40.7643971	-73.97371465	469	40.76344058	-73.98268129	1
0	23	800	477	40.75640548	-73.9900262	359	40.75510267	-73.97498696	1
0	23	11358	301	40.72217444	-73.98368779	301	40.72217444	-73.98368779	1
0	23	26992	462	40.74691959	-74.00451887	537	40.74025878	-73.98409214	1
0	23	25806	264	40.70706456	-74.00731853	263	40.71729	-73.996375	1
0	23	27719	474	40.7451677	-73.98683077	403	40.72502876	-73.99069656	1
0	23	13901	280	40.73331967	-73.99510132	426	40.71754834	-74.01322069	1
0	23	5	403	40.72502876	-73.99069656	401	40.72019576	-73.98997825	1
0	23	12287	500	40.76228826	-73.98336183	457	40.76695317	-73.98169333	1
0	23	17882	479	40.76019252	-73.9912551	509	40.7454973	-74.00197139	1
0	23	46151	348	40.72490985	-74.00154702	401	40.72019576	-73.98997825	2
0	23	41137	251	40.72317958	-73.99480012	518	40.74780373	-73.9734419	1
0	23	22534	498	40.74854862	-73.98808416	528	40.74290902	-73.97706058	1
0	23	37438	509	40.7454973	-74.00197139	478	40.76030096	-73.99884222	1
0	23	2154	223	40.73781509	-73.99994661	294	40.73049393	-73.9957214	2
0	23	12623	448	40.75660359	-73.9979009	2021	40.75929124	-73.98859651	1
0	23	11316	254	40.73532427	-73.99800419	404	40.7405826	-74.00550867	1
0	23	15476	388	40.749717753	-74.002950346	146	40.71625008	-74.0091059	2
0	23	1306	379	40.749156	-73.9916	546	40.74444921	-73.98303529	1
0	23	38518	397	40.68415748	-73.96922273	364	40.68900443	-73.96023854	1
0	23	6715	318	40.75320159	-73.9779874	500	40.76228826	-73.98336183	1
0	23	23580	293	40.73028666	-73.9907647	280	40.73331967	-73.99510132	1
0	23	150	499	40.76915505	-73.98191841	528	40.74290902	-73.97706058	1
0	23	35068	521	40.75044999	-73.99481051	167	40.7489006	-73.97604882	1
0	23	38763	469	40.76344058	-73.98268129	477	40.75640548	-73.9900262	1
0	23	22780	532	40.710451	-73.960876	471	40.71286844	-73.95698119	1
0	23	23760	157	40.69089272	-73.99612349	430	40.7014851	-73.98656928	1
0	23	22287	412	40.7158155	-73.99422366	2009	40.71117444	-73.99682619	1
0	23	12410	357	40.73261787	-73.99158043	335	40.72903917	-73.99404649	1
0	23	34956	502	40.714215	-73.981346	382	40.73492695	-73.99200509	1
0	23	20344	422	40.770513	-73.988038	446	40.74487634	-73.99529885	1
0	23	31886	285	40.73454567	-73.99074142	2003	40.73416059	-73.98024289	1
0	23	29644	359	40.75510267	-73.97498696	521	40.75044999	-73.99481051	1
0	23	28213	224	40.71146364	-74.00552427	351	40.70530954	-74.00612572	1
0	23	10746	528	40.74290902	-73.97706058	540	40.74147286	-73.98320928	1
0	23	37094	195	40.70905623	-74.01043382	225	40.74195138	-74.00803013	2
0	23	27240	434	40.74317449	-74.00366443	361	40.71605866	-73.99190759	1
0	23	8210	2021	40.75929124	-73.98859651	447	40.76370739	-73.9851615	1
0	23	22581	347	40.72873888	-74.00748842	403	40.72502876	-73.99069656	1
0	23	20308	324	40.689888	-73.981013	364	40.68900443	-73.96023854	1
0	23	15507	446	40.74487634	-73.99529885	469	40.76344058	-73.98268129	1
0	23	24005	303	40.72362738	-73.99949601	312	40.722055	-73.989111	1
0	23	9876	301	40.72217444	-73.98368779	151	40.7218158	-73.99720307	1
0	23	4277	389	40.71044554	-73.96525063	282	40.70827295	-73.96834101	1
0	23	5746	316	40.70955958	-74.00653609	152	40.71473993	-74.00910627	1
0	23	6957	233	40.69246277	-73.98963911	310	40.68926942	-73.98912867	1
0	23	31879	505	40.74901271	-73.98848395	540	40.74147286	-73.98320928	1
0	23	46937	236	40.7284186	-73.98713956	383	40.735238	-74.000271	1
0	23	26569	474	40.7451677	-73.98683077	464	40.75934501	-73.96759673	1
0	23	32331	257	40.71939226	-74.00247214	301	40.72217444	-73.98368779	1
0	23	16044	3002	40.711512	-74.015756	521	40.75044999	-73.99481051	1
0	23	14696	326	40.72953837	-73.98426726	2003	40.73416059	-73.98024289	1
0	23	46230	323	40.69236178	-73.98631746	339	40.72580614	-73.97422494	1
0	23	52435	225	40.74195138	-74.00803013	236	40.7284186	-73.98713956	1
0	23	8178	488	40.75645824	-73.99372222	464	40.75934501	-73.96759673	1
0	23	2290	477	40.75640548	-73.9900262	264	40.70706456	-74.00731853	1
0	23	58992	243	40.687979	-73.978474	428	40.72467721	-73.98783413	1
0	23	58993	372	40.694528	-73.958089	390	40.69221589	-73.9842844	1
0	23	2046	401	40.72019576	-73.98997825	504	40.73221853	-73.98165557	1
0	23	31241	253	40.73543934	-73.99453948	368	40.73038599	-74.00214988	1
0	23	11750	263	40.71729	-73.996375	195	40.70905623	-74.01043382	1
0	23	19287	494	40.74734825	-73.99723551	426	40.71754834	-74.01322069	1
0	23	20859	368	40.73038599	-74.00214988	505	40.74901271	-73.98848395	1
0	23	23879	386	40.71494807	-74.00234482	161	40.72917025	-73.99810231	1
0	23	47790	365	40.68223166	-73.9614583	258	40.68940747	-73.96885458	1
0	23	1133	477	40.75640548	-73.9900262	450	40.76227205	-73.98788205	1
0	23	30750	483	40.73223272	-73.98889957	311	40.7172274	-73.98802084	1
0	23	5103	236	40.7284186	-73.98713956	401	40.72019576	-73.98997825	1
0	23	13635	312	40.722055	-73.989111	128	40.72710258	-74.00297088	1
0	23	23667	368	40.73038599	-74.00214988	379	40.749156	-73.9916	1
0	23	31041	440	40.75255434	-73.97282625	306	40.70823502	-74.00530063	1
0	23	58994	347	40.72873888	-74.00748842	174	40.7381765	-73.97738662	1
0	23	33025	229	40.72743423	-73.99379025	472	40.7457121	-73.98194829	1
0	23	4842	127	40.73172428	-74.00674436	336	40.73047747	-73.99906065	1
0	23	15841	347	40.72873888	-74.00748842	212	40.74334935	-74.00681753	1
0	23	2054	304	40.70463334	-74.01361706	337	40.7037992	-74.00838676	1
0	23	35275	300	40.728145	-73.990214	297	40.734232	-73.986923	1
0	23	58995	216	40.70037867	-73.99548059	83	40.68382604	-73.97632328	2
0	23	18276	2021	40.75929124	-73.98859651	492	40.75019995	-73.99093085	1
0	23	381	128	40.72710258	-74.00297088	151	40.7218158	-73.99720307	1
0	23	16549	340	40.71269042	-73.98776323	401	40.72019576	-73.98997825	1
0	23	39599	511	40.72938685	-73.97772429	473	40.72110063	-73.9919254	1
0	23	30734	497	40.73704984	-73.99009296	401	40.72019576	-73.98997825	1
0	23	49299	454	40.75455731	-73.96592976	482	40.73935542	-73.99931783	1
0	23	18112	462	40.74691959	-74.00451887	236	40.7284186	-73.98713956	1
0	23	41894	528	40.74290902	-73.97706058	356	40.71622644	-73.98261206	1
0	23	5568	450	40.76227205	-73.98788205	500	40.76228826	-73.98336183	1
0	23	34276	518	40.74780373	-73.9734419	284	40.7390169121	-74.0026376103	1
0	23	3974	380	40.73401143	-74.00293877	404	40.7405826	-74.00550867	3
0	23	13754	540	40.74147286	-73.98320928	505	40.74901271	-73.98848395	1
0	23	58996	494	40.74734825	-73.99723551	268	40.71910537	-73.99973337	1
0	23	53010	355	40.71602118	-73.99974372	511	40.72938685	-73.97772429	1
0	23	10691	497	40.73704984	-73.99009296	482	40.73935542	-73.99931783	1
0	23	12261	405	40.739323	-74.008119	478	40.76030096	-73.99884222	1
0	23	15524	167	40.7489006	-73.97604882	507	40.73912601	-73.97973776	1
0	23	27543	329	40.72043411	-74.01020609	346	40.73652889	-74.00618026	1
0	23	16246	271	40.68528172	-73.97805813	275	40.68650065	-73.96563307	1
0	23	4153	335	40.72903917	-73.99404649	382	40.73492695	-73.99200509	1
0	23	42435	511	40.72938685	-73.97772429	462	40.74691959	-74.00451887	1
0	23	53774	228	40.7546011026	-73.971878855	173	40.76064679	-73.98442659	1
0	23	35012	383	40.735238	-74.000271	361	40.71605866	-73.99190759	2
0	23	926	540	40.74147286	-73.98320928	466	40.74395411	-73.99144871	1
0	23	11577	243	40.687979	-73.978474	440	40.75255434	-73.97282625	1
0	23	8435	447	40.76370739	-73.9851615	457	40.76695317	-73.98169333	1
0	23	40579	385	40.75797322	-73.96603308	352	40.76340613	-73.97722479	1
0	23	58997	127	40.73172428	-74.00674436	481	40.71260486	-73.96264403	1
0	23	32628	461	40.73587678	-73.98205027	2017	40.75022392	-73.97121414	1
