0	21	29223	492	40.75019995	-73.99093085	492	40.75019995	-73.99093085	1
0	21	36693	492	40.75019995	-73.99093085	168	40.73971301	-73.99456405	1
0	21	24105	529	40.7575699	-73.99098507	293	40.73028666	-73.9907647	2
0	21	154	499	40.76915505	-73.98191841	281	40.7643971	-73.97371465	2
0	21	8707	474	40.7451677	-73.98683077	482	40.73935542	-73.99931783	1
0	21	12584	444	40.7423543	-73.98915076	461	40.73587678	-73.98205027	1
0	21	11569	474	40.7451677	-73.98683077	466	40.74395411	-73.99144871	1
0	21	35059	72	40.76727216	-73.99392888	307	40.71427487	-73.98990025	1
0	21	20040	410	40.72066442	-73.98517977	349	40.71850211	-73.98329859	1
0	21	14555	336	40.73047747	-73.99906065	281	40.7643971	-73.97371465	1
0	21	64158	432	40.72621788	-73.98379855	3002	40.711512	-74.015756	1
0	21	9326	330	40.71450451	-74.00562789	2004	40.724399	-74.004704	1
0	21	34530	458	40.751396	-74.005226	346	40.73652889	-74.00618026	1
0	21	9418	281	40.7643971	-73.97371465	281	40.7643971	-73.97371465	1
0	21	14001	83	40.68382604	-73.97632328	539	40.71534825	-73.96024116	1
0	21	56711	518	40.74780373	-73.9734419	389	40.71044554	-73.96525063	1
0	21	32856	446	40.74487634	-73.99529885	415	40.7047177	-74.00926027	1
0	21	58971	128	40.72710258	-74.00297088	83	40.68382604	-73.97632328	1
0	21	64161	466	40.74395411	-73.99144871	412	40.7158155	-73.99422366	1
0	21	51719	259	40.70122128	-74.01234218	336	40.73047747	-73.99906065	1
0	21	64162	512	40.7500727	-73.99839279	308	40.71307916	-73.99851193	1
0	21	48529	533	40.75299641	-73.98721619	312	40.722055	-73.989111	1
0	21	64163	389	40.71044554	-73.96525063	406	40.69512845	-73.99595065	1
0	21	64164	264	40.70706456	-74.00731853	479	40.76019252	-73.9912551	1
0	21	6372	2004	40.724399	-74.004704	2004	40.724399	-74.004704	1
0	21	48560	457	40.76695317	-73.98169333	423	40.76584941	-73.98690506	1
0	21	56561	376	40.70862144	-74.00722156	310	40.68926942	-73.98912867	2
0	21	13155	358	40.73291553	-74.00711384	499	40.76915505	-73.98191841	2
0	21	52769	348	40.72490985	-74.00154702	441	40.756014	-73.967416	1
0	21	43889	320	40.71743998	-74.00583475	237	40.73047309	-73.98672378	2
0	21	64166	489	40.75066386	-74.00176802	415	40.7047177	-74.00926027	1
0	21	35444	150	40.7208736	-73.98085795	347	40.72873888	-74.00748842	1
0	21	8427	293	40.73028666	-73.9907647	2010	40.72165481	-74.00234737	1
0	21	34907	309	40.7149787	-74.013012	518	40.74780373	-73.9734419	1
0	21	728	519	40.75188406	-73.97770164	401	40.72019576	-73.98997825	1
0	21	3737	217	40.70277159	-73.99383605	387	40.71273266	-74.0046073	2
0	21	46275	369	40.73224119	-74.00026394	445	40.72740794	-73.98142006	1
0	21	35187	307	40.71427487	-73.98990025	439	40.7262807	-73.98978041	2
0	21	31296	357	40.73261787	-73.99158043	523	40.75466591	-73.99138152	2
0	21	19667	488	40.75645824	-73.99372222	293	40.73028666	-73.9907647	1
0	21	55157	268	40.71910537	-73.99973337	455	40.75001986	-73.96905301	2
0	21	14964	456	40.7597108	-73.97402311	2006	40.76590936	-73.97634151	3
0	21	64168	529	40.7575699	-73.99098507	312	40.722055	-73.989111	1
0	21	44999	368	40.73038599	-74.00214988	448	40.75660359	-73.9979009	1
0	21	32833	426	40.71754834	-74.01322069	259	40.70122128	-74.01234218	1
0	21	19431	434	40.74317449	-74.00366443	3002	40.711512	-74.015756	1
0	21	34369	498	40.74854862	-73.98808416	401	40.72019576	-73.98997825	1
0	21	23833	301	40.72217444	-73.98368779	401	40.72019576	-73.98997825	2
0	21	43883	505	40.74901271	-73.98848395	401	40.72019576	-73.98997825	1
0	21	64169	233	40.69246277	-73.98963911	455	40.75001986	-73.96905301	1
0	21	33799	489	40.75066386	-74.00176802	252	40.73226398	-73.99852205	2
0	21	22653	251	40.72317958	-73.99480012	436	40.68216564	-73.95399026	1
0	21	64170	245	40.69327018	-73.97703874	268	40.71910537	-73.99973337	1
0	21	21354	2000	40.70255088	-73.98940236	398	40.69165183	-73.9999786	2
0	21	14012	502	40.714215	-73.981346	237	40.73047309	-73.98672378	1
0	21	8248	3002	40.711512	-74.015756	224	40.71146364	-74.00552427	2
0	21	12855	528	40.74290902	-73.97706058	290	40.76020258	-73.96478473	2
0	21	46339	285	40.73454567	-73.99074142	473	40.72110063	-73.9919254	1
0	21	41796	236	40.7284186	-73.98713956	334	40.74238787	-73.99726235	1
0	21	45990	528	40.74290902	-73.97706058	150	40.7208736	-73.98085795	1
0	21	35902	297	40.734232	-73.986923	528	40.74290902	-73.97706058	1
0	21	42035	504	40.73221853	-73.98165557	516	40.75206862	-73.96784384	1
0	21	50163	444	40.7423543	-73.98915076	2002	40.716887	-73.963198	1
0	21	59013	147	40.71542197	-74.01121978	391	40.69760127	-73.99344559	1
0	21	9783	495	40.76269882	-73.99301222	489	40.75066386	-74.00176802	1
0	21	57565	540	40.74147286	-73.98320928	450	40.76227205	-73.98788205	1
0	21	50179	453	40.74475148	-73.99915362	254	40.73532427	-73.99800419	2
0	21	11995	401	40.72019576	-73.98997825	444	40.7423543	-73.98915076	1
0	21	20583	459	40.746745	-74.007756	405	40.739323	-74.008119	1
0	21	53014	361	40.71605866	-73.99190759	252	40.73226398	-73.99852205	1
0	21	24711	236	40.7284186	-73.98713956	405	40.739323	-74.008119	2
0	21	15856	285	40.73454567	-73.99074142	428	40.72467721	-73.98783413	2
0	21	22274	237	40.73047309	-73.98672378	347	40.72873888	-74.00748842	1
0	21	7385	466	40.74395411	-73.99144871	243	40.687979	-73.978474	1
0	21	28509	458	40.751396	-74.005226	450	40.76227205	-73.98788205	1
0	21	10991	457	40.76695317	-73.98169333	533	40.75299641	-73.98721619	1
0	21	3912	223	40.73781509	-73.99994661	483	40.73223272	-73.98889957	2
0	21	20873	238	40.7361967	-74.00859207	3002	40.711512	-74.015756	1
0	21	52201	445	40.72740794	-73.98142006	332	40.71219906	-73.97948148	1
0	21	14749	247	40.73535398	-74.00483091	494	40.74734825	-73.99723551	1
0	21	20440	285	40.73454567	-73.99074142	439	40.7262807	-73.98978041	1
0	21	10971	528	40.74290902	-73.97706058	545	40.736502	-73.97809472	2
0	21	57649	151	40.7218158	-73.99720307	448	40.75660359	-73.9979009	2
0	21	10253	334	40.74238787	-73.99726235	367	40.75828065	-73.97069431	1
0	21	23325	404	40.7405826	-74.00550867	456	40.7597108	-73.97402311	1
0	21	17369	435	40.74173969	-73.99415556	432	40.72621788	-73.98379855	1
0	21	49596	367	40.75828065	-73.97069431	152	40.71473993	-74.00910627	1
0	21	24121	509	40.7454973	-74.00197139	238	40.7361967	-74.00859207	1
0	21	19561	487	40.73314259	-73.97573881	497	40.73704984	-73.99009296	1
0	21	56722	174	40.7381765	-73.97738662	342	40.71739973	-73.98016555	1
0	21	24166	296	40.71413089	-73.9970468	412	40.7158155	-73.99422366	1
0	21	8162	212	40.74334935	-74.00681753	402	40.7403432	-73.98955109	1
0	21	8203	173	40.76064679	-73.98442659	448	40.75660359	-73.9979009	1
0	21	27289	463	40.74206539	-74.00443172	403	40.72502876	-73.99069656	1
0	21	32521	435	40.74173969	-73.99415556	264	40.70706456	-74.00731853	1
0	21	7561	519	40.75188406	-73.97770164	528	40.74290902	-73.97706058	1
0	21	34231	482	40.73935542	-73.99931783	540	40.74147286	-73.98320928	1
0	21	29476	382	40.73492695	-73.99200509	401	40.72019576	-73.98997825	1
0	21	20757	380	40.73401143	-74.00293877	453	40.74475148	-73.99915362	1
0	21	24806	511	40.72938685	-73.97772429	401	40.72019576	-73.98997825	1
0	21	24229	359	40.75510267	-73.97498696	290	40.76020258	-73.96478473	1
0	21	60402	528	40.74290902	-73.97706058	260	40.70365182	-74.01167797	1
0	21	33186	422	40.770513	-73.988038	290	40.76020258	-73.96478473	2
0	21	5718	265	40.72229346	-73.99147535	306	40.70823502	-74.00530063	1
0	21	27556	325	40.73624527	-73.98473765	419	40.69580705	-73.97355569	1
0	21	4397	325	40.73624527	-73.98473765	476	40.74394314	-73.97966069	1
0	21	1515	524	40.75527307	-73.98316936	228	40.7546011026	-73.971878855	1
0	21	12950	463	40.74206539	-74.00443172	368	40.73038599	-74.00214988	1
0	21	20699	237	40.73047309	-73.98672378	223	40.73781509	-73.99994661	1
0	21	34988	300	40.728145	-73.990214	348	40.72490985	-74.00154702	1
0	21	39252	358	40.73291553	-74.00711384	458	40.751396	-74.005226	1
0	21	27889	362	40.75172632	-73.98753523	529	40.7575699	-73.99098507	1
0	21	25952	486	40.7462009	-73.98855723	434	40.74317449	-74.00366443	1
0	21	18327	271	40.68528172	-73.97805813	270	40.69308257	-73.97178913	1
0	21	47206	448	40.75660359	-73.9979009	236	40.7284186	-73.98713956	1
0	21	33815	229	40.72743423	-73.99379025	120	40.68676793	-73.95928168	1
0	21	24063	312	40.722055	-73.989111	408	40.71076228	-73.99400398	1
0	21	6475	151	40.7218158	-73.99720307	320	40.71743998	-74.00583475	1
0	21	622	477	40.75640548	-73.9900262	137	40.761628	-73.972924	1
0	21	35692	309	40.7149787	-74.013012	477	40.75640548	-73.9900262	1
0	21	25590	504	40.73221853	-73.98165557	116	40.74177603	-74.00149746	2
0	21	23999	434	40.74317449	-74.00366443	380	40.73401143	-74.00293877	2
0	21	26056	438	40.72779126	-73.98564945	382	40.73492695	-73.99200509	2
0	21	48440	528	40.74290902	-73.97706058	512	40.7500727	-73.99839279	1
0	21	53521	2012	40.739445	-73.976806	494	40.74734825	-73.99723551	1
0	21	31468	524	40.75527307	-73.98316936	380	40.73401143	-74.00293877	1
0	21	13558	509	40.7454973	-74.00197139	252	40.73226398	-73.99852205	1
0	21	64172	359	40.75510267	-73.97498696	405	40.739323	-74.008119	1
0	21	6896	477	40.75640548	-73.9900262	545	40.736502	-73.97809472	1
0	21	183	294	40.73049393	-73.9957214	345	40.73649403	-73.99704374	1
0	21	13069	161	40.72917025	-73.99810231	128	40.72710258	-74.00297088	1
0	21	30198	496	40.73726186	-73.99238967	492	40.75019995	-73.99093085	2
0	21	44865	79	40.71911552	-74.00666661	264	40.70706456	-74.00731853	1
0	21	5874	72	40.76727216	-73.99392888	2006	40.76590936	-73.97634151	1
0	21	21074	161	40.72917025	-73.99810231	504	40.73221853	-73.98165557	1
0	21	8991	147	40.71542197	-74.01121978	363	40.70834698	-74.01713445	2
0	21	2466	435	40.74173969	-73.99415556	461	40.73587678	-73.98205027	1
0	21	33424	375	40.72679454	-73.99695094	459	40.746745	-74.007756	1
0	21	61916	264	40.70706456	-74.00731853	466	40.74395411	-73.99144871	1
0	21	12888	305	40.76095756	-73.96724467	482	40.73935542	-73.99931783	1
0	21	4257	461	40.73587678	-73.98205027	435	40.74173969	-73.99415556	2
0	21	21671	482	40.73935542	-73.99931783	462	40.74691959	-74.00451887	1
0	21	31722	229	40.72743423	-73.99379025	346	40.73652889	-74.00618026	1
0	21	1148	518	40.74780373	-73.9734419	492	40.75019995	-73.99093085	1
0	21	10555	376	40.70862144	-74.00722156	257	40.71939226	-74.00247214	1
0	21	34614	252	40.73226398	-73.99852205	394	40.72521311	-73.97768752	1
0	21	25449	505	40.74901271	-73.98848395	528	40.74290902	-73.97706058	1
0	21	23858	167	40.7489006	-73.97604882	441	40.756014	-73.967416	1
0	21	8760	151	40.7218158	-73.99720307	229	40.72743423	-73.99379025	1
0	21	9928	329	40.72043411	-74.01020609	327	40.7153379	-74.01658354	1
0	21	11701	515	40.76009437	-73.99461843	458	40.751396	-74.005226	1
0	21	11662	285	40.73454567	-73.99074142	280	40.73331967	-73.99510132	1
0	21	50861	473	40.72110063	-73.9919254	518	40.74780373	-73.9734419	1
0	21	40372	480	40.76669671	-73.99061728	383	40.735238	-74.000271	1
0	21	33460	494	40.74734825	-73.99723551	383	40.735238	-74.000271	1
0	21	33177	509	40.7454973	-74.00197139	265	40.72229346	-73.99147535	1
0	21	47950	325	40.73624527	-73.98473765	357	40.73261787	-73.99158043	1
0	21	14718	285	40.73454567	-73.99074142	433	40.72955361	-73.98057249	1
0	21	11358	301	40.72217444	-73.98368779	301	40.72217444	-73.98368779	1
0	21	23101	284	40.7390169121	-74.0026376103	453	40.74475148	-73.99915362	1
0	21	23390	258	40.68940747	-73.96885458	539	40.71534825	-73.96024116	1
0	21	10831	116	40.74177603	-74.00149746	434	40.74317449	-74.00366443	3
0	21	36999	434	40.74317449	-74.00366443	401	40.72019576	-73.98997825	1
0	21	16264	447	40.76370739	-73.9851615	513	40.768254	-73.988639	1
0	21	11848	380	40.73401143	-74.00293877	294	40.73049393	-73.9957214	2
0	21	3949	128	40.72710258	-74.00297088	147	40.71542197	-74.01121978	2
0	21	51909	438	40.72779126	-73.98564945	521	40.75044999	-73.99481051	1
0	21	64173	167	40.7489006	-73.97604882	212	40.74334935	-74.00681753	1
0	21	4983	537	40.74025878	-73.98409214	382	40.73492695	-73.99200509	1
0	21	42214	459	40.746745	-74.007756	243	40.687979	-73.978474	1
0	21	64174	294	40.73049393	-73.9957214	316	40.70955958	-74.00653609	1
0	21	12492	463	40.74206539	-74.00443172	487	40.73314259	-73.97573881	1
0	21	41843	475	40.73524276	-73.98758561	380	40.73401143	-74.00293877	1
0	21	18584	444	40.7423543	-73.98915076	495	40.76269882	-73.99301222	1
0	21	22840	346	40.73652889	-74.00618026	346	40.73652889	-74.00618026	1
0	21	27633	532	40.710451	-73.960876	386	40.71494807	-74.00234482	1
0	21	15717	307	40.71427487	-73.98990025	237	40.73047309	-73.98672378	1
0	21	20556	480	40.76669671	-73.99061728	448	40.75660359	-73.9979009	1
0	21	22304	164	40.75323098	-73.97032517	461	40.73587678	-73.98205027	1
0	21	12389	388	40.749717753	-74.002950346	495	40.76269882	-73.99301222	1
0	21	61577	546	40.74444921	-73.98303529	340	40.71269042	-73.98776323	1
0	21	21920	459	40.746745	-74.007756	479	40.76019252	-73.9912551	1
0	21	9461	2008	40.70569254	-74.01677685	2008	40.70569254	-74.01677685	1
0	21	21804	265	40.72229346	-73.99147535	532	40.710451	-73.960876	1
0	21	14569	497	40.73704984	-73.99009296	426	40.71754834	-74.01322069	1
0	21	44467	306	40.70823502	-74.00530063	479	40.76019252	-73.9912551	1
0	21	12775	128	40.72710258	-74.00297088	284	40.7390169121	-74.0026376103	1
0	21	2325	345	40.73649403	-73.99704374	382	40.73492695	-73.99200509	1
0	21	59441	444	40.7423543	-73.98915076	487	40.73314259	-73.97573881	2
0	21	12299	311	40.7172274	-73.98802084	356	40.71622644	-73.98261206	2
0	21	63916	525	40.75594159	-74.0021163	531	40.71893904	-73.99266288	1
0	21	6329	327	40.7153379	-74.01658354	79	40.71911552	-74.00666661	2
0	21	22574	284	40.7390169121	-74.0026376103	252	40.73226398	-73.99852205	1
0	21	16728	274	40.68691865	-73.976682	310	40.68926942	-73.98912867	1
0	21	23592	509	40.7454973	-74.00197139	448	40.75660359	-73.9979009	1
0	21	14084	438	40.72779126	-73.98564945	336	40.73047747	-73.99906065	1
0	21	9321	458	40.751396	-74.005226	448	40.75660359	-73.9979009	1
0	21	5770	147	40.71542197	-74.01121978	3002	40.711512	-74.015756	1
0	21	8549	439	40.7262807	-73.98978041	401	40.72019576	-73.98997825	2
0	21	25884	472	40.7457121	-73.98194829	499	40.76915505	-73.98191841	1
0	21	28906	507	40.73912601	-73.97973776	438	40.72779126	-73.98564945	1
0	21	21303	488	40.75645824	-73.99372222	116	40.74177603	-74.00149746	1
0	21	41008	233	40.69246277	-73.98963911	418	40.70224	-73.982578	1
0	21	21531	540	40.74147286	-73.98320928	528	40.74290902	-73.97706058	2
0	21	26511	268	40.71910537	-73.99973337	276	40.71748752	-74.0104554	1
0	21	11037	449	40.76461837	-73.98789473	470	40.74345335	-74.00004031	1
0	21	30428	228	40.7546011026	-73.971878855	312	40.722055	-73.989111	1
0	21	50489	268	40.71910537	-73.99973337	504	40.73221853	-73.98165557	1
0	21	6932	173	40.76064679	-73.98442659	72	40.76727216	-73.99392888	1
0	21	64175	396	40.680342423	-73.9557689392	284	40.7390169121	-74.0026376103	1
0	21	14580	297	40.734232	-73.986923	545	40.736502	-73.97809472	3
0	21	27721	312	40.722055	-73.989111	356	40.71622644	-73.98261206	1
0	21	14205	285	40.73454567	-73.99074142	301	40.72217444	-73.98368779	1
0	21	21842	539	40.71534825	-73.96024116	410	40.72066442	-73.98517977	1
0	21	1157	271	40.68528172	-73.97805813	261	40.69474881	-73.98362464	1
0	21	24102	428	40.72467721	-73.98783413	540	40.74147286	-73.98320928	1
0	21	11405	382	40.73492695	-73.99200509	433	40.72955361	-73.98057249	1
0	21	30348	432	40.72621788	-73.98379855	394	40.72521311	-73.97768752	1
0	21	12608	301	40.72217444	-73.98368779	539	40.71534825	-73.96024116	1
0	21	6599	168	40.73971301	-73.99456405	116	40.74177603	-74.00149746	1
0	21	19387	509	40.7454973	-74.00197139	401	40.72019576	-73.98997825	1
0	21	64177	301	40.72217444	-73.98368779	309	40.7149787	-74.013012	1
0	21	54078	494	40.74734825	-73.99723551	358	40.73291553	-74.00711384	1
0	21	9757	435	40.74173969	-73.99415556	334	40.74238787	-73.99726235	1
0	21	32027	461	40.73587678	-73.98205027	528	40.74290902	-73.97706058	1
0	21	6045	475	40.73524276	-73.98758561	116	40.74177603	-74.00149746	2
0	21	2612	402	40.7403432	-73.98955109	285	40.73454567	-73.99074142	1
0	21	30857	349	40.71850211	-73.98329859	410	40.72066442	-73.98517977	1
0	21	39617	468	40.7652654	-73.98192338	528	40.74290902	-73.97706058	1
0	21	3532	423	40.76584941	-73.98690506	488	40.75645824	-73.99372222	1
0	21	35858	301	40.72217444	-73.98368779	404	40.7405826	-74.00550867	1
0	21	22321	528	40.74290902	-73.97706058	317	40.72453734	-73.98185424	2
0	21	55848	233	40.69246277	-73.98963911	289	40.6845683	-73.95881081	1
0	21	40919	309	40.7149787	-74.013012	72	40.76727216	-73.99392888	1
0	21	26497	489	40.75066386	-74.00176802	509	40.7454973	-74.00197139	2
0	21	9477	268	40.71910537	-73.99973337	285	40.73454567	-73.99074142	1
0	21	17688	346	40.73652889	-74.00618026	251	40.72317958	-73.99480012	1
0	21	19893	402	40.7403432	-73.98955109	518	40.74780373	-73.9734419	1
0	21	46419	364	40.68900443	-73.96023854	274	40.68691865	-73.976682	1
0	21	19153	504	40.73221853	-73.98165557	498	40.74854862	-73.98808416	1
0	21	15378	327	40.7153379	-74.01658354	151	40.7218158	-73.99720307	1
0	21	2933	459	40.746745	-74.007756	285	40.73454567	-73.99074142	2
0	21	27519	447	40.76370739	-73.9851615	152	40.71473993	-74.00910627	1
0	21	7579	494	40.74734825	-73.99723551	489	40.75066386	-74.00176802	2
0	21	7953	375	40.72679454	-73.99695094	536	40.74144387	-73.97536082	1
0	21	17228	391	40.69760127	-73.99344559	406	40.69512845	-73.99595065	2
0	21	31353	294	40.73049393	-73.9957214	383	40.735238	-74.000271	2
0	21	32533	347	40.72873888	-74.00748842	432	40.72621788	-73.98379855	1
0	21	32277	167	40.7489006	-73.97604882	280	40.73331967	-73.99510132	1
0	21	14301	459	40.746745	-74.007756	439	40.7262807	-73.98978041	1
0	21	7293	533	40.75299641	-73.98721619	167	40.7489006	-73.97604882	1
0	21	33559	345	40.73649403	-73.99704374	453	40.74475148	-73.99915362	1
0	21	15864	528	40.74290902	-73.97706058	401	40.72019576	-73.98997825	1
0	21	17311	345	40.73649403	-73.99704374	546	40.74444921	-73.98303529	1
0	21	2530	223	40.73781509	-73.99994661	229	40.72743423	-73.99379025	1
0	21	19196	444	40.7423543	-73.98915076	509	40.7454973	-74.00197139	1
0	21	10002	448	40.75660359	-73.9979009	459	40.746745	-74.007756	1
0	21	40119	297	40.734232	-73.986923	450	40.76227205	-73.98788205	1
0	21	7108	466	40.74395411	-73.99144871	482	40.73935542	-73.99931783	1
0	21	33967	233	40.69246277	-73.98963911	233	40.69246277	-73.98963911	1
0	21	3705	410	40.72066442	-73.98517977	348	40.72490985	-74.00154702	1
0	21	30074	453	40.74475148	-73.99915362	479	40.76019252	-73.9912551	1
0	21	16025	229	40.72743423	-73.99379025	293	40.73028666	-73.9907647	1
0	21	7441	293	40.73028666	-73.9907647	357	40.73261787	-73.99158043	1
0	21	20976	497	40.73704984	-73.99009296	72	40.76727216	-73.99392888	1
0	21	20835	497	40.73704984	-73.99009296	528	40.74290902	-73.97706058	1
0	21	1248	368	40.73038599	-74.00214988	293	40.73028666	-73.9907647	1
0	21	20028	404	40.7405826	-74.00550867	303	40.72362738	-73.99949601	1
0	21	22358	254	40.73532427	-73.99800419	82	40.71117416	-74.00016545	1
0	21	8389	345	40.73649403	-73.99704374	358	40.73291553	-74.00711384	1
0	21	625	479	40.76019252	-73.9912551	72	40.76727216	-73.99392888	1
0	21	47359	358	40.73291553	-74.00711384	167	40.7489006	-73.97604882	1
0	21	53817	523	40.75466591	-73.99138152	521	40.75044999	-73.99481051	1
0	21	23525	310	40.68926942	-73.98912867	274	40.68691865	-73.976682	1
0	21	36441	462	40.74691959	-74.00451887	455	40.75001986	-73.96905301	1
0	21	17236	168	40.73971301	-73.99456405	497	40.73704984	-73.99009296	1
0	21	7532	147	40.71542197	-74.01121978	386	40.71494807	-74.00234482	1
0	21	35173	312	40.722055	-73.989111	345	40.73649403	-73.99704374	1
0	21	11819	212	40.74334935	-74.00681753	496	40.73726186	-73.99238967	2
0	21	4912	382	40.73492695	-73.99200509	294	40.73049393	-73.9957214	1
0	21	20941	435	40.74173969	-73.99415556	470	40.74345335	-74.00004031	1
0	21	24375	447	40.76370739	-73.9851615	442	40.746647	-73.993915	1
0	21	28194	325	40.73624527	-73.98473765	537	40.74025878	-73.98409214	1
0	21	8708	430	40.7014851	-73.98656928	317	40.72453734	-73.98185424	1
0	21	45395	481	40.71260486	-73.96264403	460	40.71285887	-73.96590294	1
0	21	13085	404	40.7405826	-74.00550867	426	40.71754834	-74.01322069	1
0	21	22709	483	40.73223272	-73.98889957	223	40.73781509	-73.99994661	1
0	21	346	233	40.69246277	-73.98963911	406	40.69512845	-73.99595065	2
0	21	23099	164	40.75323098	-73.97032517	505	40.74901271	-73.98848395	1
0	21	11808	462	40.74691959	-74.00451887	358	40.73291553	-74.00711384	1
0	21	26814	296	40.71413089	-73.9970468	151	40.7218158	-73.99720307	1
0	21	3731	116	40.74177603	-74.00149746	537	40.74025878	-73.98409214	1
0	21	45481	325	40.73624527	-73.98473765	492	40.75019995	-73.99093085	1
0	21	24162	336	40.73047747	-73.99906065	358	40.73291553	-74.00711384	1
0	21	23179	358	40.73291553	-74.00711384	415	40.7047177	-74.00926027	2
0	21	1299	426	40.71754834	-74.01322069	3002	40.711512	-74.015756	1
0	21	170	500	40.76228826	-73.98336183	449	40.76461837	-73.98789473	1
0	21	37300	507	40.73912601	-73.97973776	412	40.7158155	-73.99422366	1
0	21	15060	405	40.739323	-74.008119	405	40.739323	-74.008119	2
0	21	16338	383	40.735238	-74.000271	382	40.73492695	-73.99200509	1
0	21	95	2021	40.75929124	-73.98859651	515	40.76009437	-73.99461843	2
0	21	37298	2021	40.75929124	-73.98859651	485	40.75038009	-73.98338988	1
0	21	3224	383	40.735238	-74.000271	284	40.7390169121	-74.0026376103	1
0	21	537	2021	40.75929124	-73.98859651	499	40.76915505	-73.98191841	1
0	21	13024	439	40.7262807	-73.98978041	380	40.73401143	-74.00293877	1
0	21	64178	2012	40.739445	-73.976806	259	40.70122128	-74.01234218	1
0	21	24776	317	40.72453734	-73.98185424	545	40.736502	-73.97809472	1
0	21	31379	533	40.75299641	-73.98721619	152	40.71473993	-74.00910627	1
0	21	18348	507	40.73912601	-73.97973776	161	40.72917025	-73.99810231	1
0	21	50797	539	40.71534825	-73.96024116	354	40.69363137	-73.96223558	1
0	21	36406	243	40.687979	-73.978474	442	40.746647	-73.993915	1
0	21	54634	228	40.7546011026	-73.971878855	361	40.71605866	-73.99190759	1
0	21	15628	428	40.72467721	-73.98783413	375	40.72679454	-73.99695094	2
0	21	48798	408	40.71076228	-73.99400398	330	40.71450451	-74.00562789	1
0	21	45808	302	40.72082834	-73.97793172	432	40.72621788	-73.98379855	1
0	21	19419	312	40.722055	-73.989111	146	40.71625008	-74.0091059	2
0	21	6159	280	40.73331967	-73.99510132	368	40.73038599	-74.00214988	1
0	21	64179	262	40.69178232	-73.97372989	395	40.68807003	-73.98410637	1
0	21	6145	151	40.7218158	-73.99720307	355	40.71602118	-73.99974372	1
0	21	32259	296	40.71413089	-73.9970468	360	40.70717936	-74.00887308	1
0	21	16494	415	40.7047177	-74.00926027	487	40.73314259	-73.97573881	1
0	21	5666	537	40.74025878	-73.98409214	469	40.76344058	-73.98268129	1
0	21	5795	347	40.72873888	-74.00748842	3002	40.711512	-74.015756	1
0	21	46100	531	40.71893904	-73.99266288	478	40.76030096	-73.99884222	1
0	21	18030	505	40.74901271	-73.98848395	297	40.734232	-73.986923	1
0	21	17327	531	40.71893904	-73.99266288	368	40.73038599	-74.00214988	1
0	21	33908	531	40.71893904	-73.99266288	128	40.72710258	-74.00297088	1
0	21	57258	223	40.73781509	-73.99994661	528	40.74290902	-73.97706058	1
0	21	7219	301	40.72217444	-73.98368779	307	40.71427487	-73.98990025	1
0	21	448	317	40.72453734	-73.98185424	312	40.722055	-73.989111	1
0	21	33844	435	40.74173969	-73.99415556	382	40.73492695	-73.99200509	1
0	21	41311	521	40.75044999	-73.99481051	83	40.68382604	-73.97632328	1
0	21	41535	376	40.70862144	-74.00722156	363	40.70834698	-74.01713445	1
0	21	36564	317	40.72453734	-73.98185424	496	40.73726186	-73.99238967	1
0	21	17129	315	40.70355377	-74.00670227	417	40.71291224	-74.01020234	1
0	21	36981	304	40.70463334	-74.01361706	264	40.70706456	-74.00731853	1
0	21	3326	448	40.75660359	-73.9979009	468	40.7652654	-73.98192338	1
0	21	64180	412	40.7158155	-73.99422366	366	40.693261	-73.968896	1
0	21	47300	393	40.72299208	-73.97995466	2022	40.75849116	-73.95920622	1
0	21	21647	284	40.7390169121	-74.0026376103	369	40.73224119	-74.00026394	1
0	21	17380	497	40.73704984	-73.99009296	428	40.72467721	-73.98783413	1
0	21	18410	357	40.73261787	-73.99158043	301	40.72217444	-73.98368779	1
0	21	52203	398	40.69165183	-73.9999786	270	40.69308257	-73.97178913	2
0	21	2083	363	40.70834698	-74.01713445	329	40.72043411	-74.01020609	1
0	21	8537	480	40.76669671	-73.99061728	422	40.770513	-73.988038	1
0	21	13699	237	40.73047309	-73.98672378	383	40.735238	-74.000271	3
0	21	14759	444	40.7423543	-73.98915076	494	40.74734825	-73.99723551	1
0	21	10464	284	40.7390169121	-74.0026376103	446	40.74487634	-73.99529885	2
0	21	25563	236	40.7284186	-73.98713956	546	40.74444921	-73.98303529	1
0	21	11126	468	40.7652654	-73.98192338	515	40.76009437	-73.99461843	1
0	21	13959	485	40.75038009	-73.98338988	546	40.74444921	-73.98303529	1
0	21	22818	285	40.73454567	-73.99074142	285	40.73454567	-73.99074142	1
0	21	38147	489	40.75066386	-74.00176802	480	40.76669671	-73.99061728	2
0	21	57370	312	40.722055	-73.989111	486	40.7462009	-73.98855723	2
0	21	19515	168	40.73971301	-73.99456405	450	40.76227205	-73.98788205	1
0	21	32448	455	40.75001986	-73.96905301	290	40.76020258	-73.96478473	2
0	21	6471	3002	40.711512	-74.015756	525	40.75594159	-74.0021163	1
0	21	2376	511	40.72938685	-73.97772429	504	40.73221853	-73.98165557	1
0	21	17679	442	40.746647	-73.993915	326	40.72953837	-73.98426726	1
0	21	2093	380	40.73401143	-74.00293877	345	40.73649403	-73.99704374	1
0	21	5914	486	40.7462009	-73.98855723	442	40.746647	-73.993915	1
0	21	64181	341	40.71782143	-73.97628939	173	40.76064679	-73.98442659	1
0	21	4256	403	40.72502876	-73.99069656	383	40.735238	-74.000271	1
0	21	41849	284	40.7390169121	-74.0026376103	439	40.7262807	-73.98978041	1
0	21	3094	258	40.68940747	-73.96885458	310	40.68926942	-73.98912867	1
0	21	26712	290	40.76020258	-73.96478473	457	40.76695317	-73.98169333	1
0	21	32785	161	40.72917025	-73.99810231	264	40.70706456	-74.00731853	1
0	21	37898	250	40.72456089	-73.99565293	439	40.7262807	-73.98978041	1
0	21	2804	368	40.73038599	-74.00214988	375	40.72679454	-73.99695094	1
0	21	8541	341	40.71782143	-73.97628939	504	40.73221853	-73.98165557	1
0	21	21614	523	40.75466591	-73.99138152	545	40.736502	-73.97809472	1
0	21	2517	280	40.73331967	-73.99510132	382	40.73492695	-73.99200509	1
0	21	30082	453	40.74475148	-73.99915362	461	40.73587678	-73.98205027	1
0	21	5229	435	40.74173969	-73.99415556	472	40.7457121	-73.98194829	2
0	21	2822	487	40.73314259	-73.97573881	545	40.736502	-73.97809472	1
0	21	36240	388	40.749717753	-74.002950346	470	40.74345335	-74.00004031	1
0	21	5094	327	40.7153379	-74.01658354	2008	40.70569254	-74.01677685	2
0	21	33291	488	40.75645824	-73.99372222	2008	40.70569254	-74.01677685	1
0	21	2628	147	40.71542197	-74.01121978	500	40.76228826	-73.98336183	1
0	21	16477	488	40.75645824	-73.99372222	2010	40.72165481	-74.00234737	1
0	21	9095	147	40.71542197	-74.01121978	264	40.70706456	-74.00731853	1
0	21	2070	293	40.73028666	-73.9907647	236	40.7284186	-73.98713956	1
0	21	40830	536	40.74144387	-73.97536082	368	40.73038599	-74.00214988	1
0	21	29079	402	40.7403432	-73.98955109	540	40.74147286	-73.98320928	1
0	21	5853	308	40.71307916	-73.99851193	316	40.70955958	-74.00653609	1
0	21	30923	455	40.75001986	-73.96905301	477	40.75640548	-73.9900262	1
0	21	21876	445	40.72740794	-73.98142006	312	40.722055	-73.989111	1
0	21	43673	2012	40.739445	-73.976806	368	40.73038599	-74.00214988	1
0	21	11689	147	40.71542197	-74.01121978	360	40.70717936	-74.00887308	1
0	21	761	502	40.714215	-73.981346	311	40.7172274	-73.98802084	2
0	21	39904	492	40.75019995	-73.99093085	439	40.7262807	-73.98978041	1
0	21	54607	285	40.73454567	-73.99074142	455	40.75001986	-73.96905301	2
0	21	49489	380	40.73401143	-74.00293877	478	40.76030096	-73.99884222	1
0	21	28821	485	40.75038009	-73.98338988	458	40.751396	-74.005226	1
0	21	10235	380	40.73401143	-74.00293877	490	40.751551	-73.993934	1
0	21	5175	334	40.74238787	-73.99726235	509	40.7454973	-74.00197139	1
0	21	10019	444	40.7423543	-73.98915076	497	40.73704984	-73.99009296	1
0	21	64182	243	40.687979	-73.978474	297	40.734232	-73.986923	1
0	21	21826	223	40.73781509	-73.99994661	236	40.7284186	-73.98713956	1
0	21	51164	345	40.73649403	-73.99704374	419	40.69580705	-73.97355569	1
0	21	55390	496	40.73726186	-73.99238967	393	40.72299208	-73.97995466	1
0	21	30951	313	40.69610226	-73.96751037	384	40.68317813	-73.9659641	1
0	21	22218	536	40.74144387	-73.97536082	507	40.73912601	-73.97973776	1
0	21	47839	531	40.71893904	-73.99266288	302	40.72082834	-73.97793172	1
0	21	36385	345	40.73649403	-73.99704374	501	40.744219	-73.97121214	1
0	21	591	312	40.722055	-73.989111	251	40.72317958	-73.99480012	1
0	21	22	285	40.73454567	-73.99074142	251	40.72317958	-73.99480012	1
0	21	15268	387	40.71273266	-74.0046073	355	40.71602118	-73.99974372	2
0	21	18790	2021	40.75929124	-73.98859651	346	40.73652889	-74.00618026	4
0	21	38103	2023	40.75968085	-73.97031366	160	40.748238	-73.978311	1
0	21	60743	487	40.73314259	-73.97573881	404	40.7405826	-74.00550867	1
0	21	63010	341	40.71782143	-73.97628939	251	40.72317958	-73.99480012	1
0	21	21648	152	40.71473993	-74.00910627	540	40.74147286	-73.98320928	1
0	21	7260	2021	40.75929124	-73.98859651	479	40.76019252	-73.9912551	1
0	21	19843	2021	40.75929124	-73.98859651	512	40.7500727	-73.99839279	1
0	21	16091	454	40.75455731	-73.96592976	2012	40.739445	-73.976806	1
0	21	3641	280	40.73331967	-73.99510132	285	40.73454567	-73.99074142	1
0	21	64183	2009	40.71117444	-73.99682619	356	40.71622644	-73.98261206	1
0	21	5884	545	40.736502	-73.97809472	382	40.73492695	-73.99200509	1
0	21	6257	468	40.7652654	-73.98192338	362	40.75172632	-73.98753523	1
0	21	2243	2009	40.71117444	-73.99682619	330	40.71450451	-74.00562789	1
0	21	3862	488	40.75645824	-73.99372222	463	40.74206539	-74.00443172	1
0	21	26531	474	40.7451677	-73.98683077	285	40.73454567	-73.99074142	1
0	21	48850	346	40.73652889	-74.00618026	312	40.722055	-73.989111	1
0	21	15035	513	40.768254	-73.988639	243	40.687979	-73.978474	1
0	21	31447	150	40.7208736	-73.98085795	294	40.73049393	-73.9957214	1
0	21	19044	512	40.7500727	-73.99839279	528	40.74290902	-73.97706058	1
0	21	57365	446	40.74487634	-73.99529885	229	40.72743423	-73.99379025	1
0	21	32476	252	40.73226398	-73.99852205	300	40.728145	-73.990214	1
0	21	33883	433	40.72955361	-73.98057249	411	40.72228087	-73.97668709	1
0	21	10142	161	40.72917025	-73.99810231	494	40.74734825	-73.99723551	1
0	21	12448	528	40.74290902	-73.97706058	497	40.73704984	-73.99009296	2
0	21	33582	494	40.74734825	-73.99723551	495	40.76269882	-73.99301222	1
0	21	16862	402	40.7403432	-73.98955109	523	40.75466591	-73.99138152	1
0	21	28693	433	40.72955361	-73.98057249	237	40.73047309	-73.98672378	1
0	21	9027	251	40.72317958	-73.99480012	348	40.72490985	-74.00154702	1
0	21	19772	290	40.76020258	-73.96478473	518	40.74780373	-73.9734419	1
0	21	10368	228	40.7546011026	-73.971878855	305	40.76095756	-73.96724467	1
0	21	42805	486	40.7462009	-73.98855723	514	40.76087502	-74.00277668	1
0	21	12248	498	40.74854862	-73.98808416	432	40.72621788	-73.98379855	1
0	21	50562	355	40.71602118	-73.99974372	152	40.71473993	-74.00910627	1
0	21	14897	301	40.72217444	-73.98368779	403	40.72502876	-73.99069656	1
0	21	8001	307	40.71427487	-73.98990025	311	40.7172274	-73.98802084	1
0	21	15549	293	40.73028666	-73.9907647	473	40.72110063	-73.9919254	1
0	21	14092	294	40.73049393	-73.9957214	297	40.734232	-73.986923	1
0	21	14840	546	40.74444921	-73.98303529	493	40.7568001	-73.98291153	1
0	21	49667	2006	40.76590936	-73.97634151	453	40.74475148	-73.99915362	1
0	21	30113	237	40.73047309	-73.98672378	369	40.73224119	-74.00026394	1
0	21	32172	461	40.73587678	-73.98205027	509	40.7454973	-74.00197139	1
0	21	28127	335	40.72903917	-73.99404649	2004	40.724399	-74.004704	1
0	21	21674	350	40.71559509	-73.9870295	380	40.73401143	-74.00293877	1
0	21	2975	537	40.74025878	-73.98409214	537	40.74025878	-73.98409214	2
0	21	11480	461	40.73587678	-73.98205027	293	40.73028666	-73.9907647	1
0	21	1514	406	40.69512845	-73.99595065	391	40.69760127	-73.99344559	1
0	21	29424	428	40.72467721	-73.98783413	536	40.74144387	-73.97536082	1
0	21	1327	317	40.72453734	-73.98185424	300	40.728145	-73.990214	2
0	21	16366	465	40.75513557	-73.98658032	546	40.74444921	-73.98303529	1
0	21	29325	304	40.70463334	-74.01361706	511	40.72938685	-73.97772429	1
0	21	12374	360	40.70717936	-74.00887308	268	40.71910537	-73.99973337	1
0	21	1443	540	40.74147286	-73.98320928	382	40.73492695	-73.99200509	1
0	21	3997	232	40.69597683	-73.99014892	387	40.71273266	-74.0046073	2
0	21	736	495	40.76269882	-73.99301222	173	40.76064679	-73.98442659	1
0	21	44104	346	40.73652889	-74.00618026	223	40.73781509	-73.99994661	1
0	21	16937	446	40.74487634	-73.99529885	448	40.75660359	-73.9979009	1
0	21	6026	223	40.73781509	-73.99994661	444	40.7423543	-73.98915076	1
0	21	38592	346	40.73652889	-74.00618026	514	40.76087502	-74.00277668	2
0	21	34323	509	40.7454973	-74.00197139	444	40.7423543	-73.98915076	1
0	21	6984	116	40.74177603	-74.00149746	496	40.73726186	-73.99238967	1
0	21	7869	243	40.687979	-73.978474	382	40.73492695	-73.99200509	1
0	21	14747	507	40.73912601	-73.97973776	237	40.73047309	-73.98672378	1
0	21	15272	380	40.73401143	-74.00293877	444	40.7423543	-73.98915076	1
0	21	14658	322	40.696192	-73.991218	310	40.68926942	-73.98912867	1
0	21	32407	444	40.7423543	-73.98915076	428	40.72467721	-73.98783413	1
0	21	37768	486	40.7462009	-73.98855723	72	40.76727216	-73.99392888	1
0	21	32779	385	40.75797322	-73.96603308	79	40.71911552	-74.00666661	1
0	21	64184	319	40.71336124	-74.00937622	302	40.72082834	-73.97793172	1
0	21	25015	489	40.75066386	-74.00176802	358	40.73291553	-74.00711384	1
0	21	42741	284	40.7390169121	-74.0026376103	376	40.70862144	-74.00722156	1
0	21	4011	472	40.7457121	-73.98194829	540	40.74147286	-73.98320928	1
0	21	8108	276	40.71748752	-74.0104554	276	40.71748752	-74.0104554	1
0	21	64185	394	40.72521311	-73.97768752	279	40.69986937	-73.98271933	1
0	21	9688	329	40.72043411	-74.01020609	329	40.72043411	-74.01020609	1
0	21	14166	236	40.7284186	-73.98713956	410	40.72066442	-73.98517977	1
0	21	19603	2021	40.75929124	-73.98859651	528	40.74290902	-73.97706058	1
0	21	4442	368	40.73038599	-74.00214988	454	40.75455731	-73.96592976	1
0	21	13134	293	40.73028666	-73.9907647	401	40.72019576	-73.98997825	1
0	21	13494	426	40.71754834	-74.01322069	459	40.746745	-74.007756	1
0	21	17630	414	40.70281858	-73.98765762	271	40.68528172	-73.97805813	1
0	21	34423	254	40.73532427	-73.99800419	540	40.74147286	-73.98320928	1
0	21	43152	504	40.73221853	-73.98165557	465	40.75513557	-73.98658032	1
0	21	12436	479	40.76019252	-73.9912551	463	40.74206539	-74.00443172	1
0	21	22921	385	40.75797322	-73.96603308	440	40.75255434	-73.97282625	1
0	21	23676	521	40.75044999	-73.99481051	284	40.7390169121	-74.0026376103	1
0	21	37444	380	40.73401143	-74.00293877	152	40.71473993	-74.00910627	1
0	21	242	383	40.735238	-74.000271	116	40.74177603	-74.00149746	1
0	21	182	2022	40.75849116	-73.95920622	545	40.736502	-73.97809472	1
0	21	34821	83	40.68382604	-73.97632328	418	40.70224	-73.982578	1
0	21	17975	380	40.73401143	-74.00293877	545	40.736502	-73.97809472	1
0	21	10778	251	40.72317958	-73.99480012	237	40.73047309	-73.98672378	1
0	21	9790	513	40.768254	-73.988639	488	40.75645824	-73.99372222	1
0	21	83	458	40.751396	-74.005226	382	40.73492695	-73.99200509	1
0	21	10294	459	40.746745	-74.007756	448	40.75660359	-73.9979009	1
0	21	32057	486	40.7462009	-73.98855723	483	40.73223272	-73.98889957	2
0	21	14642	509	40.7454973	-74.00197139	334	40.74238787	-73.99726235	1
0	21	2001	382	40.73492695	-73.99200509	223	40.73781509	-73.99994661	1
0	21	452	384	40.68317813	-73.9659641	120	40.68676793	-73.95928168	1
0	21	29914	316	40.70955958	-74.00653609	316	40.70955958	-74.00653609	1
0	21	25765	293	40.73028666	-73.9907647	487	40.73314259	-73.97573881	1
0	21	52910	233	40.69246277	-73.98963911	244	40.69196035	-73.96536851	2
0	21	10426	251	40.72317958	-73.99480012	358	40.73291553	-74.00711384	1
0	21	12774	545	40.736502	-73.97809472	487	40.73314259	-73.97573881	1
0	21	8913	361	40.71605866	-73.99190759	504	40.73221853	-73.98165557	1
0	21	3981	297	40.734232	-73.986923	521	40.75044999	-73.99481051	1
0	21	13193	276	40.71748752	-74.0104554	293	40.73028666	-73.9907647	1
0	21	5933	414	40.70281858	-73.98765762	217	40.70277159	-73.99383605	1
0	21	19630	382	40.73492695	-73.99200509	515	40.76009437	-73.99461843	1
0	21	64186	365	40.68223166	-73.9614583	261	40.69474881	-73.98362464	2
0	21	450	285	40.73454567	-73.99074142	303	40.72362738	-73.99949601	1
0	21	5147	174	40.7381765	-73.97738662	540	40.74147286	-73.98320928	1
0	21	35000	161	40.72917025	-73.99810231	536	40.74144387	-73.97536082	1
0	21	24101	290	40.76020258	-73.96478473	529	40.7575699	-73.99098507	1
0	21	34668	507	40.73912601	-73.97973776	441	40.756014	-73.967416	1
0	21	12875	356	40.71622644	-73.98261206	531	40.71893904	-73.99266288	1
0	21	42248	356	40.71622644	-73.98261206	308	40.71307916	-73.99851193	1
0	21	27386	472	40.7457121	-73.98194829	472	40.7457121	-73.98194829	1
0	21	21850	326	40.72953837	-73.98426726	528	40.74290902	-73.97706058	1
0	21	50931	293	40.73028666	-73.9907647	2009	40.71117444	-73.99682619	1
0	21	53153	301	40.72217444	-73.98368779	546	40.74444921	-73.98303529	1
0	21	8304	336	40.73047747	-73.99906065	487	40.73314259	-73.97573881	2
0	21	383	336	40.73047747	-73.99906065	2003	40.73416059	-73.98024289	1
0	21	23170	473	40.72110063	-73.9919254	236	40.7284186	-73.98713956	1
0	21	44445	294	40.73049393	-73.9957214	362	40.75172632	-73.98753523	2
0	21	64187	390	40.69221589	-73.9842844	147	40.71542197	-74.01121978	1
0	21	35999	414	40.70281858	-73.98765762	387	40.71273266	-74.0046073	2
0	21	6774	173	40.76064679	-73.98442659	469	40.76344058	-73.98268129	1
0	21	41571	302	40.72082834	-73.97793172	504	40.73221853	-73.98165557	1
0	21	30394	308	40.71307916	-73.99851193	401	40.72019576	-73.98997825	1
0	21	289	358	40.73291553	-74.00711384	116	40.74177603	-74.00149746	1
0	21	12796	306	40.70823502	-74.00530063	82	40.71117416	-74.00016545	1
0	21	2977	472	40.7457121	-73.98194829	492	40.75019995	-73.99093085	1
0	21	2852	305	40.76095756	-73.96724467	228	40.7546011026	-73.971878855	1
0	21	9976	305	40.76095756	-73.96724467	466	40.74395411	-73.99144871	1
0	21	36641	445	40.72740794	-73.98142006	127	40.73172428	-74.00674436	2
0	21	16942	323	40.69236178	-73.98631746	310	40.68926942	-73.98912867	1
0	21	64188	401	40.72019576	-73.98997825	239	40.69196566	-73.9813018	1
0	21	34558	389	40.71044554	-73.96525063	389	40.71044554	-73.96525063	1
0	21	9033	509	40.7454973	-74.00197139	293	40.73028666	-73.9907647	1
0	21	7141	323	40.69236178	-73.98631746	270	40.69308257	-73.97178913	1
0	21	1616	376	40.70862144	-74.00722156	316	40.70955958	-74.00653609	1
0	21	953	472	40.7457121	-73.98194829	536	40.74144387	-73.97536082	1
0	21	38247	516	40.75206862	-73.96784384	518	40.74780373	-73.9734419	2
0	21	8595	151	40.7218158	-73.99720307	401	40.72019576	-73.98997825	1
0	21	16284	458	40.751396	-74.005226	293	40.73028666	-73.9907647	1
0	21	43469	82	40.71117416	-74.00016545	361	40.71605866	-73.99190759	1
0	21	23182	415	40.7047177	-74.00926027	306	40.70823502	-74.00530063	2
0	21	16006	151	40.7218158	-73.99720307	224	40.71146364	-74.00552427	1
0	21	12028	469	40.76344058	-73.98268129	472	40.7457121	-73.98194829	1
0	21	5063	402	40.7403432	-73.98955109	462	40.74691959	-74.00451887	1
0	21	4412	285	40.73454567	-73.99074142	459	40.746745	-74.007756	1
0	21	18043	236	40.7284186	-73.98713956	511	40.72938685	-73.97772429	1
0	21	394	312	40.722055	-73.989111	459	40.746745	-74.007756	1
0	21	11096	537	40.74025878	-73.98409214	281	40.7643971	-73.97371465	1
0	21	62912	409	40.6906495	-73.95643107	391	40.69760127	-73.99344559	1
0	21	5784	383	40.735238	-74.000271	212	40.74334935	-74.00681753	2
0	21	9241	358	40.73291553	-74.00711384	251	40.72317958	-73.99480012	1
0	21	42801	368	40.73038599	-74.00214988	516	40.75206862	-73.96784384	1
0	21	23047	507	40.73912601	-73.97973776	528	40.74290902	-73.97706058	1
0	21	11853	490	40.751551	-73.993934	515	40.76009437	-73.99461843	1
0	21	26418	394	40.72521311	-73.97768752	358	40.73291553	-74.00711384	1
0	21	17123	459	40.746745	-74.007756	128	40.72710258	-74.00297088	1
0	21	30671	368	40.73038599	-74.00214988	369	40.73224119	-74.00026394	1
0	21	42033	346	40.73652889	-74.00618026	432	40.72621788	-73.98379855	1
0	21	3678	485	40.75038009	-73.98338988	305	40.76095756	-73.96724467	1
0	21	864	366	40.693261	-73.968896	324	40.689888	-73.981013	1
0	21	25677	355	40.71602118	-73.99974372	433	40.72955361	-73.98057249	2
0	21	47637	2010	40.72165481	-74.00234737	453	40.74475148	-73.99915362	1
0	21	258	312	40.722055	-73.989111	361	40.71605866	-73.99190759	1
0	21	13023	383	40.735238	-74.000271	521	40.75044999	-73.99481051	1
0	21	3440	223	40.73781509	-73.99994661	151	40.7218158	-73.99720307	1
0	21	1663	146	40.71625008	-74.0091059	387	40.71273266	-74.0046073	1
0	21	4704	151	40.7218158	-73.99720307	369	40.73224119	-74.00026394	1
0	21	1816	450	40.76227205	-73.98788205	223	40.73781509	-73.99994661	1
0	21	10656	128	40.72710258	-74.00297088	462	40.74691959	-74.00451887	1
0	21	23842	294	40.73049393	-73.9957214	317	40.72453734	-73.98185424	1
0	21	29428	276	40.71748752	-74.0104554	327	40.7153379	-74.01658354	2
0	21	64189	386	40.71494807	-74.00234482	302	40.72082834	-73.97793172	1
0	21	6169	310	40.68926942	-73.98912867	414	40.70281858	-73.98765762	2
0	21	31311	472	40.7457121	-73.98194829	349	40.71850211	-73.98329859	1
0	21	39042	290	40.76020258	-73.96478473	479	40.76019252	-73.9912551	1
0	21	31499	412	40.7158155	-73.99422366	332	40.71219906	-73.97948148	1
0	21	11911	485	40.75038009	-73.98338988	518	40.74780373	-73.9734419	1
0	21	2356	399	40.68851534	-73.9647628	271	40.68528172	-73.97805813	1
0	21	13436	540	40.74147286	-73.98320928	325	40.73624527	-73.98473765	1
0	21	20918	271	40.68528172	-73.97805813	416	40.68753406	-73.97265183	2
0	21	8128	519	40.75188406	-73.97770164	161	40.72917025	-73.99810231	1
0	21	9163	251	40.72317958	-73.99480012	301	40.72217444	-73.98368779	1
0	21	8006	167	40.7489006	-73.97604882	469	40.76344058	-73.98268129	1
0	21	26128	441	40.756014	-73.967416	513	40.768254	-73.988639	1
0	21	6527	167	40.7489006	-73.97604882	526	40.74765947	-73.98490707	1
0	21	8622	233	40.69246277	-73.98963911	330	40.71450451	-74.00562789	1
0	21	11333	268	40.71910537	-73.99973337	348	40.72490985	-74.00154702	1
0	21	30265	408	40.71076228	-73.99400398	350	40.71559509	-73.9870295	1
0	21	64191	389	40.71044554	-73.96525063	143	40.69239502	-73.99337909	1
0	21	21486	393	40.72299208	-73.97995466	439	40.7262807	-73.98978041	1
0	21	16229	531	40.71893904	-73.99266288	116	40.74177603	-74.00149746	1
0	21	37508	250	40.72456089	-73.99565293	433	40.72955361	-73.98057249	1
0	21	29487	295	40.71406667	-73.99293911	266	40.72368361	-73.97574813	1
0	21	10828	504	40.73221853	-73.98165557	439	40.7262807	-73.98978041	1
0	21	24159	540	40.74147286	-73.98320928	448	40.75660359	-73.9979009	1
0	21	2018	437	40.6809833854	-73.9500479759	344	40.6851443	-73.95380904	1
0	21	20643	446	40.74487634	-73.99529885	515	40.76009437	-73.99461843	1
0	21	11343	450	40.76227205	-73.98788205	515	40.76009437	-73.99461843	1
0	21	38398	495	40.76269882	-73.99301222	458	40.751396	-74.005226	1
0	21	11264	470	40.74345335	-74.00004031	509	40.7454973	-74.00197139	1
0	21	18197	497	40.73704984	-73.99009296	161	40.72917025	-73.99810231	1
0	21	22816	290	40.76020258	-73.96478473	422	40.770513	-73.988038	1
0	21	45845	307	40.71427487	-73.98990025	361	40.71605866	-73.99190759	1
0	21	7246	497	40.73704984	-73.99009296	494	40.74734825	-73.99723551	1
0	21	64193	493	40.7568001	-73.98291153	357	40.73261787	-73.99158043	1
0	21	6958	490	40.751551	-73.993934	488	40.75645824	-73.99372222	1
0	21	6410	469	40.76344058	-73.98268129	479	40.76019252	-73.9912551	1
0	21	16774	515	40.76009437	-73.99461843	488	40.75645824	-73.99372222	1
0	21	27856	433	40.72955361	-73.98057249	444	40.7423543	-73.98915076	1
0	21	18704	362	40.75172632	-73.98753523	546	40.74444921	-73.98303529	1
0	21	51669	428	40.72467721	-73.98783413	412	40.7158155	-73.99422366	2
0	21	362	428	40.72467721	-73.98783413	312	40.722055	-73.989111	2
0	21	17345	168	40.73971301	-73.99456405	462	40.74691959	-74.00451887	1
0	21	28477	174	40.7381765	-73.97738662	285	40.73454567	-73.99074142	1
0	21	18069	466	40.74395411	-73.99144871	463	40.74206539	-74.00443172	1
0	21	5103	236	40.7284186	-73.98713956	401	40.72019576	-73.98997825	1
0	21	20347	495	40.76269882	-73.99301222	453	40.74475148	-73.99915362	1
0	21	2024	303	40.72362738	-73.99949601	293	40.73028666	-73.9907647	1
0	21	2513	358	40.73291553	-74.00711384	327	40.7153379	-74.01658354	1
0	21	28665	404	40.7405826	-74.00550867	478	40.76030096	-73.99884222	1
0	21	4374	401	40.72019576	-73.98997825	307	40.71427487	-73.98990025	1
0	21	23694	388	40.749717753	-74.002950346	127	40.73172428	-74.00674436	1
0	21	6062	282	40.70827295	-73.96834101	2002	40.716887	-73.963198	1
0	21	6967	387	40.71273266	-74.0046073	151	40.7218158	-73.99720307	1
0	21	26188	444	40.7423543	-73.98915076	2004	40.724399	-74.004704	1
0	21	39143	466	40.74395411	-73.99144871	480	40.76669671	-73.99061728	1
0	21	16954	365	40.68223166	-73.9614583	271	40.68528172	-73.97805813	2
0	21	19294	323	40.69236178	-73.98631746	401	40.72019576	-73.98997825	1
0	21	13431	128	40.72710258	-74.00297088	428	40.72467721	-73.98783413	1
0	21	607	479	40.76019252	-73.9912551	510	40.7606597	-73.98042047	1
0	21	29184	301	40.72217444	-73.98368779	461	40.73587678	-73.98205027	1
0	21	10654	293	40.73028666	-73.9907647	476	40.74394314	-73.97966069	1
0	21	25541	391	40.69760127	-73.99344559	217	40.70277159	-73.99383605	1
0	21	20789	504	40.73221853	-73.98165557	150	40.7208736	-73.98085795	1
0	21	7859	265	40.72229346	-73.99147535	355	40.71602118	-73.99974372	1
0	21	22415	152	40.71473993	-74.00910627	285	40.73454567	-73.99074142	1
0	21	13904	403	40.72502876	-73.99069656	326	40.72953837	-73.98426726	1
0	21	3306	317	40.72453734	-73.98185424	297	40.734232	-73.986923	1
0	21	7346	195	40.70905623	-74.01043382	2004	40.724399	-74.004704	1
0	21	20932	271	40.68528172	-73.97805813	366	40.693261	-73.968896	2
0	21	19660	334	40.74238787	-73.99726235	483	40.73223272	-73.98889957	1
0	21	17233	325	40.73624527	-73.98473765	438	40.72779126	-73.98564945	1
0	21	4971	293	40.73028666	-73.9907647	285	40.73454567	-73.99074142	1
0	21	43307	439	40.7262807	-73.98978041	433	40.72955361	-73.98057249	1
0	21	27097	253	40.73543934	-73.99453948	377	40.72243797	-74.00566443	1
0	21	25045	380	40.73401143	-74.00293877	504	40.73221853	-73.98165557	1
0	21	35065	507	40.73912601	-73.97973776	410	40.72066442	-73.98517977	1
0	21	40002	375	40.72679454	-73.99695094	319	40.71336124	-74.00937622	1
0	21	54322	495	40.76269882	-73.99301222	2017	40.75022392	-73.97121414	1
0	21	41506	391	40.69760127	-73.99344559	421	40.69573398	-73.97129668	1
0	21	10974	432	40.72621788	-73.98379855	254	40.73532427	-73.99800419	2
0	21	10266	257	40.71939226	-74.00247214	146	40.71625008	-74.0091059	1
0	21	19929	161	40.72917025	-73.99810231	254	40.73532427	-73.99800419	1
0	21	13785	459	40.746745	-74.007756	116	40.74177603	-74.00149746	1
0	21	4683	161	40.72917025	-73.99810231	382	40.73492695	-73.99200509	2
0	21	42000	368	40.73038599	-74.00214988	150	40.7208736	-73.98085795	1
0	21	8811	497	40.73704984	-73.99009296	252	40.73226398	-73.99852205	1
0	21	16686	195	40.70905623	-74.01043382	284	40.7390169121	-74.0026376103	1
0	21	10504	450	40.76227205	-73.98788205	495	40.76269882	-73.99301222	1
0	21	25188	468	40.7652654	-73.98192338	72	40.76727216	-73.99392888	1
0	21	2725	284	40.7390169121	-74.0026376103	284	40.7390169121	-74.0026376103	2
0	21	27290	350	40.71559509	-73.9870295	301	40.72217444	-73.98368779	1
0	21	27389	505	40.74901271	-73.98848395	472	40.7457121	-73.98194829	1
0	21	3873	504	40.73221853	-73.98165557	293	40.73028666	-73.9907647	1
0	21	44200	233	40.69246277	-73.98963911	143	40.69239502	-73.99337909	1
0	21	7272	285	40.73454567	-73.99074142	284	40.7390169121	-74.0026376103	1
0	21	22723	290	40.76020258	-73.96478473	519	40.75188406	-73.97770164	1
0	21	11705	128	40.72710258	-74.00297088	375	40.72679454	-73.99695094	1
0	21	17457	160	40.748238	-73.978311	116	40.74177603	-74.00149746	1
0	21	16731	316	40.70955958	-74.00653609	327	40.7153379	-74.01658354	2
0	21	13472	528	40.74290902	-73.97706058	323	40.69236178	-73.98631746	1
0	21	33856	455	40.75001986	-73.96905301	455	40.75001986	-73.96905301	1
0	21	8673	2006	40.76590936	-73.97634151	457	40.76695317	-73.98169333	2
0	21	16767	483	40.73223272	-73.98889957	2003	40.73416059	-73.98024289	1
0	21	37836	537	40.74025878	-73.98409214	369	40.73224119	-74.00026394	1
0	21	8750	285	40.73454567	-73.99074142	223	40.73781509	-73.99994661	1
0	21	13742	442	40.746647	-73.993915	537	40.74025878	-73.98409214	1
0	21	13796	2006	40.76590936	-73.97634151	482	40.73935542	-73.99931783	1
0	21	3966	504	40.73221853	-73.98165557	394	40.72521311	-73.97768752	1
0	21	16346	2006	40.76590936	-73.97634151	466	40.74395411	-73.99144871	1
0	21	33090	2003	40.73416059	-73.98024289	336	40.73047747	-73.99906065	1
0	21	4815	285	40.73454567	-73.99074142	375	40.72679454	-73.99695094	1
0	21	13141	228	40.7546011026	-73.971878855	228	40.7546011026	-73.971878855	1
0	21	34479	398	40.69165183	-73.9999786	406	40.69512845	-73.99595065	1
0	21	28828	284	40.7390169121	-74.0026376103	448	40.75660359	-73.9979009	1
0	21	24227	345	40.73649403	-73.99704374	383	40.735238	-74.000271	1
0	21	22102	453	40.74475148	-73.99915362	529	40.7575699	-73.99098507	1
0	21	6111	512	40.7500727	-73.99839279	435	40.74173969	-73.99415556	1
0	21	30012	382	40.73492695	-73.99200509	446	40.74487634	-73.99529885	1
0	21	14073	457	40.76695317	-73.98169333	305	40.76095756	-73.96724467	1
0	21	3439	329	40.72043411	-74.01020609	147	40.71542197	-74.01121978	1
0	21	20601	384	40.68317813	-73.9659641	366	40.693261	-73.968896	1
0	21	7205	528	40.74290902	-73.97706058	507	40.73912601	-73.97973776	1
0	21	1342	453	40.74475148	-73.99915362	462	40.74691959	-74.00451887	1
0	21	17247	375	40.72679454	-73.99695094	336	40.73047747	-73.99906065	1
0	21	16264	447	40.76370739	-73.9851615	513	40.768254	-73.988639	1
0	21	11848	380	40.73401143	-74.00293877	294	40.73049393	-73.9957214	2
0	21	3949	128	40.72710258	-74.00297088	147	40.71542197	-74.01121978	2
0	21	51909	438	40.72779126	-73.98564945	521	40.75044999	-73.99481051	1
0	21	64173	167	40.7489006	-73.97604882	212	40.74334935	-74.00681753	1
0	21	4983	537	40.74025878	-73.98409214	382	40.73492695	-73.99200509	1
0	21	42214	459	40.746745	-74.007756	243	40.687979	-73.978474	1
0	21	64174	294	40.73049393	-73.9957214	316	40.70955958	-74.00653609	1
0	21	12492	463	40.74206539	-74.00443172	487	40.73314259	-73.97573881	1
0	21	41843	475	40.73524276	-73.98758561	380	40.73401143	-74.00293877	1
0	21	18584	444	40.7423543	-73.98915076	495	40.76269882	-73.99301222	1
0	21	22840	346	40.73652889	-74.00618026	346	40.73652889	-74.00618026	1
0	21	27633	532	40.710451	-73.960876	386	40.71494807	-74.00234482	1
0	21	15717	307	40.71427487	-73.98990025	237	40.73047309	-73.98672378	1
0	21	20556	480	40.76669671	-73.99061728	448	40.75660359	-73.9979009	1
0	21	22304	164	40.75323098	-73.97032517	461	40.73587678	-73.98205027	1
0	21	12389	388	40.749717753	-74.002950346	495	40.76269882	-73.99301222	1
0	21	61577	546	40.74444921	-73.98303529	340	40.71269042	-73.98776323	1
0	21	21920	459	40.746745	-74.007756	479	40.76019252	-73.9912551	1
0	21	9461	2008	40.70569254	-74.01677685	2008	40.70569254	-74.01677685	1
0	21	21804	265	40.72229346	-73.99147535	532	40.710451	-73.960876	1
0	21	14569	497	40.73704984	-73.99009296	426	40.71754834	-74.01322069	1
0	21	44467	306	40.70823502	-74.00530063	479	40.76019252	-73.9912551	1
0	21	12775	128	40.72710258	-74.00297088	284	40.7390169121	-74.0026376103	1
0	21	2325	345	40.73649403	-73.99704374	382	40.73492695	-73.99200509	1
0	21	59441	444	40.7423543	-73.98915076	487	40.73314259	-73.97573881	2
0	21	12299	311	40.7172274	-73.98802084	356	40.71622644	-73.98261206	2
0	21	63916	525	40.75594159	-74.0021163	531	40.71893904	-73.99266288	1
0	21	6329	327	40.7153379	-74.01658354	79	40.71911552	-74.00666661	2
0	21	22574	284	40.7390169121	-74.0026376103	252	40.73226398	-73.99852205	1
0	21	16728	274	40.68691865	-73.976682	310	40.68926942	-73.98912867	1
0	21	23592	509	40.7454973	-74.00197139	448	40.75660359	-73.9979009	1
0	21	14084	438	40.72779126	-73.98564945	336	40.73047747	-73.99906065	1
0	21	9321	458	40.751396	-74.005226	448	40.75660359	-73.9979009	1
0	21	5770	147	40.71542197	-74.01121978	3002	40.711512	-74.015756	1
0	21	8549	439	40.7262807	-73.98978041	401	40.72019576	-73.98997825	2
0	21	25884	472	40.7457121	-73.98194829	499	40.76915505	-73.98191841	1
0	21	28906	507	40.73912601	-73.97973776	438	40.72779126	-73.98564945	1
0	21	21303	488	40.75645824	-73.99372222	116	40.74177603	-74.00149746	1
0	21	41008	233	40.69246277	-73.98963911	418	40.70224	-73.982578	1
0	21	21531	540	40.74147286	-73.98320928	528	40.74290902	-73.97706058	2
0	21	26511	268	40.71910537	-73.99973337	276	40.71748752	-74.0104554	1
0	21	11037	449	40.76461837	-73.98789473	470	40.74345335	-74.00004031	1
0	21	30428	228	40.7546011026	-73.971878855	312	40.722055	-73.989111	1
0	21	50489	268	40.71910537	-73.99973337	504	40.73221853	-73.98165557	1
0	21	6932	173	40.76064679	-73.98442659	72	40.76727216	-73.99392888	1
0	21	64175	396	40.680342423	-73.9557689392	284	40.7390169121	-74.0026376103	1
0	21	14580	297	40.734232	-73.986923	545	40.736502	-73.97809472	3
0	21	27721	312	40.722055	-73.989111	356	40.71622644	-73.98261206	1
0	21	14205	285	40.73454567	-73.99074142	301	40.72217444	-73.98368779	1
0	21	64176	2009	40.71117444	-73.99682619	173	40.76064679	-73.98442659	1
0	21	21842	539	40.71534825	-73.96024116	410	40.72066442	-73.98517977	1
0	21	1157	271	40.68528172	-73.97805813	261	40.69474881	-73.98362464	1
0	21	24102	428	40.72467721	-73.98783413	540	40.74147286	-73.98320928	1
0	21	11405	382	40.73492695	-73.99200509	433	40.72955361	-73.98057249	1
0	21	30348	432	40.72621788	-73.98379855	394	40.72521311	-73.97768752	1
0	21	12608	301	40.72217444	-73.98368779	539	40.71534825	-73.96024116	1
0	21	6599	168	40.73971301	-73.99456405	116	40.74177603	-74.00149746	1
0	21	19387	509	40.7454973	-74.00197139	401	40.72019576	-73.98997825	1
0	21	64177	301	40.72217444	-73.98368779	309	40.7149787	-74.013012	1
0	21	54078	494	40.74734825	-73.99723551	358	40.73291553	-74.00711384	2
0	21	9757	435	40.74173969	-73.99415556	334	40.74238787	-73.99726235	1
0	21	32027	461	40.73587678	-73.98205027	528	40.74290902	-73.97706058	1
0	21	6045	475	40.73524276	-73.98758561	116	40.74177603	-74.00149746	2
0	21	2612	402	40.7403432	-73.98955109	285	40.73454567	-73.99074142	1
0	21	30857	349	40.71850211	-73.98329859	410	40.72066442	-73.98517977	1
0	21	39617	468	40.7652654	-73.98192338	528	40.74290902	-73.97706058	1
0	21	3532	423	40.76584941	-73.98690506	488	40.75645824	-73.99372222	1
0	21	35858	301	40.72217444	-73.98368779	404	40.7405826	-74.00550867	1
0	21	22321	528	40.74290902	-73.97706058	317	40.72453734	-73.98185424	2
0	21	55848	233	40.69246277	-73.98963911	289	40.6845683	-73.95881081	1
0	21	40919	309	40.7149787	-74.013012	72	40.76727216	-73.99392888	1
0	21	26497	489	40.75066386	-74.00176802	509	40.7454973	-74.00197139	2
0	21	9477	268	40.71910537	-73.99973337	285	40.73454567	-73.99074142	1
0	21	17688	346	40.73652889	-74.00618026	251	40.72317958	-73.99480012	1
0	21	19893	402	40.7403432	-73.98955109	518	40.74780373	-73.9734419	1
0	21	46419	364	40.68900443	-73.96023854	274	40.68691865	-73.976682	1
0	21	19153	504	40.73221853	-73.98165557	498	40.74854862	-73.98808416	1
0	21	15378	327	40.7153379	-74.01658354	151	40.7218158	-73.99720307	1
0	21	2933	459	40.746745	-74.007756	285	40.73454567	-73.99074142	2
0	21	27519	447	40.76370739	-73.9851615	152	40.71473993	-74.00910627	1
0	21	7579	494	40.74734825	-73.99723551	489	40.75066386	-74.00176802	2
0	21	7953	375	40.72679454	-73.99695094	536	40.74144387	-73.97536082	1
0	21	17228	391	40.69760127	-73.99344559	406	40.69512845	-73.99595065	2
0	21	31353	294	40.73049393	-73.9957214	383	40.735238	-74.000271	2
0	21	32533	347	40.72873888	-74.00748842	432	40.72621788	-73.98379855	1
0	21	32277	167	40.7489006	-73.97604882	280	40.73331967	-73.99510132	1
0	21	14301	459	40.746745	-74.007756	439	40.7262807	-73.98978041	1
0	21	7293	533	40.75299641	-73.98721619	167	40.7489006	-73.97604882	1
0	21	33559	345	40.73649403	-73.99704374	453	40.74475148	-73.99915362	1
0	21	15864	528	40.74290902	-73.97706058	401	40.72019576	-73.98997825	1
0	21	17311	345	40.73649403	-73.99704374	546	40.74444921	-73.98303529	1
0	21	2530	223	40.73781509	-73.99994661	229	40.72743423	-73.99379025	1
0	21	19196	444	40.7423543	-73.98915076	509	40.7454973	-74.00197139	1
0	21	10002	448	40.75660359	-73.9979009	459	40.746745	-74.007756	1
0	21	40119	297	40.734232	-73.986923	450	40.76227205	-73.98788205	1
0	21	7108	466	40.74395411	-73.99144871	482	40.73935542	-73.99931783	1
0	21	33967	233	40.69246277	-73.98963911	233	40.69246277	-73.98963911	1
0	21	3705	410	40.72066442	-73.98517977	348	40.72490985	-74.00154702	1
0	21	30074	453	40.74475148	-73.99915362	479	40.76019252	-73.9912551	1
0	21	16025	229	40.72743423	-73.99379025	293	40.73028666	-73.9907647	1
0	21	7441	293	40.73028666	-73.9907647	357	40.73261787	-73.99158043	1
0	21	20976	497	40.73704984	-73.99009296	72	40.76727216	-73.99392888	1
0	21	20835	497	40.73704984	-73.99009296	528	40.74290902	-73.97706058	1
0	21	1248	368	40.73038599	-74.00214988	293	40.73028666	-73.9907647	1
0	21	20028	404	40.7405826	-74.00550867	303	40.72362738	-73.99949601	1
0	21	22358	254	40.73532427	-73.99800419	82	40.71117416	-74.00016545	1
0	21	8389	345	40.73649403	-73.99704374	358	40.73291553	-74.00711384	1
0	21	625	479	40.76019252	-73.9912551	72	40.76727216	-73.99392888	1
0	21	47359	358	40.73291553	-74.00711384	167	40.7489006	-73.97604882	1
0	21	53817	523	40.75466591	-73.99138152	521	40.75044999	-73.99481051	1
0	21	23525	310	40.68926942	-73.98912867	274	40.68691865	-73.976682	1
0	21	36441	462	40.74691959	-74.00451887	455	40.75001986	-73.96905301	1
0	21	17236	168	40.73971301	-73.99456405	497	40.73704984	-73.99009296	1
0	21	7532	147	40.71542197	-74.01121978	386	40.71494807	-74.00234482	1
0	21	35173	312	40.722055	-73.989111	345	40.73649403	-73.99704374	1
0	21	11819	212	40.74334935	-74.00681753	496	40.73726186	-73.99238967	2
0	21	4912	382	40.73492695	-73.99200509	294	40.73049393	-73.9957214	1
0	21	20941	435	40.74173969	-73.99415556	470	40.74345335	-74.00004031	1
0	21	24375	447	40.76370739	-73.9851615	442	40.746647	-73.993915	1
0	21	28194	325	40.73624527	-73.98473765	537	40.74025878	-73.98409214	1
0	21	8708	430	40.7014851	-73.98656928	317	40.72453734	-73.98185424	1
0	21	45395	481	40.71260486	-73.96264403	460	40.71285887	-73.96590294	1
0	21	13085	404	40.7405826	-74.00550867	426	40.71754834	-74.01322069	1
0	21	22709	483	40.73223272	-73.98889957	223	40.73781509	-73.99994661	1
0	21	346	233	40.69246277	-73.98963911	406	40.69512845	-73.99595065	2
0	21	23099	164	40.75323098	-73.97032517	505	40.74901271	-73.98848395	1
0	21	11808	462	40.74691959	-74.00451887	358	40.73291553	-74.00711384	1
0	21	26814	296	40.71413089	-73.9970468	151	40.7218158	-73.99720307	1
0	21	3731	116	40.74177603	-74.00149746	537	40.74025878	-73.98409214	1
0	21	45481	325	40.73624527	-73.98473765	492	40.75019995	-73.99093085	1
0	21	24162	336	40.73047747	-73.99906065	358	40.73291553	-74.00711384	1
0	21	23179	358	40.73291553	-74.00711384	415	40.7047177	-74.00926027	2
0	21	1299	426	40.71754834	-74.01322069	3002	40.711512	-74.015756	1
0	21	170	500	40.76228826	-73.98336183	449	40.76461837	-73.98789473	1
0	21	37300	507	40.73912601	-73.97973776	412	40.7158155	-73.99422366	1
0	21	15060	405	40.739323	-74.008119	405	40.739323	-74.008119	2
0	21	16338	383	40.735238	-74.000271	382	40.73492695	-73.99200509	1
0	21	95	2021	40.75929124	-73.98859651	515	40.76009437	-73.99461843	2
0	21	37298	2021	40.75929124	-73.98859651	485	40.75038009	-73.98338988	1
0	21	3224	383	40.735238	-74.000271	284	40.7390169121	-74.0026376103	1
0	21	537	2021	40.75929124	-73.98859651	499	40.76915505	-73.98191841	1
0	21	13024	439	40.7262807	-73.98978041	380	40.73401143	-74.00293877	1
0	21	64178	2012	40.739445	-73.976806	259	40.70122128	-74.01234218	1
0	21	24776	317	40.72453734	-73.98185424	545	40.736502	-73.97809472	1
0	21	31379	533	40.75299641	-73.98721619	152	40.71473993	-74.00910627	1
0	21	18348	507	40.73912601	-73.97973776	161	40.72917025	-73.99810231	1
0	21	50797	539	40.71534825	-73.96024116	354	40.69363137	-73.96223558	1
0	21	36406	243	40.687979	-73.978474	442	40.746647	-73.993915	1
0	21	54634	228	40.7546011026	-73.971878855	361	40.71605866	-73.99190759	1
0	21	15628	428	40.72467721	-73.98783413	375	40.72679454	-73.99695094	2
0	21	48798	408	40.71076228	-73.99400398	330	40.71450451	-74.00562789	1
0	21	45808	302	40.72082834	-73.97793172	432	40.72621788	-73.98379855	1
0	21	19419	312	40.722055	-73.989111	146	40.71625008	-74.0091059	2
0	21	6159	280	40.73331967	-73.99510132	368	40.73038599	-74.00214988	1
0	21	64179	262	40.69178232	-73.97372989	395	40.68807003	-73.98410637	1
0	21	6145	151	40.7218158	-73.99720307	355	40.71602118	-73.99974372	1
0	21	12855	528	40.74290902	-73.97706058	290	40.76020258	-73.96478473	1
0	21	32259	296	40.71413089	-73.9970468	360	40.70717936	-74.00887308	1
0	21	16494	415	40.7047177	-74.00926027	487	40.73314259	-73.97573881	1
0	21	5666	537	40.74025878	-73.98409214	469	40.76344058	-73.98268129	1
0	21	4257	461	40.73587678	-73.98205027	435	40.74173969	-73.99415556	1
0	21	5795	347	40.72873888	-74.00748842	3002	40.711512	-74.015756	1
0	21	46100	531	40.71893904	-73.99266288	478	40.76030096	-73.99884222	1
0	21	18030	505	40.74901271	-73.98848395	297	40.734232	-73.986923	1
0	21	17327	531	40.71893904	-73.99266288	368	40.73038599	-74.00214988	1
0	21	33908	531	40.71893904	-73.99266288	128	40.72710258	-74.00297088	1
0	21	57258	223	40.73781509	-73.99994661	528	40.74290902	-73.97706058	1
0	21	7219	301	40.72217444	-73.98368779	307	40.71427487	-73.98990025	1
0	21	448	317	40.72453734	-73.98185424	312	40.722055	-73.989111	1
0	21	33844	435	40.74173969	-73.99415556	382	40.73492695	-73.99200509	1
0	21	41311	521	40.75044999	-73.99481051	83	40.68382604	-73.97632328	1
0	21	41535	376	40.70862144	-74.00722156	363	40.70834698	-74.01713445	2
0	21	36564	317	40.72453734	-73.98185424	496	40.73726186	-73.99238967	1
0	21	17129	315	40.70355377	-74.00670227	417	40.71291224	-74.01020234	1
0	21	36981	304	40.70463334	-74.01361706	264	40.70706456	-74.00731853	1
0	21	3326	448	40.75660359	-73.9979009	468	40.7652654	-73.98192338	1
0	21	64180	412	40.7158155	-73.99422366	366	40.693261	-73.968896	1
0	21	47300	393	40.72299208	-73.97995466	2022	40.75849116	-73.95920622	1
0	21	21647	284	40.7390169121	-74.0026376103	369	40.73224119	-74.00026394	1
0	21	17380	497	40.73704984	-73.99009296	428	40.72467721	-73.98783413	1
0	21	18410	357	40.73261787	-73.99158043	301	40.72217444	-73.98368779	1
0	21	52203	398	40.69165183	-73.9999786	270	40.69308257	-73.97178913	2
0	21	2083	363	40.70834698	-74.01713445	329	40.72043411	-74.01020609	1
0	21	8537	480	40.76669671	-73.99061728	422	40.770513	-73.988038	1
0	21	13699	237	40.73047309	-73.98672378	383	40.735238	-74.000271	3
0	21	14759	444	40.7423543	-73.98915076	494	40.74734825	-73.99723551	1
0	21	10464	284	40.7390169121	-74.0026376103	446	40.74487634	-73.99529885	2
0	21	25563	236	40.7284186	-73.98713956	546	40.74444921	-73.98303529	1
0	21	11126	468	40.7652654	-73.98192338	515	40.76009437	-73.99461843	1
0	21	13959	485	40.75038009	-73.98338988	546	40.74444921	-73.98303529	1
0	21	22818	285	40.73454567	-73.99074142	285	40.73454567	-73.99074142	1
0	21	38147	489	40.75066386	-74.00176802	480	40.76669671	-73.99061728	2
0	21	57370	312	40.722055	-73.989111	486	40.7462009	-73.98855723	2
0	21	19515	168	40.73971301	-73.99456405	450	40.76227205	-73.98788205	1
0	21	32448	455	40.75001986	-73.96905301	290	40.76020258	-73.96478473	2
0	21	6471	3002	40.711512	-74.015756	525	40.75594159	-74.0021163	1
0	21	2376	511	40.72938685	-73.97772429	504	40.73221853	-73.98165557	1
0	21	17679	442	40.746647	-73.993915	326	40.72953837	-73.98426726	1
0	21	2093	380	40.73401143	-74.00293877	345	40.73649403	-73.99704374	1
0	21	5914	486	40.7462009	-73.98855723	442	40.746647	-73.993915	1
0	21	64181	341	40.71782143	-73.97628939	173	40.76064679	-73.98442659	1
0	21	4256	403	40.72502876	-73.99069656	383	40.735238	-74.000271	1
0	21	41849	284	40.7390169121	-74.0026376103	439	40.7262807	-73.98978041	1
0	21	3094	258	40.68940747	-73.96885458	310	40.68926942	-73.98912867	1
0	21	26712	290	40.76020258	-73.96478473	457	40.76695317	-73.98169333	1
0	21	32785	161	40.72917025	-73.99810231	264	40.70706456	-74.00731853	1
0	21	37898	250	40.72456089	-73.99565293	439	40.7262807	-73.98978041	1
0	21	2804	368	40.73038599	-74.00214988	375	40.72679454	-73.99695094	1
0	21	8541	341	40.71782143	-73.97628939	504	40.73221853	-73.98165557	1
0	21	21614	523	40.75466591	-73.99138152	545	40.736502	-73.97809472	1
0	21	2517	280	40.73331967	-73.99510132	382	40.73492695	-73.99200509	1
0	21	30082	453	40.74475148	-73.99915362	461	40.73587678	-73.98205027	1
0	21	5229	435	40.74173969	-73.99415556	472	40.7457121	-73.98194829	2
0	21	2822	487	40.73314259	-73.97573881	545	40.736502	-73.97809472	1
0	21	36240	388	40.749717753	-74.002950346	470	40.74345335	-74.00004031	1
0	21	5094	327	40.7153379	-74.01658354	2008	40.70569254	-74.01677685	2
0	21	33291	488	40.75645824	-73.99372222	2008	40.70569254	-74.01677685	1
0	21	2628	147	40.71542197	-74.01121978	500	40.76228826	-73.98336183	1
0	21	16477	488	40.75645824	-73.99372222	2010	40.72165481	-74.00234737	1
0	21	9095	147	40.71542197	-74.01121978	264	40.70706456	-74.00731853	1
0	21	2070	293	40.73028666	-73.9907647	236	40.7284186	-73.98713956	1
0	21	40830	536	40.74144387	-73.97536082	368	40.73038599	-74.00214988	1
0	21	29079	402	40.7403432	-73.98955109	540	40.74147286	-73.98320928	1
0	21	5853	308	40.71307916	-73.99851193	316	40.70955958	-74.00653609	1
0	21	30923	455	40.75001986	-73.96905301	477	40.75640548	-73.9900262	1
0	21	21876	445	40.72740794	-73.98142006	312	40.722055	-73.989111	1
0	21	43673	2012	40.739445	-73.976806	368	40.73038599	-74.00214988	1
0	21	11689	147	40.71542197	-74.01121978	360	40.70717936	-74.00887308	1
0	21	761	502	40.714215	-73.981346	311	40.7172274	-73.98802084	2
0	21	39904	492	40.75019995	-73.99093085	439	40.7262807	-73.98978041	1
0	21	54607	285	40.73454567	-73.99074142	455	40.75001986	-73.96905301	2
0	21	49489	380	40.73401143	-74.00293877	478	40.76030096	-73.99884222	1
0	21	28821	485	40.75038009	-73.98338988	458	40.751396	-74.005226	1
0	21	10235	380	40.73401143	-74.00293877	490	40.751551	-73.993934	1
0	21	5175	334	40.74238787	-73.99726235	509	40.7454973	-74.00197139	1
0	21	10019	444	40.7423543	-73.98915076	497	40.73704984	-73.99009296	1
0	21	64182	243	40.687979	-73.978474	297	40.734232	-73.986923	1
0	21	21826	223	40.73781509	-73.99994661	236	40.7284186	-73.98713956	1
0	21	51164	345	40.73649403	-73.99704374	419	40.69580705	-73.97355569	1
0	21	55390	496	40.73726186	-73.99238967	393	40.72299208	-73.97995466	1
0	21	30951	313	40.69610226	-73.96751037	384	40.68317813	-73.9659641	1
0	21	22218	536	40.74144387	-73.97536082	507	40.73912601	-73.97973776	1
0	21	47839	531	40.71893904	-73.99266288	302	40.72082834	-73.97793172	1
0	21	36385	345	40.73649403	-73.99704374	501	40.744219	-73.97121214	1
0	21	591	312	40.722055	-73.989111	251	40.72317958	-73.99480012	1
0	21	22	285	40.73454567	-73.99074142	251	40.72317958	-73.99480012	1
0	21	15268	387	40.71273266	-74.0046073	355	40.71602118	-73.99974372	2
0	21	18790	2021	40.75929124	-73.98859651	346	40.73652889	-74.00618026	4
0	21	38103	2023	40.75968085	-73.97031366	160	40.748238	-73.978311	1
0	21	60743	487	40.73314259	-73.97573881	404	40.7405826	-74.00550867	1
0	21	63010	341	40.71782143	-73.97628939	251	40.72317958	-73.99480012	1
0	21	21648	152	40.71473993	-74.00910627	540	40.74147286	-73.98320928	1
0	21	7260	2021	40.75929124	-73.98859651	479	40.76019252	-73.9912551	1
0	21	19843	2021	40.75929124	-73.98859651	512	40.7500727	-73.99839279	1
0	21	16091	454	40.75455731	-73.96592976	2012	40.739445	-73.976806	1
0	21	3641	280	40.73331967	-73.99510132	285	40.73454567	-73.99074142	1
0	21	64183	2009	40.71117444	-73.99682619	356	40.71622644	-73.98261206	1
0	21	5884	545	40.736502	-73.97809472	382	40.73492695	-73.99200509	1
0	21	6257	468	40.7652654	-73.98192338	362	40.75172632	-73.98753523	1
0	21	2243	2009	40.71117444	-73.99682619	330	40.71450451	-74.00562789	1
0	21	3862	488	40.75645824	-73.99372222	463	40.74206539	-74.00443172	1
0	21	26531	474	40.7451677	-73.98683077	285	40.73454567	-73.99074142	1
0	21	48850	346	40.73652889	-74.00618026	312	40.722055	-73.989111	1
0	21	15035	513	40.768254	-73.988639	243	40.687979	-73.978474	1
0	21	31447	150	40.7208736	-73.98085795	294	40.73049393	-73.9957214	1
0	21	19044	512	40.7500727	-73.99839279	528	40.74290902	-73.97706058	1
0	21	57365	446	40.74487634	-73.99529885	229	40.72743423	-73.99379025	1
0	21	32476	252	40.73226398	-73.99852205	300	40.728145	-73.990214	1
0	21	33883	433	40.72955361	-73.98057249	411	40.72228087	-73.97668709	1
0	21	10142	161	40.72917025	-73.99810231	494	40.74734825	-73.99723551	1
0	21	12448	528	40.74290902	-73.97706058	497	40.73704984	-73.99009296	2
0	21	33582	494	40.74734825	-73.99723551	495	40.76269882	-73.99301222	1
0	21	16862	402	40.7403432	-73.98955109	523	40.75466591	-73.99138152	1
0	21	28693	433	40.72955361	-73.98057249	237	40.73047309	-73.98672378	1
0	21	9027	251	40.72317958	-73.99480012	348	40.72490985	-74.00154702	1
0	21	19772	290	40.76020258	-73.96478473	518	40.74780373	-73.9734419	1
0	21	10368	228	40.7546011026	-73.971878855	305	40.76095756	-73.96724467	1
0	21	42805	486	40.7462009	-73.98855723	514	40.76087502	-74.00277668	1
0	21	12248	498	40.74854862	-73.98808416	432	40.72621788	-73.98379855	1
0	21	50562	355	40.71602118	-73.99974372	152	40.71473993	-74.00910627	1
0	21	14897	301	40.72217444	-73.98368779	403	40.72502876	-73.99069656	1
0	21	8001	307	40.71427487	-73.98990025	311	40.7172274	-73.98802084	1
0	21	15549	293	40.73028666	-73.9907647	473	40.72110063	-73.9919254	1
0	21	14092	294	40.73049393	-73.9957214	297	40.734232	-73.986923	1
0	21	14840	546	40.74444921	-73.98303529	493	40.7568001	-73.98291153	1
0	21	49667	2006	40.76590936	-73.97634151	453	40.74475148	-73.99915362	1
0	21	30113	237	40.73047309	-73.98672378	369	40.73224119	-74.00026394	1
0	21	22306	450	40.76227205	-73.98788205	422	40.770513	-73.988038	1
0	21	32172	461	40.73587678	-73.98205027	509	40.7454973	-74.00197139	1
0	21	28127	335	40.72903917	-73.99404649	2004	40.724399	-74.004704	1
0	21	21674	350	40.71559509	-73.9870295	380	40.73401143	-74.00293877	1
0	21	2975	537	40.74025878	-73.98409214	537	40.74025878	-73.98409214	2
0	21	11480	461	40.73587678	-73.98205027	293	40.73028666	-73.9907647	1
0	21	1514	406	40.69512845	-73.99595065	391	40.69760127	-73.99344559	1
0	21	29424	428	40.72467721	-73.98783413	536	40.74144387	-73.97536082	1
0	21	1327	317	40.72453734	-73.98185424	300	40.728145	-73.990214	2
0	21	16366	465	40.75513557	-73.98658032	546	40.74444921	-73.98303529	1
0	21	29325	304	40.70463334	-74.01361706	511	40.72938685	-73.97772429	1
0	21	12374	360	40.70717936	-74.00887308	268	40.71910537	-73.99973337	1
0	21	1443	540	40.74147286	-73.98320928	382	40.73492695	-73.99200509	1
0	21	3997	232	40.69597683	-73.99014892	387	40.71273266	-74.0046073	2
0	21	736	495	40.76269882	-73.99301222	173	40.76064679	-73.98442659	1
0	21	44104	346	40.73652889	-74.00618026	223	40.73781509	-73.99994661	1
0	21	16937	446	40.74487634	-73.99529885	448	40.75660359	-73.9979009	1
0	21	6026	223	40.73781509	-73.99994661	444	40.7423543	-73.98915076	1
0	21	38592	346	40.73652889	-74.00618026	514	40.76087502	-74.00277668	2
0	21	34323	509	40.7454973	-74.00197139	444	40.7423543	-73.98915076	1
0	21	6984	116	40.74177603	-74.00149746	496	40.73726186	-73.99238967	1
0	21	7869	243	40.687979	-73.978474	382	40.73492695	-73.99200509	1
0	21	14747	507	40.73912601	-73.97973776	237	40.73047309	-73.98672378	1
0	21	15272	380	40.73401143	-74.00293877	444	40.7423543	-73.98915076	1
0	21	14658	322	40.696192	-73.991218	310	40.68926942	-73.98912867	1
0	21	32407	444	40.7423543	-73.98915076	428	40.72467721	-73.98783413	1
0	21	37768	486	40.7462009	-73.98855723	72	40.76727216	-73.99392888	1
0	21	32779	385	40.75797322	-73.96603308	79	40.71911552	-74.00666661	1
0	21	64184	319	40.71336124	-74.00937622	302	40.72082834	-73.97793172	1
0	21	25015	489	40.75066386	-74.00176802	358	40.73291553	-74.00711384	1
0	21	42741	284	40.7390169121	-74.0026376103	376	40.70862144	-74.00722156	1
0	21	4011	472	40.7457121	-73.98194829	540	40.74147286	-73.98320928	1
0	21	8108	276	40.71748752	-74.0104554	276	40.71748752	-74.0104554	1
0	21	64185	394	40.72521311	-73.97768752	279	40.69986937	-73.98271933	1
0	21	9688	329	40.72043411	-74.01020609	329	40.72043411	-74.01020609	1
0	21	14166	236	40.7284186	-73.98713956	410	40.72066442	-73.98517977	1
0	21	19603	2021	40.75929124	-73.98859651	528	40.74290902	-73.97706058	1
0	21	4442	368	40.73038599	-74.00214988	454	40.75455731	-73.96592976	1
0	21	13134	293	40.73028666	-73.9907647	401	40.72019576	-73.98997825	1
0	21	13494	426	40.71754834	-74.01322069	459	40.746745	-74.007756	1
0	21	17630	414	40.70281858	-73.98765762	271	40.68528172	-73.97805813	1
0	21	34423	254	40.73532427	-73.99800419	540	40.74147286	-73.98320928	1
0	21	15856	285	40.73454567	-73.99074142	428	40.72467721	-73.98783413	1
0	21	43152	504	40.73221853	-73.98165557	465	40.75513557	-73.98658032	1
0	21	12436	479	40.76019252	-73.9912551	463	40.74206539	-74.00443172	1
0	21	22921	385	40.75797322	-73.96603308	440	40.75255434	-73.97282625	1
0	21	23676	521	40.75044999	-73.99481051	284	40.7390169121	-74.0026376103	1
0	21	37444	380	40.73401143	-74.00293877	152	40.71473993	-74.00910627	1
0	21	242	383	40.735238	-74.000271	116	40.74177603	-74.00149746	1
0	21	182	2022	40.75849116	-73.95920622	545	40.736502	-73.97809472	1
0	21	34821	83	40.68382604	-73.97632328	418	40.70224	-73.982578	1
0	21	17975	380	40.73401143	-74.00293877	545	40.736502	-73.97809472	1
0	21	10778	251	40.72317958	-73.99480012	237	40.73047309	-73.98672378	1
0	21	9790	513	40.768254	-73.988639	488	40.75645824	-73.99372222	1
0	21	83	458	40.751396	-74.005226	382	40.73492695	-73.99200509	1
0	21	10294	459	40.746745	-74.007756	448	40.75660359	-73.9979009	1
0	21	32057	486	40.7462009	-73.98855723	483	40.73223272	-73.98889957	2
0	21	14642	509	40.7454973	-74.00197139	334	40.74238787	-73.99726235	1
0	21	2001	382	40.73492695	-73.99200509	223	40.73781509	-73.99994661	1
0	21	452	384	40.68317813	-73.9659641	120	40.68676793	-73.95928168	1
0	21	29914	316	40.70955958	-74.00653609	316	40.70955958	-74.00653609	1
0	21	25765	293	40.73028666	-73.9907647	487	40.73314259	-73.97573881	1
0	21	52910	233	40.69246277	-73.98963911	244	40.69196035	-73.96536851	2
0	21	10426	251	40.72317958	-73.99480012	358	40.73291553	-74.00711384	1
0	21	12774	545	40.736502	-73.97809472	487	40.73314259	-73.97573881	1
0	21	8913	361	40.71605866	-73.99190759	504	40.73221853	-73.98165557	1
0	21	3912	223	40.73781509	-73.99994661	483	40.73223272	-73.98889957	1
0	21	3981	297	40.734232	-73.986923	521	40.75044999	-73.99481051	1
0	21	13193	276	40.71748752	-74.0104554	293	40.73028666	-73.9907647	1
0	21	5933	414	40.70281858	-73.98765762	217	40.70277159	-73.99383605	1
0	21	19630	382	40.73492695	-73.99200509	515	40.76009437	-73.99461843	1
0	21	64186	365	40.68223166	-73.9614583	261	40.69474881	-73.98362464	2
0	21	450	285	40.73454567	-73.99074142	303	40.72362738	-73.99949601	1
0	21	5147	174	40.7381765	-73.97738662	540	40.74147286	-73.98320928	1
0	21	35000	161	40.72917025	-73.99810231	536	40.74144387	-73.97536082	1
0	21	24101	290	40.76020258	-73.96478473	529	40.7575699	-73.99098507	1
0	21	34668	507	40.73912601	-73.97973776	441	40.756014	-73.967416	1
0	21	12875	356	40.71622644	-73.98261206	531	40.71893904	-73.99266288	1
0	21	42248	356	40.71622644	-73.98261206	308	40.71307916	-73.99851193	1
0	21	27386	472	40.7457121	-73.98194829	472	40.7457121	-73.98194829	1
0	21	21850	326	40.72953837	-73.98426726	528	40.74290902	-73.97706058	1
0	21	50931	293	40.73028666	-73.9907647	2009	40.71117444	-73.99682619	1
0	21	53153	301	40.72217444	-73.98368779	546	40.74444921	-73.98303529	1
0	21	8304	336	40.73047747	-73.99906065	487	40.73314259	-73.97573881	2
0	21	383	336	40.73047747	-73.99906065	2003	40.73416059	-73.98024289	1
0	21	23170	473	40.72110063	-73.9919254	236	40.7284186	-73.98713956	1
0	21	34550	532	40.710451	-73.960876	346	40.73652889	-74.00618026	1
0	21	44445	294	40.73049393	-73.9957214	362	40.75172632	-73.98753523	2
0	21	64187	390	40.69221589	-73.9842844	147	40.71542197	-74.01121978	1
0	21	35999	414	40.70281858	-73.98765762	387	40.71273266	-74.0046073	2
0	21	6774	173	40.76064679	-73.98442659	469	40.76344058	-73.98268129	1
0	21	41571	302	40.72082834	-73.97793172	504	40.73221853	-73.98165557	1
0	21	30394	308	40.71307916	-73.99851193	401	40.72019576	-73.98997825	1
0	21	289	358	40.73291553	-74.00711384	116	40.74177603	-74.00149746	1
0	21	12796	306	40.70823502	-74.00530063	82	40.71117416	-74.00016545	1
0	21	2977	472	40.7457121	-73.98194829	492	40.75019995	-73.99093085	1
0	21	2852	305	40.76095756	-73.96724467	228	40.7546011026	-73.971878855	1
0	21	9976	305	40.76095756	-73.96724467	466	40.74395411	-73.99144871	1
0	21	36641	445	40.72740794	-73.98142006	127	40.73172428	-74.00674436	2
0	21	16942	323	40.69236178	-73.98631746	310	40.68926942	-73.98912867	1
0	21	6887	312	40.722055	-73.989111	427	40.70251526	-74.01427023	1
0	21	64188	401	40.72019576	-73.98997825	239	40.69196566	-73.9813018	1
0	21	34558	389	40.71044554	-73.96525063	389	40.71044554	-73.96525063	1
0	21	9033	509	40.7454973	-74.00197139	293	40.73028666	-73.9907647	1
0	21	7141	323	40.69236178	-73.98631746	270	40.69308257	-73.97178913	1
0	21	1616	376	40.70862144	-74.00722156	316	40.70955958	-74.00653609	1
0	21	953	472	40.7457121	-73.98194829	536	40.74144387	-73.97536082	1
0	21	38247	516	40.75206862	-73.96784384	518	40.74780373	-73.9734419	2
0	21	8595	151	40.7218158	-73.99720307	401	40.72019576	-73.98997825	1
0	21	16284	458	40.751396	-74.005226	293	40.73028666	-73.9907647	1
0	21	43469	82	40.71117416	-74.00016545	361	40.71605866	-73.99190759	1
0	21	23182	415	40.7047177	-74.00926027	306	40.70823502	-74.00530063	2
0	21	16006	151	40.7218158	-73.99720307	224	40.71146364	-74.00552427	1
0	21	12028	469	40.76344058	-73.98268129	472	40.7457121	-73.98194829	1
0	21	17690	266	40.72368361	-73.97574813	2022	40.75849116	-73.95920622	1
0	21	5063	402	40.7403432	-73.98955109	462	40.74691959	-74.00451887	1
0	21	4412	285	40.73454567	-73.99074142	459	40.746745	-74.007756	1
0	21	18043	236	40.7284186	-73.98713956	511	40.72938685	-73.97772429	1
0	21	47463	361	40.71605866	-73.99190759	528	40.74290902	-73.97706058	1
0	21	394	312	40.722055	-73.989111	459	40.746745	-74.007756	1
0	21	11096	537	40.74025878	-73.98409214	281	40.7643971	-73.97371465	1
0	21	62912	409	40.6906495	-73.95643107	391	40.69760127	-73.99344559	1
0	21	5784	383	40.735238	-74.000271	212	40.74334935	-74.00681753	2
0	21	9241	358	40.73291553	-74.00711384	251	40.72317958	-73.99480012	1
0	21	42801	368	40.73038599	-74.00214988	516	40.75206862	-73.96784384	1
0	21	23047	507	40.73912601	-73.97973776	528	40.74290902	-73.97706058	1
0	21	11853	490	40.751551	-73.993934	515	40.76009437	-73.99461843	1
0	21	26418	394	40.72521311	-73.97768752	358	40.73291553	-74.00711384	1
0	21	17123	459	40.746745	-74.007756	128	40.72710258	-74.00297088	1
0	21	30671	368	40.73038599	-74.00214988	369	40.73224119	-74.00026394	1
0	21	42033	346	40.73652889	-74.00618026	432	40.72621788	-73.98379855	1
0	21	3678	485	40.75038009	-73.98338988	305	40.76095756	-73.96724467	1
0	21	864	366	40.693261	-73.968896	324	40.689888	-73.981013	1
0	21	25677	355	40.71602118	-73.99974372	433	40.72955361	-73.98057249	2
0	21	47637	2010	40.72165481	-74.00234737	453	40.74475148	-73.99915362	1
0	21	258	312	40.722055	-73.989111	361	40.71605866	-73.99190759	1
0	21	13023	383	40.735238	-74.000271	521	40.75044999	-73.99481051	1
0	21	3440	223	40.73781509	-73.99994661	151	40.7218158	-73.99720307	1
0	21	1663	146	40.71625008	-74.0091059	387	40.71273266	-74.0046073	1
0	21	4704	151	40.7218158	-73.99720307	369	40.73224119	-74.00026394	1
0	21	40827	495	40.76269882	-73.99301222	522	40.75714758	-73.97207836	1
0	21	1816	450	40.76227205	-73.98788205	223	40.73781509	-73.99994661	1
0	21	10656	128	40.72710258	-74.00297088	462	40.74691959	-74.00451887	1
0	21	23842	294	40.73049393	-73.9957214	317	40.72453734	-73.98185424	1
0	21	29428	276	40.71748752	-74.0104554	327	40.7153379	-74.01658354	2
0	21	14309	475	40.73524276	-73.98758561	511	40.72938685	-73.97772429	1
0	21	64189	386	40.71494807	-74.00234482	302	40.72082834	-73.97793172	1
0	21	6169	310	40.68926942	-73.98912867	414	40.70281858	-73.98765762	2
0	21	16162	412	40.7158155	-73.99422366	430	40.7014851	-73.98656928	1
0	21	31311	472	40.7457121	-73.98194829	349	40.71850211	-73.98329859	1
0	21	39042	290	40.76020258	-73.96478473	479	40.76019252	-73.9912551	1
0	21	31499	412	40.7158155	-73.99422366	332	40.71219906	-73.97948148	1
0	21	64190	449	40.76461837	-73.98789473	403	40.72502876	-73.99069656	1
0	21	11911	485	40.75038009	-73.98338988	518	40.74780373	-73.9734419	1
0	21	2356	399	40.68851534	-73.9647628	271	40.68528172	-73.97805813	1
0	21	13436	540	40.74147286	-73.98320928	325	40.73624527	-73.98473765	1
0	21	20918	271	40.68528172	-73.97805813	416	40.68753406	-73.97265183	2
0	21	8128	519	40.75188406	-73.97770164	161	40.72917025	-73.99810231	1
0	21	9163	251	40.72317958	-73.99480012	301	40.72217444	-73.98368779	1
0	21	8006	167	40.7489006	-73.97604882	469	40.76344058	-73.98268129	1
0	21	26128	441	40.756014	-73.967416	513	40.768254	-73.988639	1
0	21	6527	167	40.7489006	-73.97604882	526	40.74765947	-73.98490707	1
0	21	8622	233	40.69246277	-73.98963911	330	40.71450451	-74.00562789	1
0	21	11333	268	40.71910537	-73.99973337	348	40.72490985	-74.00154702	1
0	21	30265	408	40.71076228	-73.99400398	350	40.71559509	-73.9870295	1
0	21	64191	389	40.71044554	-73.96525063	143	40.69239502	-73.99337909	1
0	21	21486	393	40.72299208	-73.97995466	439	40.7262807	-73.98978041	1
0	21	16229	531	40.71893904	-73.99266288	116	40.74177603	-74.00149746	1
0	21	37508	250	40.72456089	-73.99565293	433	40.72955361	-73.98057249	1
0	21	29487	295	40.71406667	-73.99293911	266	40.72368361	-73.97574813	1
0	21	10828	504	40.73221853	-73.98165557	439	40.7262807	-73.98978041	1
0	21	24159	540	40.74147286	-73.98320928	448	40.75660359	-73.9979009	1
0	21	2018	437	40.6809833854	-73.9500479759	344	40.6851443	-73.95380904	1
0	21	64192	346	40.73652889	-74.00618026	401	40.72019576	-73.98997825	1
0	21	20643	446	40.74487634	-73.99529885	515	40.76009437	-73.99461843	1
0	21	29240	346	40.73652889	-74.00618026	236	40.7284186	-73.98713956	1
0	21	11343	450	40.76227205	-73.98788205	515	40.76009437	-73.99461843	1
0	21	38398	495	40.76269882	-73.99301222	458	40.751396	-74.005226	1
0	21	11264	470	40.74345335	-74.00004031	509	40.7454973	-74.00197139	1
0	21	18197	497	40.73704984	-73.99009296	161	40.72917025	-73.99810231	1
0	21	22816	290	40.76020258	-73.96478473	422	40.770513	-73.988038	1
0	21	45845	307	40.71427487	-73.98990025	361	40.71605866	-73.99190759	1
0	21	7246	497	40.73704984	-73.99009296	494	40.74734825	-73.99723551	1
0	21	64193	493	40.7568001	-73.98291153	357	40.73261787	-73.99158043	1
0	21	6958	490	40.751551	-73.993934	488	40.75645824	-73.99372222	1
0	21	6410	469	40.76344058	-73.98268129	479	40.76019252	-73.9912551	1
0	21	16774	515	40.76009437	-73.99461843	488	40.75645824	-73.99372222	1
0	21	27856	433	40.72955361	-73.98057249	444	40.7423543	-73.98915076	1
0	21	18704	362	40.75172632	-73.98753523	546	40.74444921	-73.98303529	1
0	21	34749	327	40.7153379	-74.01658354	478	40.76030096	-73.99884222	1
0	21	51669	428	40.72467721	-73.98783413	412	40.7158155	-73.99422366	2
0	21	362	428	40.72467721	-73.98783413	312	40.722055	-73.989111	2
0	21	17345	168	40.73971301	-73.99456405	462	40.74691959	-74.00451887	1
0	21	28477	174	40.7381765	-73.97738662	285	40.73454567	-73.99074142	1
0	21	18069	466	40.74395411	-73.99144871	463	40.74206539	-74.00443172	1
0	21	5103	236	40.7284186	-73.98713956	401	40.72019576	-73.98997825	1
0	21	20347	495	40.76269882	-73.99301222	453	40.74475148	-73.99915362	1
0	21	19413	259	40.70122128	-74.01234218	545	40.736502	-73.97809472	1
0	21	2024	303	40.72362738	-73.99949601	293	40.73028666	-73.9907647	1
0	21	2513	358	40.73291553	-74.00711384	327	40.7153379	-74.01658354	1
0	21	1203	405	40.739323	-74.008119	318	40.75320159	-73.9779874	1
0	21	28665	404	40.7405826	-74.00550867	478	40.76030096	-73.99884222	1
0	21	4374	401	40.72019576	-73.98997825	307	40.71427487	-73.98990025	1
0	21	23694	388	40.749717753	-74.002950346	127	40.73172428	-74.00674436	1
0	21	6062	282	40.70827295	-73.96834101	2002	40.716887	-73.963198	1
0	21	6967	387	40.71273266	-74.0046073	151	40.7218158	-73.99720307	1
0	21	26188	444	40.7423543	-73.98915076	2004	40.724399	-74.004704	1
0	21	25241	504	40.73221853	-73.98165557	493	40.7568001	-73.98291153	1
0	21	39143	466	40.74395411	-73.99144871	480	40.76669671	-73.99061728	1
0	21	16954	365	40.68223166	-73.9614583	271	40.68528172	-73.97805813	2
0	21	19294	323	40.69236178	-73.98631746	401	40.72019576	-73.98997825	1
0	21	13431	128	40.72710258	-74.00297088	428	40.72467721	-73.98783413	1
0	21	607	479	40.76019252	-73.9912551	510	40.7606597	-73.98042047	1
0	21	29184	301	40.72217444	-73.98368779	461	40.73587678	-73.98205027	1
0	21	10654	293	40.73028666	-73.9907647	476	40.74394314	-73.97966069	1
0	21	25541	391	40.69760127	-73.99344559	217	40.70277159	-73.99383605	1
0	21	20789	504	40.73221853	-73.98165557	150	40.7208736	-73.98085795	1
0	21	7859	265	40.72229346	-73.99147535	355	40.71602118	-73.99974372	1
0	21	22415	152	40.71473993	-74.00910627	285	40.73454567	-73.99074142	1
0	21	13904	403	40.72502876	-73.99069656	326	40.72953837	-73.98426726	1
0	21	3306	317	40.72453734	-73.98185424	297	40.734232	-73.986923	1
0	21	7346	195	40.70905623	-74.01043382	2004	40.724399	-74.004704	1
0	21	20932	271	40.68528172	-73.97805813	366	40.693261	-73.968896	2
0	21	19660	334	40.74238787	-73.99726235	483	40.73223272	-73.98889957	1
0	21	17233	325	40.73624527	-73.98473765	438	40.72779126	-73.98564945	1
0	21	4971	293	40.73028666	-73.9907647	285	40.73454567	-73.99074142	1
0	21	43307	439	40.7262807	-73.98978041	433	40.72955361	-73.98057249	1
0	21	27097	253	40.73543934	-73.99453948	377	40.72243797	-74.00566443	1
0	21	35012	383	40.735238	-74.000271	361	40.71605866	-73.99190759	1
0	21	25045	380	40.73401143	-74.00293877	504	40.73221853	-73.98165557	1
0	21	35065	507	40.73912601	-73.97973776	410	40.72066442	-73.98517977	1
0	21	10968	486	40.7462009	-73.98855723	465	40.75513557	-73.98658032	2
0	21	51536	481	40.71260486	-73.96264403	445	40.72740794	-73.98142006	1
0	21	40002	375	40.72679454	-73.99695094	319	40.71336124	-74.00937622	1
0	21	54322	495	40.76269882	-73.99301222	2017	40.75022392	-73.97121414	1
0	21	41506	391	40.69760127	-73.99344559	421	40.69573398	-73.97129668	1
0	21	10974	432	40.72621788	-73.98379855	254	40.73532427	-73.99800419	2
0	21	10266	257	40.71939226	-74.00247214	146	40.71625008	-74.0091059	1
0	21	19929	161	40.72917025	-73.99810231	254	40.73532427	-73.99800419	1
0	21	22742	410	40.72066442	-73.98517977	539	40.71534825	-73.96024116	2
0	21	13785	459	40.746745	-74.007756	116	40.74177603	-74.00149746	1
0	21	4683	161	40.72917025	-73.99810231	382	40.73492695	-73.99200509	2
0	21	6437	432	40.72621788	-73.98379855	537	40.74025878	-73.98409214	2
0	21	42000	368	40.73038599	-74.00214988	150	40.7208736	-73.98085795	1
0	21	8811	497	40.73704984	-73.99009296	252	40.73226398	-73.99852205	1
0	21	58748	439	40.7262807	-73.98978041	83	40.68382604	-73.97632328	1
0	21	16686	195	40.70905623	-74.01043382	284	40.7390169121	-74.0026376103	1
0	21	30985	521	40.75044999	-73.99481051	2009	40.71117444	-73.99682619	1
0	21	10504	450	40.76227205	-73.98788205	495	40.76269882	-73.99301222	1
0	21	16801	430	40.7014851	-73.98656928	539	40.71534825	-73.96024116	1
0	21	25188	468	40.7652654	-73.98192338	72	40.76727216	-73.99392888	1
0	21	2725	284	40.7390169121	-74.0026376103	284	40.7390169121	-74.0026376103	2
0	21	59564	143	40.69239502	-73.99337909	258	40.68940747	-73.96885458	1
0	21	27290	350	40.71559509	-73.9870295	301	40.72217444	-73.98368779	1
0	21	34837	383	40.735238	-74.000271	401	40.72019576	-73.98997825	1
0	21	34352	217	40.70277159	-73.99383605	467	40.68312489	-73.97895137	1
0	21	27389	505	40.74901271	-73.98848395	472	40.7457121	-73.98194829	1
0	21	2522	509	40.7454973	-74.00197139	426	40.71754834	-74.01322069	1
0	21	35910	453	40.74475148	-73.99915362	528	40.74290902	-73.97706058	1
0	21	3873	504	40.73221853	-73.98165557	293	40.73028666	-73.9907647	1
0	21	54106	509	40.7454973	-74.00197139	423	40.76584941	-73.98690506	1
0	21	21821	509	40.7454973	-74.00197139	309	40.7149787	-74.013012	1
0	21	44200	233	40.69246277	-73.98963911	143	40.69239502	-73.99337909	1
0	21	7272	285	40.73454567	-73.99074142	284	40.7390169121	-74.0026376103	1
0	21	38744	499	40.76915505	-73.98191841	361	40.71605866	-73.99190759	1
0	21	41439	479	40.76019252	-73.9912551	147	40.71542197	-74.01121978	1
0	21	22723	290	40.76020258	-73.96478473	519	40.75188406	-73.97770164	1
0	21	39010	128	40.72710258	-74.00297088	528	40.74290902	-73.97706058	1
0	21	11705	128	40.72710258	-74.00297088	375	40.72679454	-73.99695094	1
0	21	37869	444	40.7423543	-73.98915076	394	40.72521311	-73.97768752	1
0	21	14556	457	40.76695317	-73.98169333	469	40.76344058	-73.98268129	1
0	21	17457	160	40.748238	-73.978311	116	40.74177603	-74.00149746	1
0	21	37061	466	40.74395411	-73.99144871	469	40.76344058	-73.98268129	1
0	21	16731	316	40.70955958	-74.00653609	327	40.7153379	-74.01658354	2
0	21	1484	305	40.76095756	-73.96724467	422	40.770513	-73.988038	2
0	21	40319	325	40.73624527	-73.98473765	454	40.75455731	-73.96592976	1
0	21	13472	528	40.74290902	-73.97706058	323	40.69236178	-73.98631746	1
0	21	33856	455	40.75001986	-73.96905301	455	40.75001986	-73.96905301	1
0	21	10258	297	40.734232	-73.986923	228	40.7546011026	-73.971878855	2
0	21	8673	2006	40.76590936	-73.97634151	457	40.76695317	-73.98169333	2
0	21	16767	483	40.73223272	-73.98889957	2003	40.73416059	-73.98024289	1
0	21	37836	537	40.74025878	-73.98409214	369	40.73224119	-74.00026394	1
0	21	8750	285	40.73454567	-73.99074142	223	40.73781509	-73.99994661	1
0	21	13742	442	40.746647	-73.993915	537	40.74025878	-73.98409214	1
0	21	34457	512	40.7500727	-73.99839279	329	40.72043411	-74.01020609	1
0	21	13796	2006	40.76590936	-73.97634151	482	40.73935542	-73.99931783	1
0	21	3966	504	40.73221853	-73.98165557	394	40.72521311	-73.97768752	1
0	21	16346	2006	40.76590936	-73.97634151	466	40.74395411	-73.99144871	1
0	21	10788	157	40.69089272	-73.99612349	2000	40.70255088	-73.98940236	1
0	21	33090	2003	40.73416059	-73.98024289	336	40.73047747	-73.99906065	1
0	21	4815	285	40.73454567	-73.99074142	375	40.72679454	-73.99695094	2
0	21	51237	259	40.70122128	-74.01234218	2012	40.739445	-73.976806	1
0	21	8320	517	40.75149263	-73.97798848	458	40.751396	-74.005226	1
0	21	13141	228	40.7546011026	-73.971878855	228	40.7546011026	-73.971878855	1
0	21	34479	398	40.69165183	-73.9999786	406	40.69512845	-73.99595065	1
0	21	17579	519	40.75188406	-73.97770164	512	40.7500727	-73.99839279	2
0	21	24944	486	40.7462009	-73.98855723	479	40.76019252	-73.9912551	1
0	21	28828	284	40.7390169121	-74.0026376103	448	40.75660359	-73.9979009	1
0	21	23706	423	40.76584941	-73.98690506	454	40.75455731	-73.96592976	1
0	21	3431	383	40.735238	-74.000271	433	40.72955361	-73.98057249	2
0	21	24227	345	40.73649403	-73.99704374	383	40.735238	-74.000271	1
0	21	43197	358	40.73291553	-74.00711384	512	40.7500727	-73.99839279	1
0	21	7781	375	40.72679454	-73.99695094	472	40.7457121	-73.98194829	1
0	21	40704	355	40.71602118	-73.99974372	127	40.73172428	-74.00674436	2
0	21	22102	453	40.74475148	-73.99915362	529	40.7575699	-73.99098507	1
0	21	64194	492	40.75019995	-73.99093085	406	40.69512845	-73.99595065	1
0	21	25841	383	40.735238	-74.000271	450	40.76227205	-73.98788205	1
0	21	6111	512	40.7500727	-73.99839279	435	40.74173969	-73.99415556	1
0	21	35948	300	40.728145	-73.990214	469	40.76344058	-73.98268129	1
0	21	30613	297	40.734232	-73.986923	394	40.72521311	-73.97768752	1
0	21	31946	363	40.70834698	-74.01713445	480	40.76669671	-73.99061728	1
0	21	25179	355	40.71602118	-73.99974372	461	40.73587678	-73.98205027	1
0	21	19742	531	40.71893904	-73.99266288	301	40.72217444	-73.98368779	1
0	21	14064	450	40.76227205	-73.98788205	2006	40.76590936	-73.97634151	1
0	21	39189	510	40.7606597	-73.98042047	128	40.72710258	-74.00297088	1
0	21	30012	382	40.73492695	-73.99200509	446	40.74487634	-73.99529885	1
0	21	64195	480	40.76669671	-73.99061728	160	40.748238	-73.978311	1
0	21	14073	457	40.76695317	-73.98169333	305	40.76095756	-73.96724467	1
0	21	9107	368	40.73038599	-74.00214988	285	40.73454567	-73.99074142	1
0	21	8819	432	40.72621788	-73.98379855	347	40.72873888	-74.00748842	1
0	21	32434	465	40.75513557	-73.98658032	404	40.7405826	-74.00550867	1
0	21	15294	228	40.7546011026	-73.971878855	458	40.751396	-74.005226	1
0	21	10831	116	40.74177603	-74.00149746	434	40.74317449	-74.00366443	1
0	21	5706	323	40.69236178	-73.98631746	285	40.73454567	-73.99074142	1
0	21	14704	250	40.72456089	-73.99565293	285	40.73454567	-73.99074142	1
0	21	3821	465	40.75513557	-73.98658032	505	40.74901271	-73.98848395	1
0	21	47907	137	40.761628	-73.972924	494	40.74734825	-73.99723551	1
0	21	62636	479	40.76019252	-73.9912551	438	40.72779126	-73.98564945	1
0	21	8791	265	40.72229346	-73.99147535	293	40.73028666	-73.9907647	1
0	21	24724	486	40.7462009	-73.98855723	161	40.72917025	-73.99810231	1
0	21	17868	152	40.71473993	-74.00910627	363	40.70834698	-74.01713445	1
0	21	3439	329	40.72043411	-74.01020609	147	40.71542197	-74.01121978	1
0	21	64196	440	40.75255434	-73.97282625	487	40.73314259	-73.97573881	1
0	21	34078	455	40.75001986	-73.96905301	2022	40.75849116	-73.95920622	2
0	21	21382	293	40.73028666	-73.9907647	482	40.73935542	-73.99931783	1
0	21	34496	460	40.71285887	-73.96590294	460	40.71285887	-73.96590294	2
0	21	41950	384	40.68317813	-73.9659641	253	40.73543934	-73.99453948	1
0	21	9723	228	40.7546011026	-73.971878855	507	40.73912601	-73.97973776	1
0	21	33464	116	40.74177603	-74.00149746	515	40.76009437	-73.99461843	1
0	21	64197	384	40.68317813	-73.9659641	243	40.687979	-73.978474	1
0	21	3507	375	40.72679454	-73.99695094	312	40.722055	-73.989111	1
0	21	7504	128	40.72710258	-74.00297088	280	40.73331967	-73.99510132	1
0	21	1474	488	40.75645824	-73.99372222	498	40.74854862	-73.98808416	1
0	21	33403	296	40.71413089	-73.9970468	301	40.72217444	-73.98368779	1
0	21	6210	357	40.73261787	-73.99158043	445	40.72740794	-73.98142006	1
0	21	20601	384	40.68317813	-73.9659641	366	40.693261	-73.968896	1
0	21	7205	528	40.74290902	-73.97706058	507	40.73912601	-73.97973776	1
0	21	41052	345	40.73649403	-73.99704374	517	40.75149263	-73.97798848	1
0	21	24057	432	40.72621788	-73.98379855	380	40.73401143	-74.00293877	1
0	21	28300	2008	40.70569254	-74.01677685	426	40.71754834	-74.01322069	2
0	21	18884	528	40.74290902	-73.97706058	237	40.73047309	-73.98672378	1
0	21	20915	254	40.73532427	-73.99800419	325	40.73624527	-73.98473765	1
0	21	5612	475	40.73524276	-73.98758561	482	40.73935542	-73.99931783	1
0	21	46752	326	40.72953837	-73.98426726	311	40.7172274	-73.98802084	1
0	21	62129	509	40.7454973	-74.00197139	311	40.7172274	-73.98802084	1
0	21	46677	212	40.74334935	-74.00681753	404	40.7405826	-74.00550867	2
0	21	24215	160	40.748238	-73.978311	486	40.7462009	-73.98855723	1
0	21	41530	402	40.7403432	-73.98955109	393	40.72299208	-73.97995466	1
0	21	26177	276	40.71748752	-74.0104554	257	40.71939226	-74.00247214	1
0	21	153	444	40.7423543	-73.98915076	448	40.75660359	-73.9979009	1
0	21	947	521	40.75044999	-73.99481051	116	40.74177603	-74.00149746	1
0	21	7828	293	40.73028666	-73.9907647	380	40.73401143	-74.00293877	1
0	21	52647	160	40.748238	-73.978311	359	40.75510267	-73.97498696	1
0	21	7973	475	40.73524276	-73.98758561	369	40.73224119	-74.00026394	1
0	21	18664	335	40.72903917	-73.99404649	505	40.74901271	-73.98848395	1
0	21	28500	497	40.73704984	-73.99009296	305	40.76095756	-73.96724467	2
0	21	52391	330	40.71450451	-74.00562789	394	40.72521311	-73.97768752	1
0	21	49331	334	40.74238787	-73.99726235	507	40.73912601	-73.97973776	1
0	21	37157	449	40.76461837	-73.98789473	515	40.76009437	-73.99461843	1
0	21	5866	151	40.7218158	-73.99720307	79	40.71911552	-74.00666661	1
0	21	64198	322	40.696192	-73.991218	426	40.71754834	-74.01322069	3
0	21	22955	127	40.73172428	-74.00674436	498	40.74854862	-73.98808416	1
0	21	64199	296	40.71413089	-73.9970468	508	40.76341379	-73.99667444	1
0	21	1342	453	40.74475148	-73.99915362	462	40.74691959	-74.00451887	1
0	21	12015	293	40.73028666	-73.9907647	336	40.73047747	-73.99906065	1
0	21	46277	528	40.74290902	-73.97706058	369	40.73224119	-74.00026394	1
0	21	17247	375	40.72679454	-73.99695094	336	40.73047747	-73.99906065	1
0	21	11086	466	40.74395411	-73.99144871	479	40.76019252	-73.9912551	1
0	21	6716	284	40.7390169121	-74.0026376103	447	40.76370739	-73.9851615	1
0	21	15524	167	40.7489006	-73.97604882	507	40.73912601	-73.97973776	1
0	21	24754	482	40.73935542	-73.99931783	479	40.76019252	-73.9912551	1
0	21	14445	367	40.75828065	-73.97069431	160	40.748238	-73.978311	1
0	21	30476	120	40.68676793	-73.95928168	364	40.68900443	-73.96023854	1
0	21	5528	284	40.7390169121	-74.0026376103	375	40.72679454	-73.99695094	1
0	21	59233	302	40.72082834	-73.97793172	475	40.73524276	-73.98758561	1
0	21	48511	224	40.71146364	-74.00552427	229	40.72743423	-73.99379025	1
0	21	21057	247	40.73535398	-74.00483091	236	40.7284186	-73.98713956	1
0	21	9981	459	40.746745	-74.007756	284	40.7390169121	-74.0026376103	1
0	21	11076	402	40.7403432	-73.98955109	174	40.7381765	-73.97738662	1
0	21	14264	348	40.72490985	-74.00154702	276	40.71748752	-74.0104554	1
0	21	15780	461	40.73587678	-73.98205027	285	40.73454567	-73.99074142	1
0	21	42995	293	40.73028666	-73.9907647	330	40.71450451	-74.00562789	1
0	21	8580	404	40.7405826	-74.00550867	458	40.751396	-74.005226	1
0	21	9061	294	40.73049393	-73.9957214	285	40.73454567	-73.99074142	1
0	21	6463	308	40.71307916	-73.99851193	494	40.74734825	-73.99723551	1
0	21	1876	369	40.73224119	-74.00026394	368	40.73038599	-74.00214988	1
0	21	43178	284	40.7390169121	-74.0026376103	468	40.7652654	-73.98192338	1
0	21	3626	268	40.71910537	-73.99973337	341	40.71782143	-73.97628939	1
0	21	16576	497	40.73704984	-73.99009296	251	40.72317958	-73.99480012	1
0	21	14375	150	40.7208736	-73.98085795	323	40.69236178	-73.98631746	1
0	21	11903	153	40.752062307	-73.9816324043	472	40.7457121	-73.98194829	1
0	21	22458	459	40.746745	-74.007756	487	40.73314259	-73.97573881	1
0	21	3190	482	40.73935542	-73.99931783	463	40.74206539	-74.00443172	1
0	21	59719	503	40.73827428	-73.98751968	521	40.75044999	-73.99481051	1
0	21	48873	353	40.68539567	-73.97431458	406	40.69512845	-73.99595065	1
0	21	49686	498	40.74854862	-73.98808416	284	40.7390169121	-74.0026376103	1
0	21	10865	389	40.71044554	-73.96525063	532	40.710451	-73.960876	1
0	21	18232	435	40.74173969	-73.99415556	284	40.7390169121	-74.0026376103	1
0	21	7810	355	40.71602118	-73.99974372	151	40.7218158	-73.99720307	1
